0.0000000000,0.0026416339,-0.0129417134,-0.0190156177,0.0880412161,0.0700528696,-0.0032123313
0.0099029541,-0.0039731110,-0.0150440065,-0.0143301571,0.0783262700,0.0817231089,0.0095375525
0.0201150179,-0.0057289149,-0.0016407770,-0.0184581354,0.0762255639,0.0785422325,0.0127218934
0.0301320553,-0.0005899214,0.0019816281,-0.0176401809,0.0645380169,0.0741785094,0.0106024165
0.0402150154,-0.0023201250,-0.0003049736,-0.0178305581,0.0537961051,0.0815535933,0.0169798881
0.0502749681,-0.0040796841,-0.0095237708,-0.0189853385,0.0367673188,0.0771950707,0.0222910307
0.0604879856,0.0049644266,-0.0160254929,-0.0201242641,0.0101375459,0.0727515146,0.0276057012
0.0707240105,0.0051663970,-0.0208154712,-0.0203442052,-0.0070659416,0.0853136480,0.0244309474
0.0805400610,-0.0094353100,-0.0169575159,-0.0187339261,-0.0168486126,0.1033228114,0.0329362191
0.0905799866,-0.0105693778,-0.0160848629,-0.0161812976,-0.0288341679,0.1275956631,0.0287041888
0.1005699635,-0.0138093075,-0.0162677076,-0.0117253745,-0.0299654007,0.1339524239,0.0287075844
0.1108139753,-0.0141877076,-0.0193762723,-0.0043438757,-0.0289643183,0.1403000653,0.0244633034
0.1207079887,-0.0107114157,-0.0194937084,0.0059317863,-0.0225971509,0.1435189545,0.0212771650
0.1309900284,-0.0081577441,-0.0244899560,0.0094134128,-0.0161230080,0.1361063123,0.0149010252
0.1471129656,-0.0016114557,-0.0274335053,0.0090321815,-0.0011395840,0.1319711059,0.0117106913
0.1513609886,-0.0008673811,-0.0293266345,0.0047671115,0.0053548007,0.1224226058,0.0032098813
0.1617640257,0.0039150571,-0.0360562056,-0.0004162870,0.0151129169,0.1065579504,-0.0021106484
0.1712020636,0.0243470818,-0.0239743087,0.0006996907,0.0216813367,0.0895755067,-0.0116769895
0.1810350418,0.0239908844,-0.0188621115,0.0015891708,0.0282635521,0.0715380460,-0.0201811288
0.1911170483,0.0271055549,-0.0112407571,0.0036816515,0.0358767323,0.0566730835,-0.0318702757
0.2012959719,0.0274774581,-0.0112407906,0.0081176078,0.0381377563,0.0439458340,-0.0340008028
0.2113590240,0.0216734558,-0.0106291687,0.0124799525,0.0424691215,0.0376032516,-0.0361286700
0.2213740349,0.0192109197,-0.0080327978,0.0127721941,0.0424798802,0.0365137532,-0.0403756127
0.2314800024,0.0143968919,-0.0026827781,0.0112413680,0.0382662266,0.0311922226,-0.0371918008
0.2415469885,0.0065983390,-0.0046461252,0.0165609643,0.0233038403,0.0331770778,-0.0382490791
0.2516679764,0.0044627641,-0.0004110103,0.0159222409,-0.0055427216,0.0360807218,-0.0424874984
0.2617529631,-0.0002193296,-0.0066949865,0.0114939129,0.0095552988,0.2312396318,-0.0753094330
0.2718390226,-0.1237433404,-0.0224601459,0.0038628497,0.0027980600,0.3710446656,-0.1060300618
0.2818169594,-0.1940464824,-0.0451171771,-0.0037535510,-0.0633326024,0.1574836373,-0.0604620390
0.2919510603,-0.0556566268,-0.0241537821,0.0010769286,-0.0896925628,0.0205172747,-0.0382259749
0.3019750118,0.0340184122,-0.0074295914,-0.0010557852,-0.0881906748,0.0830226615,-0.0551822521
0.3120729923,-0.0258477181,0.0011414449,-0.0065795863,-0.1096008942,0.0891537890,-0.0626063496
0.3220870495,-0.0062568630,0.0098573426,-0.0000681363,-0.1245698780,0.0911125541,-0.0679124296
0.3322210312,-0.0149546107,0.0076183835,0.0034702339,-0.1395096779,0.0909820497,-0.0679087043
0.3422449827,-0.0077491249,0.0105520682,0.0129758036,-0.1479789317,0.0846041143,-0.0583538786
0.3522920609,-0.0067979838,0.0082981708,0.0184550807,-0.1649704427,0.0771318153,-0.0424263105
0.3623529673,0.0102607468,0.0077751735,0.0227933452,-0.1680140644,0.0623321012,-0.0296905451
0.3724470139,0.0153004387,0.0150998803,0.0319086835,-0.1540524364,0.0540137142,-0.0222656503
0.3824750185,0.0103368619,0.0287163127,0.0331277177,-0.1454603374,0.0488466509,-0.0127152894
0.3925889730,0.0064256941,0.0303432290,0.0340155289,-0.1402072459,0.0574159026,-0.0074033486
0.4026249647,-0.0001864874,0.0278950017,0.0375842378,-0.1338382661,0.0617980659,0.0053396779
0.4128299952,0.0041640853,0.0325815044,0.0451579019,-0.0995559245,0.0494473949,0.0180663913
0.4227659702,0.0064958190,0.0366149470,0.0498070046,-0.0565978922,0.0233781748,0.0307841171
0.4328579903,0.0159098059,0.0420394428,0.0555312559,-0.0373213962,0.0172353275,0.0392705500
0.4428789616,0.0133954445,0.0370713621,0.0602329895,-0.0084278574,0.0101643689,0.0551861301
0.4529910088,0.0147905210,0.0311981980,0.0542184636,0.0162242260,-0.0002105078,0.0583600886
0.4630099535,0.0213603526,0.0291098226,0.0473266169,0.0410328507,-0.0265277307,0.0572784431
0.4731630087,0.0262377113,0.0222939122,0.0424782559,0.0517984107,-0.0360043235,0.0540855788
0.4831509590,0.0234987289,0.0204391871,0.0386385247,0.0540794358,-0.0509029105,0.0445222370
0.4932810068,0.0256520957,0.0097520920,0.0348380134,0.0594901815,-0.0582764074,0.0455789790
0.5035469532,0.0248252302,0.0048757056,0.0329325721,0.0680411905,-0.0592569187,0.0466391146
0.5136070251,0.0247745067,0.0037479633,0.0241464898,0.0615942143,-0.0550896041,0.0434574373
0.5234529972,0.0198215097,-0.0032307645,0.0114426529,0.0466491356,-0.0552537851,0.0381512195
0.5334720612,0.0187320560,-0.0034727259,0.0045688068,0.0230615214,-0.0449042097,0.0296679866
0.5435960293,0.0095954398,-0.0048472984,0.0063530123,0.0027106553,-0.0376753248,0.0264916345
0.5536010265,0.0052359258,-0.0062385676,0.0081267273,-0.0122935949,-0.0314467251,0.0254367571
0.5636759996,0.0047975932,-0.0038527278,0.0059986627,-0.0241545700,-0.0198834110,0.0243820120
0.5737440586,0.0002648091,0.0016328293,0.0077048456,-0.0242877267,-0.0060211262,0.0350069590
0.5838190317,0.0016019797,0.0052926103,0.0026208677,-0.0231947936,-0.0081425337,0.0339456238
0.5939880610,0.0049484824,0.0070862221,-0.0014648519,-0.0189060383,-0.0102411043,0.0318198875
0.6039309502,0.0045516347,0.0100789191,0.0003481425,-0.0093427850,-0.0059209242,0.0307586193
0.6140760183,0.0051665758,0.0161147993,0.0012020982,-0.0039964905,-0.0069353227,0.0307567548
0.6240580082,0.0030496574,0.0134317623,0.0031143941,-0.0018407945,-0.0090245055,0.0328784287
0.6341489553,0.0019870258,0.0030699084,0.0060536182,0.0088145137,-0.0067400457,0.0434948541
0.6441990137,0.0008928335,0.0063982615,0.0128521239,0.0237550884,-0.0065671401,0.0498610735
0.6543279886,0.0009372390,0.0106473910,0.0148228323,0.0291663632,-0.0139337108,0.0519796200
0.6643249989,0.0039250408,0.0060482705,0.0119527495,0.0301996432,-0.0107833911,0.0456106029
0.6744179726,0.0000492191,0.0014381829,0.0109989559,0.0356178433,-0.0192594323,0.0402959995
0.6844409704,0.0000981546,0.0006579431,0.0149356639,0.0367405005,-0.0245630518,0.0392322652
0.6945430040,0.0002083039,-0.0051164282,0.0159510300,0.0336456411,-0.0352010503,0.0392277390
0.7045470476,0.0043713902,-0.0088898605,0.0189850852,0.0326651447,-0.0436775573,0.0424090810
0.7146660089,0.0007757700,-0.0046297153,0.0161613747,0.0391089320,-0.0478864163,0.0392199457
0.7247250080,-0.0028281652,-0.0054162247,0.0104110157,0.0188559368,-0.0513427332,0.0243574455
0.7347970009,-0.0025274896,-0.0132444231,0.0154085672,0.0092405928,-0.0503725447,0.0232985727
0.7448450327,0.0016282356,-0.0103074377,0.0184195563,0.0081089623,-0.0440583229,0.0169321522
0.7549359798,-0.0000051999,-0.0082828840,0.0194882676,0.0049821446,-0.0515133068,0.0169292223
0.7649899721,0.0052468930,-0.0150031475,0.0235329792,0.0071686534,-0.0567779802,0.0201105010
0.7750489712,0.0095897177,-0.0099033257,0.0256392285,0.0179134421,-0.0641256422,0.0179805048
0.7851079702,0.0139738182,-0.0075735403,0.0209571645,0.0318895802,-0.0746418685,0.0137241744
0.7952409983,0.0165744871,-0.0071127852,0.0153409159,0.0522779413,-0.0861911997,0.0052188369
0.8052510023,0.0134510556,-0.0035452461,0.0136576807,0.0736514851,-0.0892230049,-0.0000964997
0.8153430223,0.0093493024,-0.0026394865,0.0041988408,0.0875848830,-0.0955093950,-0.0064739715
0.8253489733,0.0101476470,-0.0065900972,-0.0013500535,0.0908922851,-0.1061055139,-0.0086035011
0.8354610205,0.0168743283,-0.0104969991,-0.0039219344,0.1026173830,-0.1049766019,-0.0139149101
0.8459000587,0.0107300440,-0.0093896827,-0.0075677121,0.1025803983,-0.1018415987,-0.0213463940
0.8556050062,0.0124043683,-0.0134055009,-0.0141225541,0.0877295434,-0.1116111353,-0.0351508930
0.8656840324,0.0091384510,-0.0147446571,-0.0197516158,0.0684956312,-0.1097549796,-0.0500091314
0.8756979704,0.0019044435,-0.0104372790,-0.0205525234,0.0566474944,-0.0992890224,-0.0563716888
0.8857879639,-0.0024180256,-0.0101511059,-0.0184370354,0.0480223186,-0.0908887461,-0.0584895685
0.8958300352,0.0001410997,-0.0079736589,-0.0172598436,0.0479259118,-0.0813466385,-0.0595465787
0.9059330225,-0.0062123681,-0.0067193462,-0.0151693309,0.0424589999,-0.0686884373,-0.0637865290
0.9159840345,-0.0117658814,-0.0064017763,-0.0131181562,0.0359390490,-0.0570733249,-0.0637790710
0.9264030457,-0.0055158283,-0.0052515371,-0.0129775489,0.0241805539,-0.0550827459,-0.0680210888
0.9361729622,-0.0032122873,-0.0040520905,-0.0138353789,0.0294400305,-0.0476298891,-0.0712040961
0.9461510181,-0.0087354621,0.0030231224,-0.0157023147,0.0336407945,-0.0412465557,-0.0743881762
0.9562729597,-0.0083294054,0.0071602734,-0.0136278355,0.0357633345,-0.0401807576,-0.0765117779
0.9662920237,-0.0039650942,0.0064676451,-0.0115060294,0.0410784408,-0.0380195417,-0.0775733814
0.9763729572,-0.0035647594,0.0087033557,-0.0094171846,0.0432222858,-0.0390757509,-0.0796980560
0.9864900112,-0.0030414306,0.0069812546,-0.0092462981,0.0336949378,-0.0465874597,-0.0796985775
0.9965480566,0.0024973012,0.0041887509,-0.0080468142,0.0273246542,-0.0498194732,-0.0786367804
1.0065859556,0.0011218941,0.0110821696,-0.0059425319,0.0284125824,-0.0518964045,-0.0733302310
1.0166820288,-0.0022193932,0.0120449523,-0.0086983526,0.0060241865,-0.0542141534,-0.0733257011
1.0267159939,0.0063090776,0.0039013596,-0.0113818133,-0.0248254165,-0.0640197098,-0.0711991042
1.0368059874,0.0021078743,-0.0015221712,-0.0092386687,-0.0313331187,-0.0534448326,-0.0680067688
1.0468269587,-0.0022768818,0.0095266933,-0.0101341689,-0.0378611125,-0.0407696515,-0.0679978505
1.0569610596,-0.0077942158,0.0108058760,-0.0081310356,-0.0411887355,-0.0280448012,-0.0648052543
1.0669649839,-0.0114808818,0.0102292346,-0.0061463201,-0.0274345726,-0.0161952004,-0.0563104376
1.0771379471,-0.0163074583,0.0186837669,-0.0052062953,0.0045095133,-0.0084262267,-0.0467584766
1.0871039629,-0.0123632690,0.0244684238,-0.0071544135,0.0332209989,0.0024477264,-0.0446351394
1.0971950293,-0.0104936501,0.0305455979,-0.0052166069,0.0618742146,0.0186213702,-0.0435725376
1.1072640419,-0.0136593720,0.0320429020,-0.0033236227,0.0661688596,0.0165918414,-0.0350800492
1.1173380613,-0.0000396812,0.0228286404,-0.0052042091,0.0471102148,0.0015769396,-0.0340209082
1.1274800301,0.0058942889,0.0064404989,-0.0041579688,0.0193990879,-0.0018065402,-0.0276451036
1.1374310255,0.0050500487,-0.0043868823,-0.0021507822,-0.0082658296,-0.0093997447,-0.0159620810
1.1474959850,0.0043133651,-0.0037445566,0.0057139909,-0.0252407938,-0.0190634914,-0.0106534036
1.1576299667,0.0046565090,0.0025929222,0.0077202236,-0.0210021064,-0.0158155002,-0.0064056618
1.1676319838,0.0059355651,0.0128299342,0.0038820424,-0.0082072401,-0.0146355191,-0.0053467220
1.1777240038,0.0051658307,0.0182699654,0.0029359378,0.0012989137,-0.0050302967,-0.0095915338
1.1877900362,0.0024182952,0.0198818203,0.0048994338,0.0119683091,-0.0049790973,-0.0159645453
1.1978280544,0.0014084136,0.0227657389,0.0126930987,0.0300226770,0.0036466152,-0.0191502180
1.2078789473,0.0042527174,0.0269059706,0.0155920302,0.0364637971,-0.0005470647,-0.0202170815
1.2179600000,0.0051705395,0.0184747819,0.0165956542,0.0236694403,-0.0017129967,-0.0191526152
1.2280050516,0.0080466727,0.0079353387,0.0166160986,0.0033985227,-0.0018561415,-0.0138378786
1.2381069660,0.0070174490,0.0000683377,0.0185488984,-0.0104714856,-0.0019426944,-0.0085254051
1.2481969595,0.0040485417,0.0018032651,0.0194940493,-0.0007998440,-0.0081834132,-0.0021600500
1.2582210302,0.0031144179,0.0104509341,0.0107050454,0.0216109231,-0.0079738218,-0.0000420380
1.2683069706,0.0031434156,0.0172882844,0.0058291471,0.0333202556,-0.0046608495,0.0042041061
1.2783789635,0.0001596368,0.0174331050,0.0087374961,0.0396814831,-0.0003470613,0.0063282428
1.2883540392,0.0010846114,0.0127222771,0.0116623556,0.0398025215,-0.0119554475,0.0158782713
1.2985390425,0.0109344879,0.0100363502,0.0107577955,0.0398520604,-0.0173089337,0.0084429933
1.3086290359,0.0090599516,0.0093922960,0.0029948272,0.0452629104,-0.0247109234,0.0052533248
1.3186420202,0.0053342734,0.0068905400,-0.0027908168,0.0465004817,-0.0416776575,0.0052445363
1.3286889791,0.0086198011,0.0014522235,-0.0045936788,0.0402038619,-0.0522936843,0.0126719596
1.3387960196,0.0080785314,-0.0021538837,-0.0054112757,0.0380578861,-0.0512651689,0.0105494205
1.3493000269,0.0036007024,-0.0000342307,-0.0023781739,0.0252037942,-0.0460381135,0.0158650223
1.3589780331,0.0010982013,-0.0048262281,0.0006722130,0.0188638717,-0.0524739102,0.0137398206
1.3689700365,0.0044306670,-0.0046907505,0.0037440576,0.0347862169,-0.0438676402,0.0105554787
1.3790600300,-0.0041858102,0.0053958306,0.0027781047,0.0570142940,-0.0256417654,0.0094971387
1.3893820047,-0.0089889904,0.0098541500,-0.0010957205,0.0782844797,-0.0180148706,0.0116195446
1.3992179632,-0.0069718803,0.0067655863,-0.0088297212,0.1005663499,-0.0050870883,0.0116203437
1.4092539549,-0.0031261884,0.0039032781,-0.0165830329,0.1143563837,0.0035781055,0.0201149620
1.4193600416,-0.0032614314,-0.0017907907,-0.0185040906,0.1057628989,0.0087670088,0.0137489419
1.4296950102,-0.0024820112,-0.0057569100,-0.0156010473,0.0800502375,0.0180232245,0.0031419708
1.4394329786,-0.0056466307,-0.0157908704,-0.0146514261,0.0587060675,0.0178160295,-0.0000381100
1.4495040178,-0.0009974980,-0.0123477010,-0.0127505148,0.0554649457,0.0208600238,-0.0170242842
1.4595680237,-0.0030953728,-0.0071459142,-0.0147548402,0.0501458123,0.0186290927,-0.0265802387
1.4699209929,0.0007297552,-0.0049590236,-0.0128028477,0.0491141304,0.0143000577,-0.0382623933
1.4797279835,-0.0002920174,-0.0066346070,-0.0079352940,0.0480635166,0.0121064121,-0.0478194132
1.4899029732,-0.0012915874,-0.0044711744,-0.0069736922,0.0374214165,0.0088240663,-0.0488809496
1.4998420477,0.0026182986,-0.0071952222,-0.0020639978,0.0311033353,0.0002731890,-0.0499454141
1.5102479458,0.0026844896,-0.0031597307,-0.0020544014,0.0236384943,0.0001990199,-0.0510033555
1.5199769735,-0.0021079027,-0.0010542524,-0.0039898837,0.0172703434,-0.0030052955,-0.0456943437
1.5300329924,-0.0030645274,0.0019921334,-0.0030180893,0.0192958117,0.0076313033,-0.0446287468
1.5400669575,-0.0060726847,0.0089388648,-0.0001332842,0.0256080348,0.0173055027,-0.0340075269
1.5504770279,-0.0101601323,0.0101414183,-0.0011722528,0.0319452658,0.0248634852,-0.0223244410
1.5602589846,-0.0064946557,0.0084311264,-0.0031641803,0.0201248247,0.0332905278,-0.0159464367
1.5702400208,-0.0078062261,0.0037548663,-0.0032550774,0.0211578924,0.0364978388,-0.0138226310
1.5803680420,-0.0062067653,0.0059713842,-0.0004238568,0.0308483373,0.0281075500,-0.0117056845
1.5907340050,-0.0015722060,0.0072048539,-0.0034093342,0.0298250169,0.0238324441,-0.0148919569
1.6004819870,0.0002058304,0.0064572571,0.0014272250,0.0234840307,0.0173828006,-0.0191407651
1.6105580330,0.0010111189,0.0046541272,0.0052899038,0.0245267376,0.0194512103,-0.0286955871
1.6206459999,0.0008779622,0.0038121836,0.0081829345,0.0352193303,0.0174224153,-0.0286993161
1.6309829950,0.0017828500,0.0079597430,0.0081544435,0.0555455610,0.0123096108,-0.0265846997
1.6407439709,0.0027370013,0.0123130297,0.0091386354,0.0715945661,0.0081984904,-0.0276526269
1.6508309841,0.0017550742,0.0110001815,0.0091560399,0.0854734480,0.0072531346,-0.0287198219
1.6608530283,0.0037501908,0.0136210816,0.0043174541,0.0919699594,-0.0022676664,-0.0329734236
1.6712520123,0.0067070280,0.0114633897,0.0063156402,0.0983336121,0.0020452561,-0.0308484212
1.6810259819,0.0007928169,0.0112376669,0.0043564951,0.0908525214,0.0030340878,-0.0319078267
1.6912109852,0.0007535077,0.0071025109,0.0024222650,0.0897808895,0.0041333744,-0.0244735442
1.7012089491,0.0025566674,0.0068081664,0.0053288853,0.0757809207,0.0167511664,-0.0234018881
1.7115520239,-0.0035602592,0.0033762464,0.0062285578,0.0522093661,0.0260876082,-0.0244524404
1.7213000059,-0.0019245291,-0.0061930856,0.0022558488,0.0211678259,0.0353801772,-0.0223163180
1.7347090244,-0.0003263199,-0.0121114375,0.0002227344,-0.0033581574,0.0330378599,-0.0233740602
1.7510420084,0.0021890260,-0.0133451326,0.0030188479,-0.0151865873,0.0425605252,-0.0116865095
1.7602880001,0.0027221001,-0.0077749761,0.0028718032,-0.0194286816,0.0404278636,-0.0074382355
1.7616579533,0.0091723660,-0.0023314347,-0.0011518679,-0.0333125405,0.0413607694,-0.0084960433
1.7717640400,0.0087523619,-0.0027138209,0.0035961189,-0.0280125309,0.0445774682,-0.0106203128
1.7818109989,0.0053918217,0.0038116546,0.0044020927,-0.0162405595,0.0415177643,-0.0074394341
1.7918460369,0.0099503854,0.0095080705,0.0042936122,-0.0108258734,0.0341357477,-0.0074428958
1.8016870022,0.0116711119,0.0055320887,0.0052114641,-0.0160406083,0.0224665757,-0.0000148072
1.8117200136,0.0124523798,0.0035546450,0.0109985983,-0.0148824789,0.0129357204,0.0010400042
1.8218090534,0.0074580763,0.0044560330,0.0089941537,-0.0180487111,0.0097662928,0.0074100192
1.8321340084,0.0073846434,0.0091968579,0.0079918420,-0.0233191606,0.0033603252,0.0084702242
1.8419589996,0.0024800457,0.0110175321,0.0089321649,-0.0167326313,-0.0145861842,0.0137685826
1.8519610167,0.0045284186,0.0129060308,0.0060409820,-0.0081840167,-0.0155729530,0.0137662515
1.8625069857,0.0016709423,0.0139028514,0.0109208142,0.0067147706,-0.0111776711,0.0169500615
1.8727960587,-0.0041930522,0.0179752968,0.0108987009,0.0344188884,-0.0066633467,0.0211922117
1.8824080229,-0.0051522101,0.0232889671,0.0060293591,0.0483442917,-0.0118541140,0.0201242827
1.8924160004,-0.0022103034,0.0198818929,0.0002131976,0.0525776260,-0.0086682420,0.0148156043
1.9024850130,-0.0051618065,0.0106452769,-0.0036559186,0.0471903160,-0.0033890568,0.0180050060
1.9128110409,-0.0081398031,0.0032209205,-0.0104863727,0.0321768820,0.0039071389,0.0180127956
1.9228140116,-0.0101213595,-0.0053446023,-0.0143654430,0.0130772218,-0.0068429774,0.0222594719
1.9333779812,-0.0032655143,-0.0092186937,-0.0143334949,-0.0029527703,-0.0048886165,0.0180174559
1.9429999590,-0.0042304541,-0.0073961588,-0.0123903239,-0.0125255035,-0.0081624407,0.0169564541
1.9541100264,-0.0100640794,-0.0037057111,-0.0114415372,-0.0157815628,-0.0029062261,0.0137745747
1.9631069899,-0.0090541383,-0.0039287591,-0.0075265849,-0.0093809227,-0.0028779963,0.0095257675
1.9729440212,-0.0071140076,0.0046950439,-0.0026822768,0.0022504348,0.0077778436,0.0010350774
1.9829859734,-0.0121054193,0.0095521742,0.0001878060,0.0042973403,0.0162568148,-0.0032084037
1.9936219454,-0.0112839481,0.0007943372,-0.0017978630,0.0009989347,0.0257854071,-0.0021416079
2.0031070709,-0.0075855101,-0.0050130906,0.0010987439,-0.0022898028,0.0342177711,-0.0063837571
2.0131859779,-0.0049934234,-0.0030811569,0.0019704022,-0.0098329661,0.0415790826,-0.0063776979
2.0233159065,-0.0043108906,-0.0071034627,-0.0029806576,-0.0204174332,0.0330186188,-0.0031938893
2.0336339474,0.0042936062,-0.0063363547,-0.0088813985,-0.0224779472,0.0255945902,-0.0000125435
2.0433859825,0.0051081930,-0.0026678098,-0.0099141682,-0.0267022550,0.0213340651,0.0031717981
2.0534329414,0.0010352588,-0.0019687684,-0.0070542777,-0.0288220793,0.0202886425,0.0084812092
2.0634961128,-0.0020382248,-0.0003114463,-0.0012734615,-0.0309515409,0.0203323178,0.0180379637
2.0739130974,-0.0021678947,-0.0014769536,-0.0003428541,-0.0245439503,0.0204434376,0.0265309829
2.0836491585,-0.0013921702,-0.0006244527,-0.0023614250,-0.0288635958,0.0257388670,0.0307819210
2.0937860012,0.0023023344,-0.0027229870,-0.0033825717,-0.0299442541,0.0268129203,0.0339665301
2.1037368774,0.0020457364,0.0001139036,-0.0015267811,-0.0129181314,0.0311368294,0.0233463757
2.1142091751,-0.0022027933,0.0079523148,-0.0016574941,0.0052543469,0.0280413702,0.0127238911
2.1238889694,0.0024440743,0.0091428002,-0.0007379733,0.0319671854,0.0239265207,-0.0032119318
2.1339821815,0.0061518108,0.0163198281,-0.0027470074,0.0522713624,0.0208363887,-0.0159590859
2.1440069675,0.0059921001,0.0120052537,0.0030815520,0.0662590861,0.0092588272,-0.0202156175
2.1544098854,0.0118382731,0.0048604915,0.0089731729,0.0706432089,-0.0023530207,-0.0170382652
2.1642341614,0.0158307403,0.0015444375,0.0109835183,0.0632489398,-0.0098314434,-0.0149165252
2.1742160320,0.0090890685,0.0021228166,0.0129700219,0.0569145083,-0.0161909387,-0.0053620352
2.1841440201,0.0073263799,0.0045679761,0.0140035069,0.0538239032,-0.0267735422,0.0031278557
2.1944160461,0.0075944518,0.0089243045,0.0111687696,0.0527610406,-0.0267274696,0.0116225407
2.2043328285,0.0049276804,0.0132704740,0.0063595688,0.0517061576,-0.0277770218,0.0148076816
2.2145791054,0.0051423167,0.0137153277,0.0064368164,0.0517008603,-0.0266538989,0.0243646335
2.2246618271,0.0033267594,0.0122212498,0.0025992312,0.0430450551,-0.0150782038,0.0211872160
2.2349481583,0.0004000521,0.0087415567,0.0016328611,0.0354795232,-0.0055589341,0.0265020225
2.2447891235,-0.0026974820,0.0042230813,0.0025541701,0.0235664025,0.0112591945,0.0180190541
2.2547750473,-0.0068054940,0.0063767852,0.0005280889,0.0171446428,0.0133529045,0.0222689919
2.2649190426,-0.0040589715,-0.0003300448,0.0024564781,-0.0020338465,0.0099744182,0.0180249810
2.2752430439,-0.0022994422,-0.0033065667,0.0043479716,-0.0127251586,0.0120098721,0.0190907754
2.2849888802,-0.0063377465,-0.0015409634,0.0042874133,-0.0222765878,0.0066140420,0.0180287100
2.2950339317,-0.0024601065,-0.0017985747,0.0003926672,-0.0221568774,-0.0050365552,0.0212085880
2.3050999641,-0.0004881465,-0.0000460380,0.0013706005,-0.0157338660,-0.0071164835,0.0190823209
2.3154950142,-0.0033368312,0.0056622522,0.0042970693,-0.0124366600,-0.0166233033,0.0211999342
2.3252339363,-0.0011930609,0.0066359350,0.0014375962,0.0089043155,-0.0164576545,0.0180092007
2.3352961540,-0.0039850916,0.0117460983,0.0024366893,0.0365611352,-0.0077403290,0.0158821344
2.3453478813,-0.0088249585,0.0191286672,0.0053511178,0.0632105917,-0.0042827474,0.0222478881
2.3557391167,-0.0058597173,0.0131095955,0.0044284975,0.0845592916,-0.0040913988,0.0233063605
2.3655028343,-0.0029212378,0.0121050077,0.0005701102,0.0972497836,0.0077191871,0.0275562331
2.3755731583,-0.0069070901,0.0102615943,-0.0033398948,0.1036733836,0.0056817364,0.0317998454
2.3857898712,-0.0030737959,0.0024866099,-0.0081864679,0.0801736489,0.0075779073,0.0286213644
2.3959629536,0.0007952309,-0.0133651523,-0.0159470513,0.0545776859,0.0063414015,0.0360601060
2.4057679176,0.0085596601,-0.0206707232,-0.0188274458,0.0353885442,0.0040239184,0.0318166241
2.4158411026,0.0036159314,-0.0135357361,-0.0178899840,0.0353740864,0.0050578238,0.0275693499
2.4259271622,0.0026130534,-0.0083668884,-0.0159707740,0.0353618339,0.0060980548,0.0243844744
2.4362678528,0.0035151101,-0.0069611548,-0.0120765055,0.0524043888,0.0094086966,0.0211971365
2.4461908340,0.0014546668,0.0023380695,-0.0062834108,0.0673303381,0.0105586499,0.0148231275
2.4561290741,-0.0005882823,-0.0038506500,-0.0043495977,0.0608951338,0.0136645613,0.0116413161
2.4661588669,0.0012578225,-0.0091401543,-0.0024023138,0.0502440855,0.0114354957,0.0095193088
2.4765520096,-0.0008167767,-0.0153610269,0.0024547495,0.0512798950,0.0146062560,0.0063360329
2.4862971306,-0.0029584013,-0.0118811773,0.0053220904,0.0448339805,0.0187874194,0.0052779587
2.4963560104,-0.0040849294,-0.0074719554,0.0062431013,0.0544900447,0.0135810049,0.0073956382
2.5064210892,-0.0052125598,-0.0000539021,0.0022768297,0.0640302822,0.0200309139,0.0073964372
2.5168499947,-0.0083271107,0.0025593508,-0.0007032834,0.0661634505,0.0200428329,0.0063339025
2.5265970230,-0.0104904315,-0.0007485970,-0.0036926351,0.0586615950,0.0231605954,0.0063373647
2.5366189480,-0.0107423803,-0.0002244468,-0.0057091797,0.0457715467,0.0315436274,0.0074066902
2.5466890335,-0.0110459169,-0.0085772667,-0.0028664551,0.0201716442,0.0302658416,0.0084743518
2.5570709705,-0.0054598893,-0.0132783242,0.0009856737,-0.0085825333,0.0247571599,0.0159119610
2.5668559074,-0.0007982993,-0.0171719380,0.0058140671,-0.0117508965,0.0215600356,0.0180347674
2.5768649578,-0.0039017939,-0.0065064309,0.0086479699,-0.0052441284,0.0109854881,0.0148421032
2.5870199203,-0.0000420058,-0.0007179984,0.0057138121,-0.0062276330,0.0024673673,0.0116527015
2.5973448753,0.0019419646,-0.0016924319,0.0096295988,0.0002172431,-0.0017347678,0.0095255673
2.6070940495,-0.0009029948,0.0003271588,0.0115842735,0.0099146115,-0.0112345302,0.0042093657
2.6171479225,0.0002539313,-0.0014668953,0.0155532872,0.0174673647,-0.0196706932,0.0020791697
2.6272799969,0.0014999366,-0.0061017154,0.0136972582,0.0217859466,-0.0249799695,-0.0042953724
2.6375939846,-0.0011693084,-0.0077658119,0.0118281757,0.0228613578,-0.0260450337,-0.0064202421
2.6473898888,-0.0038771473,-0.0104531031,0.0119043505,0.0175235830,-0.0261193365,-0.0106661208
2.6574389935,-0.0007123196,-0.0112371072,0.0110134399,0.0249489825,-0.0218520872,-0.0170362014
2.6675090790,-0.0014631295,-0.0032711187,0.0061982190,0.0324487090,-0.0249975473,-0.0212868731
2.6778621674,-0.0022783123,-0.0059262132,0.0062553799,0.0355540887,-0.0154347336,-0.0234061498
2.6877000332,-0.0031456195,-0.0047305990,0.0033567466,0.0290964562,-0.0102064162,-0.0265872944
2.6976881027,0.0008333481,-0.0123216165,0.0004767693,0.0215830393,-0.0060344413,-0.0276452359
2.7078990936,0.0027867712,-0.0161105487,-0.0014450633,0.0118936608,0.0023696958,-0.0276385788
2.7181880474,-0.0031237446,-0.0141730737,-0.0024681173,0.0022700075,0.0044213952,-0.0255112462
2.7279419899,0.0037107624,-0.0122997249,-0.0024585209,-0.0072787562,-0.0009398144,-0.0212643035
2.7379469872,0.0085797170,-0.0075124111,0.0014427222,-0.0061699748,-0.0051670503,-0.0202054307
2.7480449677,0.0057019745,-0.0017765284,0.0004666366,-0.0029456858,-0.0072403206,-0.0170218870
2.7583639622,0.0097319642,0.0030144770,-0.0024143539,-0.0039138794,-0.0167713091,-0.0127788717
2.7682230473,0.0059787785,-0.0009780655,-0.0033541999,-0.0103150532,-0.0168064628,-0.0095918672
2.7782101631,0.0031941689,0.0038746935,-0.0013711534,-0.0018185042,-0.0124601824,-0.0053446582
2.7883658409,-0.0016057933,0.0126247332,-0.0062584961,-0.0039730016,-0.0103429696,-0.0032194557
2.7986390591,-0.0034840845,0.0067542582,-0.0091498578,-0.0136431241,-0.0040601073,-0.0032145954
2.8084430695,-0.0044668759,0.0066617741,-0.0081759179,-0.0179526508,0.0001673950,-0.0000259926
2.8184819221,-0.0035999261,0.0074741342,-0.0052968943,-0.0266131721,0.0128588891,0.0052921399
2.8285479546,-0.0008432710,0.0023969486,-0.0014264070,-0.0319493450,0.0128053594,0.0042316695
2.8389699459,-0.0019712590,0.0020776233,0.0033959665,-0.0361748785,0.0085239280,0.0042307377
2.8486659527,0.0018224275,0.0027132723,0.0053111231,-0.0361871272,0.0095641585,0.0010458631
2.8587298393,0.0007322884,0.0023884298,0.0062494194,-0.0276840031,0.0127939740,-0.0032018123
2.8687958717,0.0015733695,0.0059860339,0.0052278554,-0.0213360898,0.0181341451,-0.0063861534
2.8791718483,-0.0005591058,0.0097015826,0.0100272214,-0.0053063119,0.0161371734,-0.0085138865
2.8889620304,0.0042398726,0.0087382905,0.0119645512,0.0096894149,0.0109972730,-0.0032112664
2.8990800381,0.0081083337,0.0117265666,0.0061046397,0.0140406750,0.0025616433,-0.0010942529
2.9094510078,0.0042072688,0.0070477230,0.0080657518,0.0216085799,-0.0068944423,0.0031462982
2.9195029736,0.0052725230,0.0043539694,0.0081106937,0.0195104089,-0.0100548826,0.0095163798
2.9291329384,0.0014823830,0.0044726357,0.0042219674,0.0024800263,-0.0144341858,0.0116421152
2.9391188622,-0.0032563948,0.0005929825,0.0062097227,-0.0049206065,-0.0208033342,0.0211972035
2.9493050575,-0.0021254264,0.0034494381,0.0082152402,-0.0177597068,-0.0177529510,0.0180165917
2.9597110748,-0.0058726217,0.0052164597,0.0101859486,-0.0241417326,-0.0199306812,0.0180169251
2.9694671631,-0.0018218899,0.0021002274,0.0121976649,-0.0198945217,-0.0177713912,0.0180169251
2.9800529480,-0.0006909215,0.0058726473,0.0132213151,-0.0070605101,-0.0208555330,0.0158876590
2.9899389744,-0.0005012595,0.0097486963,0.0103508150,0.0036635073,-0.0260742623,0.0148205310
3.0000071526,0.0036283589,0.0079095494,0.0123897111,0.0111573488,-0.0281390771,0.0137569308
3.0097889900,0.0019891418,0.0060998565,0.0076011932,0.0144317057,-0.0355589129,0.0105669964
3.0198259354,0.0033618368,0.0043392070,0.0028690018,0.0176955424,-0.0419035591,0.0095008668
3.0298018456,0.0018085396,0.0026010536,0.0010418809,0.0230716653,-0.0461286642,0.0052501960
3.0402209759,0.0012495673,0.0047861282,-0.0017561398,0.0315736495,-0.0428913236,0.0020637233
3.0500400066,-0.0012619043,0.0002190984,-0.0074730599,0.0305278245,-0.0450226516,0.0020629244
3.0600969791,0.0011145031,-0.0005091819,-0.0092781270,0.0252175070,-0.0471713580,0.0052494630
3.0701441765,0.0025236763,-0.0012946007,-0.0120775187,0.0219655223,-0.0418596864,0.0105619365
3.0805549622,-0.0030017935,0.0008374099,-0.0139415348,0.0197805576,-0.0365599953,0.0126892701
3.0903029442,-0.0027012669,0.0029895846,-0.0206727460,0.0250331108,-0.0279976632,0.0169394091
3.1003990173,-0.0074007357,0.0032601664,-0.0235593393,0.0270162076,-0.0131313661,0.0158839989
3.1104090214,-0.0132619580,0.0064598825,-0.0177353099,0.0226177312,-0.0004643069,0.0116442451
3.1207859516,-0.0104037365,0.0027745459,-0.0148109877,0.0181962717,0.0143253589,0.0074049593
3.1305651665,-0.0037302517,0.0000526147,-0.0080087865,0.0138414707,0.0227622520,0.0052866810
3.1406331062,-0.0040338184,-0.0007649781,-0.0002948724,0.0137584852,0.0312494803,0.0052917413
3.1506979465,-0.0013787592,-0.0016053891,0.0025508918,0.0095618758,0.0237505510,-0.0000199338
3.1610720158,0.0072221612,0.0013673390,0.0034955658,0.0063807303,0.0215867329,-0.0021438047
3.1708221436,0.0060720299,-0.0004791286,0.0083147204,0.0128186559,0.0185011942,0.0042238133
3.1808991432,0.0040394817,0.0045535206,0.0092523610,0.0172032043,0.0068749655,0.0052780919
3.1909880638,0.0080094198,0.0017865390,0.0024628558,0.0173347648,-0.0058086058,0.0127043165
3.2013649940,0.0061730300,-0.0018838210,0.0005621828,0.0216474608,-0.0099874381,0.0169481300
3.2110381126,0.0004342950,0.0003157529,0.0015514410,0.0227689184,-0.0152692860,0.0190688055
3.2211151123,0.0006616271,-0.0013793170,0.0006413974,0.0154077541,-0.0259382408,0.0201277453
3.2314329147,0.0047823642,-0.0060041212,0.0017155327,0.0132330162,-0.0216851719,0.0243776180
3.2416439056,0.0000919259,-0.0058101472,-0.0031223975,0.0196873471,-0.0269265398,0.0254343599
3.2513749599,0.0003124631,-0.0016568253,-0.0050065601,0.0196932070,-0.0280498620,0.0158776063
3.2614569664,-0.0023811304,-0.0023884817,-0.0049331272,0.0239756759,-0.0290605295,0.0180004127
3.2714879513,-0.0012131477,-0.0040343995,-0.0029202781,0.0302474201,-0.0163141098,0.0116343917
3.2818598747,-0.0060786451,0.0002135998,0.0019325532,0.0364880338,-0.0003565154,0.0095167132
3.2915458679,-0.0080685755,-0.0013802167,0.0009456195,0.0342808068,0.0070726387,0.0127063813
3.3016028404,-0.0043031718,0.0000056064,0.0028716840,0.0437534042,0.0198400989,0.0052777594
3.3117308617,-0.0074889208,0.0014687955,0.0027786412,0.0511828251,0.0241770577,0.0095252348
3.3221168518,-0.0018758321,0.0039510694,0.0017375269,0.0522342660,0.0262992624,0.0084664281
3.3319289684,-0.0021134757,0.0034650147,0.0006881274,0.0416066572,0.0219758879,0.0105905663
3.3418951035,-0.0022843324,-0.0029623930,-0.0003104888,0.0235728733,0.0112711126,0.0201445892
3.3520309925,0.0045177792,-0.0095242932,0.0045771515,0.0034396416,-0.0026505622,0.0275753401
3.3623828888,0.0056033586,-0.0076037273,0.0036494650,-0.0220693406,-0.0134969512,0.0254516043
3.3721590042,0.0018985128,-0.0097725876,0.0046728170,-0.0379798636,-0.0231788736,0.0265126079
3.3821799755,0.0031593896,-0.0051864763,0.0066981232,-0.0378541872,-0.0348316021,0.0296946205
3.3922350407,0.0064396714,0.0023238801,0.0068057692,-0.0272063389,-0.0326440819,0.0254458115
3.4025878906,0.0018628991,0.0051245103,0.0029781379,-0.0037344350,-0.0324657187,0.0211917441
3.4124369621,-0.0027489208,0.0052402606,0.0030308284,0.0164659079,-0.0248685163,0.0201286096
3.4224739075,-0.0055113579,0.0084695034,0.0030716576,0.0323750190,-0.0152074341,0.0158822667
3.4325749874,-0.0073595489,0.0040770345,0.0079913056,0.0441230237,-0.0161797535,0.0137552004
3.4428901672,-0.0072447206,0.0026394515,0.0080262339,0.0483672768,-0.0140265208,0.0126925325
3.4526929855,-0.0060821022,-0.0026259595,0.0022490539,0.0484556928,-0.0224730019,0.0190590844
3.4626870155,-0.0020145022,-0.0050638719,0.0003704347,0.0397923216,-0.0098160636,0.0190681387
3.4728250504,-0.0058870162,-0.0056977840,-0.0025649152,0.0269319192,-0.0046436721,0.0158885922
3.4831409454,-0.0068286206,-0.0074176253,-0.0044926489,0.0183942765,-0.0047037927,0.0180137288
3.4930038452,-0.0018477285,-0.0091862557,-0.0093247378,0.0130889947,-0.0079541812,0.0148280542
3.5029768944,-0.0037240528,-0.0052036615,-0.0132078016,0.0087864436,-0.0048504006,0.0084603038
3.5129451752,-0.0056368257,-0.0042190766,-0.0141874040,-0.0050888918,-0.0050061950,0.0031547539
3.5234251022,-0.0016331220,-0.0140418662,-0.0150881493,-0.0178307332,-0.0114768781,0.0042162901
3.5332210064,0.0043444191,-0.0181228239,-0.0101534212,-0.0295819305,-0.0105461031,-0.0000274573
3.5432660580,0.0024568893,-0.0174634997,-0.0072183097,-0.0382057801,-0.0021534169,-0.0032064726
3.5533130169,-0.0034326159,-0.0168427229,-0.0033417426,-0.0350821577,0.0052600247,-0.0095743574
3.5637059212,-0.0015081608,-0.0103586195,-0.0053230608,-0.0276570804,0.0095131593,-0.0180677772
3.5734510422,-0.0035692595,-0.0018344460,-0.0063476050,-0.0117044775,0.0149441436,-0.0201927144
3.5835680962,-0.0076161767,-0.0009618413,-0.0083587850,0.0021548001,0.0160632711,-0.0297511294
3.5935831070,-0.0058229412,-0.0039070896,-0.0113220895,0.0106359022,0.0214082357,-0.0350596122
3.6039638519,-0.0099738082,-0.0028246995,-0.0084778750,0.0233475976,0.0299756248,-0.0403696895
3.6137099266,-0.0092752716,0.0021935247,-0.0076065147,0.0276709720,0.0247286651,-0.0371880084
3.6238429546,-0.0035984956,-0.0024589053,-0.0095747793,0.0203261338,0.0130251367,-0.0318811275
3.6338348389,0.0031460084,-0.0062554968,-0.0115302289,0.0075541465,0.0097510461,-0.0286941230
3.6442770958,-0.0018002534,-0.0072173001,-0.0105837071,0.0033644615,0.0023421322,-0.0202023685
3.6539878845,-0.0028006874,-0.0052702702,-0.0066953385,0.0043905778,0.0066162394,-0.0170150958
3.6641099453,-0.0077566351,-0.0003730644,-0.0057670558,0.0118158963,0.0109546613,-0.0127690854
3.6740779877,-0.0097995540,0.0007188087,-0.0038569651,0.0171206463,0.0141981253,-0.0106452145
3.6844689846,-0.0080045005,0.0008836720,0.0029196062,0.0223839320,0.0216780789,-0.0095804157
3.6943159103,-0.0062617804,0.0020893654,0.0028697767,0.0329907686,0.0281303860,-0.0106416848
3.7043051720,-0.0015913093,0.0023767448,-0.0030344210,0.0340685509,0.0270787030,-0.0106424838
3.7144398689,-0.0008837723,-0.0012292863,-0.0021413646,0.0297829919,0.0280193314,-0.0233825147
3.7247400284,-0.0001418733,-0.0049203504,-0.0041520083,0.0266281851,0.0226318240,-0.0318796635
3.7345838547,0.0045862650,-0.0038279118,-0.0032129369,0.0202856008,0.0161614083,-0.0393138789
3.7445640564,0.0054215048,-0.0037418641,0.0026073374,0.0171072241,0.0140037145,-0.0403751433
3.7547011375,0.0072705303,-0.0007508969,0.0064707315,0.0203421656,0.0108694406,-0.0371921360
3.7649850845,0.0072290455,0.0032934179,0.0074187433,0.0364130363,0.0046859137,-0.0308296438
3.7748460770,0.0052456711,0.0123418756,0.0073930537,0.0449415445,0.0058491826,-0.0265840348
3.7848310471,0.0012973106,0.0185664613,0.0063713705,0.0535254441,0.0017351313,-0.0180938765
3.7949728966,0.0041783010,0.0190620534,0.0063695228,0.0534524731,0.0091829272,-0.0149047403
3.8052749634,-0.0037523948,0.0175698679,0.0053284084,0.0438153744,0.0133965146,-0.0064038639
3.8151111603,-0.0029008233,0.0110568879,0.0072566187,0.0182484947,0.0089495685,-0.0032141958
3.8251080513,-0.0020489537,-0.0005353889,0.0052952087,-0.0074101295,0.0129929781,-0.0000225970
3.8352320194,-0.0022232675,-0.0016446983,0.0071951663,-0.0223579183,0.0139581077,0.0052906754
3.8455049992,-0.0024120056,0.0000548945,0.0090911901,-0.0298549309,0.0170741398,0.0052958685
3.8553590775,0.0013397789,0.0026811557,0.0109980023,-0.0276775323,0.0128556928,0.0063550076
3.8653650284,0.0050721322,0.0043676384,0.0128984964,-0.0192273743,0.0214117635,0.0052949367
3.8754630089,0.0019225037,0.0051449076,0.0147737181,-0.0095928563,0.0182918701,0.0021055350
3.8857879639,0.0046814536,0.0060032182,0.0176509544,-0.0052807201,0.0140634365,-0.0010821357
3.8956460953,0.0065564667,0.0011203402,0.0195952579,0.0054715276,0.0056132264,-0.0095834779
3.9056501389,0.0055383896,0.0021361597,0.0195670053,0.0087212222,0.0003165985,-0.0127735455
3.9157550335,0.0017014003,-0.0007418314,0.0176351592,0.0067462218,-0.0156240175,-0.0138428053
3.9260611534,0.0038598634,-0.0026310706,0.0177138969,0.0143355923,-0.0272448547,-0.0159729347
3.9359149933,0.0001906610,0.0023666052,0.0206907317,0.0218289290,-0.0292739160,-0.0117286546
3.9458918571,-0.0053864862,0.0073760361,0.0207515284,0.0229799468,-0.0377450325,-0.0106720449
3.9559919834,-0.0030667924,0.0055622607,0.0169685408,0.0144738108,-0.0410164595,-0.0127951168
3.9663319588,-0.0056149806,-0.0012270975,0.0112374937,-0.0025950270,-0.0411176607,-0.0053577079
3.9761669636,-0.0072199251,-0.0061823414,0.0103840148,-0.0122274142,-0.0379700698,0.0020789034
3.9861221313,-0.0098324260,-0.0043875114,0.0075374758,-0.0176276658,-0.0316646360,-0.0000400407
3.9962258339,-0.0085576614,-0.0045784074,0.0008197941,-0.0165701248,-0.0305804648,0.0020838303
4.0066509247,-0.0083134612,-0.0056903390,-0.0030154667,-0.0145201832,-0.0220670030,0.0031494941
4.0163488388,-0.0071812416,-0.0039018323,-0.0039283121,-0.0145750456,-0.0167827606,-0.0000332496
4.0264272690,-0.0031604313,-0.0030554300,-0.0038973175,-0.0082612755,-0.0082730278,-0.0053399978
4.0365190506,-0.0031682991,-0.0041304408,-0.0029181323,-0.0030268328,0.0012533654,-0.0159545597
4.0468282700,-0.0002945208,-0.0080746459,-0.0009666167,0.0011783782,0.0076422221,-0.0180754326
4.0566167831,0.0035714663,-0.0139663164,-0.0038826547,-0.0041162511,0.0033308307,-0.0212616399
4.0666790009,0.0094449380,-0.0199681930,-0.0038366399,-0.0211392324,-0.0021367720,-0.0233840439
4.0768117905,0.0104193548,-0.0202816594,-0.0009170853,-0.0329133347,0.0008952369,-0.0308121350
4.0871090889,0.0094903568,-0.0178171210,-0.0018823824,-0.0424661413,-0.0045285570,-0.0361211449
4.0969591141,0.0085504213,-0.0183410961,0.0020257749,-0.0456803106,-0.0035232138,-0.0403670222
4.1069560051,0.0046664034,-0.0120721934,0.0049374616,-0.0456711799,-0.0045765606,-0.0393064879
4.1170482635,-0.0001697087,-0.0126129994,0.0029840984,-0.0456807651,-0.0035017086,-0.0371823497
4.1273841858,-0.0001648509,-0.0034136665,-0.0028933368,-0.0382966176,0.0049948404,-0.0456730388
4.1371941566,-0.0070567871,0.0009529061,-0.0048893774,-0.0414649807,0.0017977154,-0.0435502306
4.1472539902,-0.0090592941,-0.0043806927,-0.0039281333,-0.0489530191,0.0028032584,-0.0424888991
4.1573028564,-0.0110853752,-0.0059437980,-0.0029697500,-0.0607020892,0.0037617302,-0.0424854346
4.1677060127,-0.0130795380,-0.0026801149,-0.0000688516,-0.0574505776,-0.0004214300,-0.0371776223
4.1774492264,-0.0130964657,0.0045492933,0.0018474378,-0.0467771627,-0.0003005224,-0.0329330750
4.1874971390,-0.0170208663,0.0118635884,-0.0020808063,-0.0382249802,-0.0012458782,-0.0265644584
4.1976161003,-0.0110812327,0.0095709572,-0.0078954184,-0.0317401811,-0.0085200360,-0.0117045529
4.2078981400,-0.0080653867,0.0044166609,-0.0097925151,-0.0253615379,-0.0063339807,-0.0106444815
4.2176818848,-0.0119372448,0.0070666061,-0.0117512429,-0.0243897513,0.0032312949,-0.0095781516
4.2276849747,-0.0148950061,0.0077566514,-0.0156671479,-0.0308452807,0.0084944339,-0.0074504865
4.2378358841,-0.0159998387,0.0035700821,-0.0108356560,-0.0352208540,0.0190602578,-0.0085058976
4.2481822968,-0.0142170331,0.0002444722,-0.0060070837,-0.0490932874,0.0189247709,-0.0106255729
4.2580051422,-0.0134459278,-0.0100418171,-0.0060427273,-0.0609387606,0.0294253491,-0.0116791194
4.2680120468,-0.0137069067,-0.0107065300,-0.0080800140,-0.0652417615,0.0325506330,-0.0148621975
4.2781448364,-0.0100879213,-0.0104198037,-0.0081624473,-0.0631533116,0.0367717445,-0.0212314110
4.2884292603,-0.0074931826,-0.0071791206,-0.0072938288,-0.0556761697,0.0357416347,-0.0265430864
4.2982831001,-0.0077633406,-0.0058367550,-0.0083583677,-0.0438972712,0.0315724537,-0.0307953544
4.3082680702,0.0007699287,-0.0014111324,-0.0064774239,-0.0257546734,0.0317019522,-0.0350458287
4.3183107376,-0.0013888323,-0.0017193201,-0.0075203264,-0.0181793142,0.0211433172,-0.0371766239
4.3287057877,0.0053054248,-0.0058737621,-0.0055830562,-0.0202691220,0.0168871190,-0.0361159518
4.3385109901,0.0071529602,-0.0119227450,-0.0007352911,-0.0148807494,0.0116217844,-0.0371817499
4.3485307693,0.0109928409,-0.0072558075,-0.0017188273,-0.0074140169,0.0116881635,-0.0371847451
4.3586368561,0.0138628939,-0.0045282524,-0.0046733702,-0.0074166805,0.0116535425,-0.0424937569
4.3690390587,0.0088521400,-0.0056039719,-0.0027715645,0.0064121024,0.0160120707,-0.0435571596
4.3787360191,0.0106772343,0.0021731080,-0.0018547259,0.0159944221,0.0182110444,-0.0446202941
4.3888020515,0.0144494930,0.0022194069,-0.0057761753,0.0203063730,0.0139826760,-0.0478080288
4.3988418579,0.0113660851,0.0002952666,-0.0136254514,0.0169984605,0.0245647468,-0.0478019007
4.4092841148,0.0032513298,0.0032367194,-0.0098493183,0.0094877072,0.0287713427,-0.0435508303
4.4204359055,-0.0000475788,0.0041974438,-0.0051073516,0.0050860345,0.0425963439,-0.0329248197
4.4298772812,-0.0034635507,0.0090135327,-0.0072277272,0.0007117921,0.0532043800,-0.0276100822
4.4397101402,-0.0079262098,0.0108788917,-0.0113235200,-0.0004171217,0.0595887750,-0.0233594123
4.4502038956,-0.0046294178,0.0185960811,-0.0115196193,-0.0036897743,0.0670008883,-0.0212304797
4.4597549438,-0.0092218062,0.0184611436,-0.0097935880,-0.0068906276,0.0669798478,-0.0201678798
4.4691610336,-0.0049587036,0.0174028724,-0.0070444429,-0.0046701375,0.0585385598,-0.0159258619
4.4794068336,-0.0006333732,0.0163201131,-0.0052529657,-0.0088859200,0.0531893335,-0.0169892628
4.4896340370,0.0018385804,0.0142412847,-0.0014926874,-0.0087776892,0.0426213779,-0.0106243081
4.4993982315,0.0054027294,0.0180407073,0.0023043074,-0.0043813419,0.0299266223,-0.0106317652
4.5094642639,0.0090989629,0.0218902174,0.0051669395,-0.0021430887,0.0204644762,-0.0000180696
4.5195217133,0.0079987505,0.0228785221,0.0129145896,0.0033134613,0.0088885147,0.0074073561
4.5299062729,0.0069874679,0.0239081178,0.0167999789,0.0076933755,-0.0015934871,0.0212036632
4.5396571159,0.0089412788,0.0240649171,0.0197362229,0.0151249263,0.0027711673,0.0296983477
4.5497350693,0.0010947740,0.0232754834,0.0158060715,0.0108173182,0.0070335567,0.0381956957
4.5599389076,0.0030117191,0.0176099651,0.0119158542,0.0055040452,0.0048787929,0.0403195657
4.5703067780,-0.0000262403,0.0099333134,0.0021427788,0.0010780040,0.0207486376,0.0392678156
4.5801100731,-0.0081526479,0.0070263632,0.0010564842,-0.0118772089,0.0354839079,0.0382166654
4.5900931358,-0.0056365873,0.0029944768,-0.0000423871,-0.0290824287,0.0480608866,0.0371645167
4.6002159119,-0.0051842476,-0.0010982117,0.0046761548,-0.0280504525,0.0512116700,0.0307950377
4.6105761528,-0.0027699613,0.0006138906,0.0064626848,-0.0248274952,0.0490961894,0.0276084319
4.6203541756,0.0035917319,-0.0005656620,0.0073111570,-0.0247651786,0.0427093953,0.0244198292
4.6304168701,0.0061371480,-0.0046356628,0.0091545498,-0.0182905272,0.0353108011,0.0201670937
4.6404938698,0.0067627286,-0.0038188994,0.0129362857,-0.0139841959,0.0310417525,0.0106076766
4.6508641243,0.0055511151,-0.0009939967,0.0138211166,-0.0085226651,0.0183285568,0.0063528111
4.6606082916,0.0122924903,-0.0010413675,0.0128392493,0.0000953237,0.0098597035,-0.0021479991
4.6706728935,0.0073960577,-0.0000444324,0.0118483817,0.0109560415,-0.0091727767,-0.0064075254
4.6807241440,0.0095252255,0.0020367773,0.0119015491,0.0206779111,-0.0207530018,-0.0053539788
4.6911149025,0.0088306526,0.0012794781,0.0081033623,0.0283000637,-0.0355286859,-0.0032389634
4.7008919716,0.0062900339,0.0006114534,0.0101690805,0.0337134711,-0.0428675562,0.0031267907
4.7109460831,0.0047145640,-0.0000435421,0.0073634302,0.0283514895,-0.0407903567,0.0031273901
4.7210030556,0.0031389154,-0.0036681546,0.0045721447,0.0209268630,-0.0450649969,0.0084361350
4.7313842773,0.0035247959,-0.0024994900,0.0027440705,0.0176934935,-0.0419028290,0.0095001338
4.7411341667,-0.0029777132,-0.0023174370,0.0018448748,0.0154937217,-0.0355762243,0.0063184560
4.7511997223,-0.0056012715,-0.0022127535,-0.0000097834,0.0090635456,-0.0324223079,0.0105697270
4.7610740662,-0.0063099111,-0.0050118146,-0.0018767200,0.0122649316,-0.0323943421,0.0105689280
4.7713398933,-0.0051350142,0.0019397336,-0.0018122874,0.0153054623,-0.0164651778,0.0084525133
4.7812399864,-0.0089632114,0.0021033278,0.0030709424,0.0141967889,-0.0122166369,0.0105785150
4.7916021347,-0.0059241797,-0.0055218330,0.0021608390,0.0099045727,-0.0101381727,0.0095181772
4.8015189171,-0.0039366032,-0.0083300462,0.0021877803,0.0023254827,0.0003719924,0.0042163567
4.8118591309,-0.0088225743,-0.0122504858,0.0011947072,-0.0104375593,-0.0040051797,0.0010325473
4.8216271400,-0.0009482646,-0.0143650211,0.0002772130,-0.0221695807,-0.0052241078,-0.0074594738
4.8317351341,0.0000914788,-0.0156183122,0.0002947368,-0.0264173783,-0.0074258763,-0.0138293561
4.8418388367,-0.0017694974,-0.0129778814,0.0003060616,-0.0232154578,-0.0073909890,-0.0127683524
4.8521389961,-0.0017232740,-0.0073705977,0.0003033198,-0.0147309182,-0.0020187940,-0.0138291568
4.8619599342,-0.0036948465,0.0002815854,0.0032001652,-0.0051683066,0.0023229574,-0.0117058177
4.8719739914,-0.0056933607,0.0012223750,0.0041467464,0.0022574384,0.0066469992,-0.0095828790
4.8820710182,-0.0057595815,0.0012654682,0.0031650581,0.0065509863,0.0046107462,-0.0021523936
4.8923721313,-0.0028684579,0.0003976459,0.0031537928,0.0055175726,0.0014462448,0.0020933510
4.9022479057,-0.0008784973,-0.0004756292,0.0012237347,0.0045276759,-0.0059554791,0.0073989006
4.9122471809,-0.0018023992,-0.0013949358,0.0012409606,-0.0029206248,-0.0081214942,0.0105846403
4.9223289490,-0.0016919518,-0.0033620652,0.0003145255,-0.0134960385,-0.0177637357,0.0105825104
4.9326772690,0.0004146850,-0.0063317129,0.0003778256,-0.0103328954,-0.0134648606,0.0148318503
4.9425101280,-0.0033952140,-0.0014825723,0.0023355999,-0.0029162597,-0.0080945957,0.0148326484
4.9524841309,-0.0042703594,0.0044038529,0.0033140697,0.0045745214,-0.0101369740,0.0169527903
4.9625701904,0.0007237649,0.0015958782,-0.0005148135,0.0098861959,-0.0080029834,0.0116435131
4.9729380608,0.0008186853,0.0007602266,-0.0043944204,0.0152246086,-0.0079502529,0.0127047831
4.9827299118,-0.0010725999,0.0009211349,-0.0043733800,0.0119987214,-0.0058977548,0.0063358331
4.9927620888,-0.0029968165,0.0029837415,-0.0063162530,0.0098212948,-0.0016721836,0.0063382965
5.0029067993,-0.0059170271,-0.0037246374,-0.0033932410,-0.0008494584,-0.0017584697,0.0074027618
5.0131831169,-0.0039678956,-0.0066608228,-0.0062986100,-0.0073171863,0.0045306515,0.0042223488
5.0230751038,-0.0060056294,-0.0068297451,-0.0063372934,-0.0287146196,0.0096284747,0.0010449311
5.0329980850,-0.0070686783,-0.0061948998,-0.0073443735,-0.0361964777,0.0106246956,0.0010468620
5.0431632996,-0.0052623595,-0.0006758617,-0.0005732857,-0.0298597515,0.0170189459,-0.0031987496
5.0534529686,-0.0044380869,0.0039507160,-0.0016157114,-0.0201982819,0.0118106026,-0.0010791395
5.0632939339,0.0013405835,0.0096278377,-0.0026089035,-0.0116383499,0.0097839367,0.0021030717
5.0732951164,0.0012715018,0.0105675794,-0.0036075197,0.0043959040,0.0067352830,0.0010342118
5.0833830833,0.0002589679,0.0145630175,-0.0026565872,0.0119211981,0.0015232101,0.0052768942
5.0937590599,-0.0007258200,0.0108541232,-0.0007043563,0.0151348598,0.0005038187,0.0073993662
5.1035790443,-0.0017153168,0.0052138371,0.0012513914,0.0162057169,0.0005616092,0.0148317171
5.1135611534,-0.0026672326,0.0063845860,0.0012610473,0.0141133247,-0.0037007800,0.0148298526
5.1237320900,-0.0026707195,0.0036170529,-0.0026294671,0.0065811058,0.0026207655,0.0180203188
5.1339960098,-0.0026998960,-0.0002293260,-0.0026230298,-0.0072857337,0.0024832799,0.0159026403
5.1437921524,-0.0017767692,-0.0041933255,-0.0006876670,-0.0116208261,0.0087773949,0.0105978893
5.1538200378,-0.0048089768,-0.0062803645,-0.0007214032,-0.0159189031,0.0108294934,0.0052890116
5.1639580727,-0.0029792928,-0.0035118554,0.0041102683,-0.0127287023,0.0119115356,0.0042269425
5.1742300987,-0.0001893484,-0.0026865983,0.0060176169,-0.0106567368,0.0182600450,-0.0010778746
5.1841020584,-0.0022968196,-0.0037353709,0.0059677875,-0.0041905809,0.0119430274,-0.0021444706
5.1940898895,0.0035219050,-0.0067040976,0.0069461381,-0.0061990842,-0.0007997986,-0.0010894594
5.2042288780,0.0123927156,-0.0057637310,0.0069925701,0.0034764474,-0.0081844777,-0.0074663986
5.2145199776,0.0085909525,-0.0057562320,0.0060542142,0.0067794332,-0.0187932458,-0.0117207319
5.2242970467,0.0107726613,-0.0018091331,0.0031927146,0.0089983791,-0.0272695553,-0.0127873281
5.2344217300,0.0090839723,0.0002196739,0.0042386567,0.0175370052,-0.0272240154,-0.0170353353
5.2444338799,0.0054165875,0.0081839170,0.0072200811,0.0281987041,-0.0260559525,-0.0149138616
5.2548589706,0.0037324585,0.0084362989,0.0072922623,0.0303527489,-0.0281516612,-0.0138543891
5.2645711899,0.0040042852,0.0067320513,0.0073802983,0.0239744782,-0.0302880481,-0.0074830432
5.2746839523,0.0042485152,0.0020437865,0.0064977324,0.0132436696,-0.0239954647,-0.0042907787
5.2846760750,0.0015030360,0.0021499172,0.0046036160,0.0057641822,-0.0229858607,-0.0021647771
5.2951078415,0.0006857968,0.0041009756,0.0027007975,-0.0049941633,-0.0145975035,-0.0032201214
5.3048200607,-0.0041054930,0.0050075324,0.0046564257,-0.0114352852,-0.0103540225,0.0052780258
5.3149499893,-0.0090066632,0.0068886671,0.0114648854,-0.0104727373,0.0002930961,0.0095302286
5.3249449730,-0.0100073060,0.0077999402,0.0114415800,-0.0051125940,-0.0017407602,0.0158986449
5.3353819847,-0.0060921754,0.0097586745,0.0085253036,0.0013157707,-0.0037585706,0.0233287979
5.3451170921,-0.0031040155,0.0117729558,0.0036722340,0.0045603001,-0.0079676965,0.0243876707
5.3551387787,-0.0020298504,0.0128408978,0.0017611303,0.0014070636,-0.0133273089,0.0201375317
5.3652410507,0.0030439056,0.0061019845,0.0008757032,0.0004805494,-0.0271019768,0.0243780836
5.3755702972,0.0062993024,-0.0035933834,-0.0019102774,-0.0068694558,-0.0388178863,0.0275598951
5.3854131699,0.0037589229,-0.0045837788,-0.0008270227,-0.0164198168,-0.0441998690,0.0286214314
5.3953771591,0.0022209741,-0.0056890370,-0.0016697728,-0.0249461401,-0.0453496873,0.0264998246
5.4055080414,0.0016765451,-0.0058365036,0.0004019655,-0.0153345242,-0.0463683493,0.0201260801
5.4158687592,-0.0028013729,-0.0019991761,-0.0043699229,0.0016376143,-0.0366964787,0.0158780068
5.4256200790,-0.0024564706,0.0048662294,-0.0052429521,0.0133003956,-0.0291807726,0.0137551995
5.4356799126,-0.0032048963,0.0050619161,-0.0061618770,0.0228233002,-0.0206245035,0.0116352569
5.4457688332,-0.0020932995,0.0014406760,-0.0061021531,0.0280827768,-0.0131716467,0.0084522478
5.4561119080,-0.0039075161,-0.0050940402,-0.0109087909,0.0228084661,-0.0195904635,0.0073878481
5.4659380913,0.0001532591,-0.0126421070,-0.0137627805,0.0184499361,-0.0112020392,-0.0021630460
5.4759621620,-0.0066015567,-0.0144352876,-0.0137469256,0.0152356345,-0.0102108773,-0.0085321954
5.4861259460,-0.0065237130,-0.0065398049,-0.0117991054,0.0194658004,-0.0070736734,-0.0212732907
5.4966340065,-0.0064721252,-0.0054275175,-0.0127584422,0.0236706380,-0.0006846834,-0.0233942997
5.5061669350,-0.0064866389,-0.0052178577,-0.0078739608,0.0322071351,-0.0006170392,-0.0244582314
5.5162081718,-0.0064531113,-0.0078901025,-0.0059087956,0.0279788338,-0.0049045952,-0.0255217645
5.5263290405,-0.0044141556,-0.0116676111,-0.0078190649,0.0131141338,-0.0124551896,-0.0244599618
5.5366320610,-0.0052466835,-0.0155752404,-0.0116701806,-0.0028641392,-0.0157910641,-0.0265819691
5.5464320183,-0.0061015631,-0.0137637164,-0.0077377046,-0.0135551337,-0.0137414960,-0.0233928338
5.5564641953,-0.0079161962,-0.0090897502,-0.0038157187,-0.0156668611,-0.0158612393,-0.0202080924
5.5665988922,-0.0077773477,-0.0034149410,-0.0008593880,-0.0082656695,-0.0082928026,-0.0085264035
5.5768899918,-0.0067498828,0.0052614422,0.0020549216,-0.0072885565,0.0012919146,-0.0042733350
5.5867438316,-0.0097008487,0.0023081107,0.0030293383,0.0012490051,0.0013734073,-0.0032136631
5.5967292786,-0.0038549148,0.0033678468,0.0059706485,0.0108314585,0.0035865610,-0.0021535251
5.6068792343,-0.0078516146,0.0045023542,0.0088477051,0.0182054844,0.0132008391,-0.0021505957
5.6171569824,-0.0069241370,0.0047272979,0.0068916595,0.0289601032,0.0048138117,-0.0010965832
5.6269659996,0.0029371835,-0.0008335080,0.0030532994,0.0206025708,-0.0133185862,-0.0042889146
5.6369771957,0.0050421511,-0.0084523726,0.0002023496,0.0142470701,-0.0176201910,-0.0042877826
5.6471338272,-0.0025355362,-0.0063543553,0.0031799593,0.0197377093,-0.0335509554,-0.0138533246
5.6574420929,-0.0002495491,0.0035068793,0.0032687702,0.0207962077,-0.0324244350,-0.0053594387
5.6672711372,-0.0047828997,-0.0001930151,0.0072736060,0.0229927823,-0.0387925878,-0.0085485736
5.6772561073,-0.0043979133,-0.0019570752,0.0054405248,0.0230244733,-0.0419541597,-0.0053654304
5.6873941422,-0.0059665586,-0.0047099320,0.0016690410,0.0187026970,-0.0366864279,-0.0053617023
5.6976890564,-0.0085734567,-0.0055614384,0.0007771768,0.0090256762,-0.0293510146,-0.0064165806
5.7075381279,-0.0102652153,-0.0084361536,0.0008578218,0.0047262684,-0.0261914432,-0.0042903125
5.7175269127,-0.0080780825,-0.0093882224,-0.0010126912,0.0036257431,-0.0230314676,-0.0064121862
5.7276101112,-0.0079116365,-0.0132366726,-0.0028992377,0.0024510231,-0.0124446033,-0.0085301977
5.7380170822,-0.0108027002,-0.0151979113,-0.0009449802,0.0001777755,0.0013157499,-0.0106461467
5.7477889061,-0.0128147742,-0.0162242036,-0.0019399009,-0.0009793676,0.0097321384,-0.0201978385
5.7577629089,-0.0119742891,-0.0114380633,-0.0039351666,0.0010749148,0.0171299335,-0.0276278593
5.7678980827,-0.0081879040,-0.0144215487,-0.0029852472,0.0021969043,0.0118550099,-0.0244453810
5.7782182693,-0.0024045252,-0.0164000094,-0.0010252676,0.0022403412,0.0075893584,-0.0276320539
5.7880468369,0.0005268610,-0.0135534815,-0.0039594853,0.0012477813,0.0001530137,-0.0276355147
5.7980470657,0.0005595541,-0.0165535230,-0.0049112523,-0.0051125679,-0.0041468595,-0.0276361145
5.8081688881,-0.0013340855,-0.0127932830,-0.0058854902,-0.0072265845,-0.0063013565,-0.0297602527
5.8184547424,-0.0022364699,-0.0080478964,-0.0049021924,-0.0029800143,-0.0041702953,-0.0340069272
5.8282828331,-0.0041448022,-0.0061951098,-0.0058807814,0.0001867507,-0.0009939431,-0.0393151417
5.8383350372,-0.0060920264,-0.0072364090,-0.0058794105,0.0054570134,0.0054120910,-0.0403754115
5.8483810425,-0.0041840817,-0.0033782693,-0.0058934176,0.0097143427,0.0065034544,-0.0414377451
5.8587398529,-0.0003257239,-0.0053460011,-0.0078355158,0.0064880829,0.0085560866,-0.0478068292
5.8685321808,-0.0004549169,-0.0044518793,-0.0039801681,0.0000128737,0.0159548800,-0.0435542949
5.8785691261,-0.0045736278,-0.0025934707,0.0056829965,0.0020993268,0.0201624744,-0.0520474501
5.8886451721,-0.0007965707,0.0021686084,0.0027235665,0.0021536555,0.0148713067,-0.0499265082
5.8990592957,0.0059266244,0.0001111841,-0.0002157174,0.0010979511,0.0138433920,-0.0435568243
5.9087519646,0.0028670884,0.0000416386,-0.0002714478,0.0085571986,0.0149696432,-0.0435581580
5.9188370705,0.0018096721,0.0088032167,-0.0032458983,0.0203732457,0.0076227146,-0.0467485562
5.9290590286,0.0046850299,0.0108601060,-0.0042231167,0.0299885888,0.0066525247,-0.0456896834
5.9393262863,0.0026325739,0.0150321461,0.0006050981,0.0502397157,0.0089598214,-0.0446331427
5.9490451813,-0.0023277246,0.0183729418,-0.0013844452,0.0609339066,0.0069517978,-0.0414514653
5.9591650963,0.0005582726,0.0178665463,-0.0052906955,0.0619921684,0.0080428282,-0.0382657237
5.9692077637,-0.0043707634,0.0134630604,-0.0082321251,0.0567225702,0.0016578997,-0.0340203792
5.9796009064,-0.0024378144,0.0138471751,-0.0150464261,0.0460531190,0.0015711471,-0.0329554491
5.9893121719,-0.0044281329,0.0101930927,-0.0160333589,0.0215006415,0.0024454629,-0.0287015792
5.9994139671,-0.0074257995,0.0053319912,-0.0131200040,-0.0031144777,0.0096924566,-0.0233824477
6.0094480515,-0.0066038813,0.0021730871,-0.0102391923,-0.0277852006,0.0222239625,-0.0212463252
6.0198297501,-0.0117716631,-0.0001623863,-0.0054675424,-0.0353156626,0.0285733361,-0.0138087831
6.0295791626,-0.0052396203,0.0072190324,-0.0016574941,-0.0300545897,0.0360469669,-0.0138063869
6.0396618843,-0.0016754115,0.0127028236,0.0021254935,-0.0247347616,0.0371421911,-0.0159322545
6.0497388840,0.0009284771,0.0135011161,0.0078827059,-0.0001492603,0.0330987126,-0.0180641152
6.0601091385,0.0065253829,0.0193480197,0.0078117764,0.0202014446,0.0258129705,-0.0233807173
6.0698561668,0.0102070132,0.0215284415,0.0096965348,0.0415781066,0.0228440780,-0.0191404317
6.0798850060,0.0100684622,0.0151053248,0.0116288578,0.0502658933,0.0080782482,-0.0170262158
6.0898981094,0.0130420187,0.0136109367,0.0077491915,0.0536281392,-0.0077949902,-0.0149113974
6.1003398895,0.0112231830,0.0072087124,0.0058550751,0.0408833399,-0.0143215321,-0.0223438144
6.1101121902,0.0085223773,0.0025855447,0.0010550537,0.0261225030,-0.0313172974,-0.0053597717
6.1201972961,0.0127329687,-0.0011005047,0.0031186857,0.0239965282,-0.0324103236,-0.0074838423
6.1302652359,0.0061780070,0.0048859045,0.0002462782,0.0196561087,-0.0249859616,-0.0021700370
6.1406731606,0.0015049434,0.0050224368,-0.0006753288,0.0143138077,-0.0239445344,0.0020797024
6.1504468918,0.0026302494,0.0060913516,-0.0016054594,0.0163191687,-0.0112076988,-0.0000380434
6.1605029106,-0.0032269203,0.0090994351,-0.0065071667,0.0150646605,0.0068080537,-0.0021541910
6.1705789566,-0.0053688730,0.0053209853,-0.0075217569,0.0170359313,0.0227001999,-0.0085175484
6.1809129715,-0.0036872469,0.0074226372,-0.0085865939,0.0233463459,0.0323110186,-0.0074514854
6.1907052994,0.0027851916,0.0037417221,-0.0125638330,0.0232376866,0.0428933538,-0.0116933677
6.2007670403,0.0033055402,0.0000065533,-0.0136710489,0.0135923848,0.0470600687,-0.0106267054
6.2108421326,0.0008773363,-0.0047765723,-0.0108995521,0.0071997326,0.0459362157,-0.0116874427
6.2211961746,0.0043287133,-0.0009224582,-0.0090882266,0.0018488569,0.0469309054,-0.0148720508
6.2309660912,0.0009474016,0.0018851109,-0.0063104117,-0.0183845088,0.0425028689,-0.0159309227
6.2410259247,0.0005479908,-0.0022918230,-0.0044831717,-0.0290417075,0.0413758866,-0.0116811171
6.2510929108,-0.0027488314,-0.0026007537,0.0022157349,-0.0321557447,0.0328875929,-0.0074373698
6.2614030838,-0.0000891530,0.0029051327,0.0031063475,-0.0310306922,0.0276400317,-0.0000073505
6.2711911201,0.0006565309,0.0026219389,0.0079001701,-0.0277845636,0.0234516785,0.0042369296
6.2812638283,-0.0024850809,0.0072441767,0.0068407571,-0.0234730374,0.0192376915,0.0031722644
6.2913260460,-0.0026645802,0.0109186182,0.0048302924,-0.0224043112,0.0192677863,0.0063574049
6.3016881943,-0.0038504147,0.0088001471,0.0086592948,-0.0223758444,0.0160717927,0.0042313365
6.3114318848,-0.0050001289,0.0067044753,0.0134916222,-0.0149032800,0.0161716621,0.0095384838
6.3215332031,-0.0051471437,0.0046866145,0.0105104959,-0.0074591311,0.0194532759,0.0148484949
6.3315992355,-0.0024199926,0.0007783045,0.0036517300,-0.0011090906,0.0248211436,0.0159113612
6.3419647217,-0.0036402785,0.0018199688,0.0025987544,0.0084825242,0.0259738248,0.0169704352
6.3516912460,-0.0019597851,0.0029176231,-0.0013824187,0.0127153527,0.0291456487,0.0095383506
6.3617930412,-0.0012625897,-0.0027844459,-0.0014547788,0.0084691010,0.0269789025,0.0084770815
6.3718242645,0.0013851976,-0.0085696792,-0.0005519472,-0.0001132013,0.0311137252,0.0031723310
6.3822121620,0.0020834364,-0.0144306524,0.0032659688,-0.0065036416,0.0299961977,0.0031739953
6.3919630051,0.0047679995,-0.0164650399,0.0041796481,-0.0149565153,0.0214197524,0.0010482601
6.4020409584,0.0055634831,-0.0205606353,0.0021833100,-0.0266572759,0.0170536339,-0.0021375464
6.4121270180,0.0005434013,-0.0160413422,0.0011460698,-0.0415459424,0.0115904249,-0.0063836905
6.4224462509,-0.0054700519,-0.0135925543,-0.0008843027,-0.0511811301,0.0146892127,-0.0063793627
6.4322862625,-0.0056105996,-0.0112781944,-0.0019142113,-0.0629871860,0.0209042318,-0.0138058541
6.4422841072,-0.0126947602,-0.0089342324,0.0018729486,-0.0481119901,0.0273867659,-0.0159298573
6.4523849487,-0.0149683794,0.0042605386,-0.0002204262,-0.0258514266,0.0424365550,-0.0159279928
6.4627170563,-0.0134396097,0.0089376876,-0.0023102842,-0.0098761367,0.0457734950,-0.0138070518
6.4725480080,-0.0090145608,0.0049845967,-0.0014546595,0.0017978298,0.0522351228,-0.0148685882
6.4825468063,-0.0105286082,0.0031175399,0.0003168501,0.0103448732,0.0512702614,-0.0116866436
6.4926829338,-0.0041430141,0.0041897902,0.0011755741,0.0093421936,0.0449018441,-0.0106277708
6.5029768944,0.0022944070,0.0013107491,0.0000970282,-0.0034194635,0.0405526347,-0.0095646372
6.5128231049,-0.0000470722,-0.0036606891,0.0009528316,-0.0204397254,0.0351054035,-0.0085012363
6.5228557587,0.0016524052,-0.0097766994,-0.0020351491,-0.0373829156,0.0222587157,-0.0031942220
6.5328869820,0.0102841714,-0.0121203829,-0.0040013278,-0.0416306593,0.0200925004,-0.0042560240
6.5432491302,0.0032999374,-0.0048123254,-0.0109242881,-0.0384267159,0.0201337785,-0.0021326863
6.5530538559,0.0001553750,0.0045598187,-0.0090845311,-0.0256568603,0.0233801715,-0.0095669003
6.5630741119,-0.0030039393,0.0101639768,-0.0091761434,-0.0161046572,0.0287686121,-0.0095661674
6.5732107162,-0.0042922641,0.0119924806,-0.0044055665,-0.0033747470,0.0362936407,-0.0116892401
6.5834999084,-0.0056318785,0.0110216578,-0.0016036115,0.0072885752,0.0374753512,-0.0074439617
6.5933470726,-0.0030609213,0.0071946038,-0.0007321917,0.0083370619,0.0396413021,-0.0021341508
6.6033411026,-0.0024549209,0.0043573463,-0.0027893863,0.0030011255,0.0396232568,0.0021135244
6.6134848595,-0.0038029694,0.0053603658,-0.0019331060,-0.0044256309,0.0353209190,0.0031750603
6.6237640381,-0.0070813741,0.0052688690,-0.0030391298,-0.0151098864,0.0362610817,-0.0010690197
6.6336050034,-0.0083988747,0.0021378715,-0.0041285837,-0.0215131938,0.0361982323,-0.0021292241
6.6436080933,-0.0087652346,0.0019263664,-0.0042500580,-0.0162208788,0.0404819958,-0.0031902939
6.6536750793,-0.0052308585,0.0056658266,-0.0024199567,-0.0119726043,0.0426551327,-0.0010666893
6.6641230583,-0.0046640779,0.0074696206,-0.0015786372,-0.0098708384,0.0458498634,-0.0021274262
6.6738071442,-0.0070895697,0.0044672703,0.0031382956,-0.0109800436,0.0500914790,-0.0010632273
6.6839408875,-0.0066158916,0.0072974786,0.0107795512,-0.0120654153,0.0522315279,0.0031856466
6.6939330101,-0.0061509754,0.0091433516,0.0115871942,-0.0078384457,0.0565266758,0.0053103166
6.7043590546,-0.0096183261,0.0129894363,0.0143088615,-0.0089044552,0.0565667562,0.0127422670
6.7140851021,-0.0120851835,0.0119795175,0.0151208555,-0.0045773517,0.0513682663,0.0233565625
6.7242259979,-0.0056223418,0.0120667508,0.0120894825,-0.0001418302,0.0355519503,0.0329045951
6.7342000008,-0.0020202242,0.0160523001,0.0100370562,0.0020488854,0.0303071216,0.0392722115
6.7446360588,-0.0042010988,0.0152562074,0.0148359453,0.0054023657,0.0154870953,0.0403266251
6.7543382645,0.0035514988,0.0163813662,0.0138617074,0.0022888640,0.0070057265,0.0456321724
6.7644729614,0.0074404632,0.0145899728,0.0109534776,0.0023406874,0.0017367955,0.0509370565
6.7744679451,0.0064945375,0.0128220962,0.0129235303,0.0013507912,-0.0056649279,0.0562426075
6.7848291397,0.0045822416,0.0100795887,0.0100090420,0.0023986390,-0.0035272082,0.0573057421
6.7946691513,0.0056475555,0.0073159318,0.0080971634,0.0013954258,-0.0099025499,0.0573028103
6.8046679497,0.0076143895,0.0085383821,0.0110387718,0.0161811914,0.0050481702,0.0519967265
6.8147401810,-0.0022897564,0.0148097007,0.0168052241,0.0395727977,0.0137412604,0.0519951284
6.8250899315,0.0044782315,0.0163505934,0.0089958822,0.0545554496,0.0096134273,0.0498661324
6.8348617554,0.0142136971,0.0092063788,-0.0007131778,0.0535628907,0.0021770827,0.0498626679
6.8449392319,0.0131805697,0.0030326173,-0.0036263547,0.0514045022,0.0042387689,0.0434935875
6.8550238609,0.0082759419,0.0006514094,-0.0065748179,0.0386490300,-0.0012196458,0.0371233076
6.8653578758,0.0092752138,-0.0048046988,-0.0055731023,0.0216413625,-0.0077499165,0.0350020342
6.8751931190,0.0063740765,-0.0084086712,-0.0016508184,0.0162828155,-0.0056952876,0.0318190232
6.8851938248,0.0034921325,-0.0052905912,-0.0016644082,0.0098884599,-0.0068114190,0.0318192877
6.8952960968,0.0006193078,-0.0051112827,-0.0026211224,0.0130877150,-0.0068111527,0.0275712814
6.9056482315,0.0065423106,-0.0039853952,-0.0035604320,0.0141828880,-0.0099834427,0.0275680181
6.9154701233,0.0075627719,-0.0037235678,0.0003616132,0.0226437505,-0.0025026237,0.0243842099
6.9254617691,0.0036700226,-0.0004836460,-0.0016007505,0.0333371945,-0.0045601819,0.0201343372
6.9355878830,-0.0012443805,0.0018251023,-0.0025963269,0.0343276225,0.0028484657,0.0158905890
6.9458861351,-0.0032276951,-0.0007627380,-0.0006671034,0.0247248225,0.0027498621,0.0137702469
6.9556598663,-0.0032778822,-0.0072608646,0.0032439150,0.0215122513,0.0037759780,0.0127097759
6.9657192230,-0.0042947973,-0.0041274405,0.0032160797,0.0129854502,0.0026547874,0.0148344459
6.9758191109,-0.0033257448,-0.0068638148,0.0022528686,0.0108735636,0.0005279870,0.0169575196
6.9861168861,-0.0003625893,-0.0057887454,0.0003213800,0.0024097972,-0.0069731390,0.0169554539
6.9959268570,0.0055705165,-0.0076815551,-0.0006204330,-0.0071922299,-0.0070293322,0.0212050602
7.0060358047,0.0046515022,-0.0086404979,0.0013568320,-0.0028933827,-0.0101887072,0.0190785918
7.0160708427,-0.0001900041,-0.0066136178,0.0042748963,0.0034241686,-0.0016447532,0.0190812554
7.0264167786,-0.0001444959,-0.0026098615,0.0023321428,0.0108835232,-0.0005469981,0.0148335136
7.0362191200,-0.0040991749,-0.0033935385,-0.0006130420,0.0182367768,0.0111962110,0.0158993118
7.0462579727,-0.0061780657,-0.0012539070,-0.0065134251,0.0182186142,0.0133242095,0.0169631094
7.0563268661,-0.0024460100,-0.0029984182,-0.0104514444,0.0117194355,0.0228103902,0.0159076992
7.0667037964,-0.0036289834,-0.0077646514,-0.0124777639,-0.0010857079,0.0215913933,0.0084754163
7.0764608383,-0.0028922998,-0.0117171966,-0.0125421965,-0.0214490369,0.0298676994,0.0031757262
7.0865101814,-0.0080984971,-0.0158631559,-0.0126449550,-0.0321413092,0.0318608098,-0.0021284916
7.0966482162,-0.0084073981,-0.0142379897,-0.0108105028,-0.0321753994,0.0350161195,-0.0063741030
7.1069140434,-0.0067969109,-0.0087045385,-0.0070293033,-0.0289654341,0.0339411348,-0.0127458489
7.1167211533,-0.0080533167,-0.0060533388,-0.0061620558,-0.0171529856,0.0266097225,-0.0138143087
7.1267232895,0.0005444444,-0.0003765886,-0.0062160576,-0.0021537961,0.0203402415,-0.0191309117
7.1368961334,-0.0035318576,0.0015272690,-0.0053116167,0.0000252025,0.0161425658,-0.0148863653
7.1472177505,-0.0056329812,-0.0023459396,-0.0024262152,0.0075164889,0.0140644349,-0.0180741027
7.1570029259,-0.0048029567,-0.0013543783,-0.0034515939,0.0075047710,0.0151115898,-0.0201971736
7.1670722961,-0.0019675337,-0.0003312262,-0.0025063239,0.0085847629,0.0140662324,-0.0191355702
7.1771507263,-0.0011268997,-0.0002277323,-0.0015748225,0.0202901550,0.0173379257,-0.0212605074
7.1874732971,-0.0032786571,0.0018652264,-0.0016407453,0.0202232283,0.0237121359,-0.0201967731
7.1972799301,-0.0044984366,0.0000366355,-0.0007451259,0.0137602696,0.0300706998,-0.0127593651
7.2073040009,-0.0048166360,-0.0027805348,-0.0008514606,0.0104933977,0.0375305451,-0.0031970851
7.2174229622,-0.0021922134,0.0040579415,-0.0038884364,-0.0001352783,0.0331933200,-0.0031965524
7.2277450562,-0.0024897896,0.0001048754,-0.0059262598,-0.0086550778,0.0309910886,-0.0042585544
7.2374877930,-0.0067411806,-0.0000319417,-0.0040996755,-0.0183124989,0.0362122133,-0.0042534946
7.2475810051,-0.0080633303,-0.0012416485,-0.0013023100,-0.0311178826,0.0361074172,-0.0031886296
7.2576999664,-0.0054344679,-0.0034753939,-0.0004128896,-0.0331647880,0.0276284460,0.0010548513
7.2680149078,-0.0008221113,-0.0008461545,0.0034011521,-0.0257454626,0.0330262110,0.0053030592
7.2778201103,-0.0050643529,0.0067527625,0.0071526682,-0.0172414556,0.0362699404,0.0031789220
7.2877740860,-0.0054152752,0.0085423840,0.0050955927,-0.0172524005,0.0373595059,0.0074257981
7.2979440689,-0.0038208209,0.0035711834,0.0059655821,-0.0108794551,0.0406261384,0.0116730072
7.3082599640,-0.0081236204,0.0055054124,0.0067825234,0.0008612489,0.0407136232,0.0095476722
7.3180751801,-0.0055604721,0.0104302494,0.0037389316,0.0062203282,0.0386659168,0.0137924841
7.3281002045,0.0019286430,0.0017748737,0.0017118372,0.0030310340,0.0375906639,0.0159164891
7.3380079269,0.0025431372,-0.0059723398,0.0025858798,-0.0066072131,0.0406620875,0.0116732745
7.3482551575,-0.0017719710,-0.0089647258,0.0034229078,-0.0151804602,0.0437151380,0.0031825840
7.3581171036,-0.0031567656,-0.0091806334,0.0032675781,-0.0279758833,0.0425353572,0.0021234448
7.3684940338,-0.0016270125,-0.0085258931,0.0080094254,-0.0376029760,0.0445598252,0.0000031026
7.3784732819,-0.0050199176,-0.0088785943,0.0127066886,-0.0376136228,0.0456208289,0.0000036352
7.3887958527,-0.0034590506,-0.0043807370,0.0155001795,-0.0375366844,0.0382071882,0.0021239775
7.3986082077,0.0030403889,-0.0017848838,0.0183125064,-0.0342905596,0.0340188369,0.0063682571
7.4086360931,-0.0021489405,-0.0000377595,0.0240452811,-0.0171537306,0.0278094746,0.0074220034
7.4187059402,-0.0004011834,0.0057190098,0.0229925439,-0.0074526332,0.0183581822,0.0095384177
7.4291677475,0.0003965950,0.0076836520,0.0219547078,0.0042842897,0.0184612460,0.0095349560
7.4388170242,-0.0026860677,0.0097623058,0.0209111497,0.0149960564,0.0142827481,0.0052829525
7.4489579201,-0.0047636176,0.0109455781,0.0208696052,0.0225412436,0.0069278292,0.0063392287
7.4590282440,-0.0008693182,0.0111881504,0.0159942433,0.0258347765,-0.0026417074,-0.0010989800
7.4693799019,0.0060275649,0.0075276587,0.0141038811,0.0205550063,-0.0079942625,-0.0010993797
7.4791717529,0.0031474985,0.0018999485,0.0150986230,0.0226461198,-0.0037385304,-0.0021595841
7.4892129898,0.0022395707,-0.0028056456,0.0131851947,0.0152356355,-0.0101610757,-0.0011009109
7.4992361069,0.0023668266,-0.0036536651,0.0122530377,0.0131684896,-0.0165041946,0.0052672401
7.5095968246,0.0024755157,-0.0016205766,0.0122908866,0.0045423508,-0.0069965748,0.0105846403
7.5194540024,-0.0023248040,-0.0025990289,0.0103508150,-0.0082307030,-0.0102845132,0.0116480412
7.5294580460,-0.0002737486,-0.0036979676,0.0045345342,-0.0210133716,-0.0124904756,0.0158971809
7.5395150185,-0.0021335625,-0.0019567334,0.0035890259,-0.0274278596,-0.0114992484,0.0137757063
7.5498819351,-0.0039794589,0.0016467279,-0.0012636863,-0.0359323993,-0.0147499032,0.0148380417
7.5596680641,-0.0028553747,0.0003340697,-0.0051058019,-0.0412259661,-0.0190474465,0.0137754399
7.5697231293,-0.0007076108,-0.0000168345,-0.0069995606,-0.0422890708,-0.0190368593,0.0169619787
7.5797367096,-0.0015130186,0.0025920137,-0.0040232623,-0.0316087306,-0.0200254247,0.0137733761
7.5901117325,-0.0013384068,0.0101853674,-0.0010503017,-0.0209272727,-0.0209645890,0.0180164576
7.5999202728,-0.0002046966,0.0120524839,-0.0009970152,-0.0092293350,-0.0165903457,0.0222628675
7.6099519730,0.0009279108,0.0101384539,-0.0038629852,-0.0007124655,-0.0144012943,0.0212005991
7.6200389862,0.0010706639,0.0102577098,-0.0028520308,0.0057334495,-0.0185824577,0.0222586729
7.6304278374,0.0022223450,0.0065032872,-0.0027760945,0.0046543898,-0.0175374337,0.0211974028
7.6401801109,0.0023804463,-0.0002288520,-0.0036829195,-0.0028362833,-0.0154737495,0.0222621355
7.6502380371,-0.0004376912,-0.0041656541,-0.0085126245,-0.0189075284,-0.0092402883,0.0233307946
7.6602821350,-0.0043024863,-0.0111291483,-0.0094760740,-0.0296613723,-0.0008108506,0.0286467299
7.6706838608,-0.0043357755,-0.0093716942,-0.0114417756,-0.0254691057,0.0066540558,0.0286487956
7.6804389954,-0.0073937918,-0.0075786570,-0.0134397233,-0.0213081799,0.0172875263,0.0265294518
7.6904840469,-0.0076203789,-0.0057530403,-0.0096218074,-0.0170933828,0.0226015318,0.0222844388
7.7005238533,-0.0068655754,-0.0048390236,-0.0106797898,-0.0043203300,0.0258894693,0.0212210380
7.7111039162,-0.0091246208,0.0009919453,-0.0098331654,-0.0033242283,0.0321748629,0.0074204719
7.7207317352,-0.0103702387,-0.0067630182,-0.0050221765,-0.0074638454,0.0194193870,0.0095387502
7.7307519913,-0.0017450595,-0.0165283252,0.0027641573,-0.0170380957,0.0161532182,0.0095388172
7.7408437729,-0.0038484775,-0.0166697316,0.0075842058,-0.0265980437,0.0118460888,0.0127244908
7.7512178421,-0.0019155288,-0.0207828451,0.0056377565,-0.0307027232,-0.0040934631,0.0148422364
7.7609872818,0.0011172747,-0.0152087398,0.0037128844,-0.0306180324,-0.0125884144,0.0137761729
7.7710280418,-0.0035859190,-0.0076402007,-0.0001638614,-0.0187671520,-0.0241908096,0.0084576402
7.7811040878,-0.0043208743,-0.0019182701,-0.0000971042,-0.0059664026,-0.0241412744,-0.0011017765
7.7914619446,-0.0050082351,-0.0068214480,-0.0058323825,0.0047672540,-0.0304491017,-0.0064162477
7.8012390137,-0.0027675771,-0.0067169294,-0.0028036318,0.0207289103,-0.0260998942,-0.0117271235
7.8113012314,-0.0084358891,-0.0006126630,0.0021111884,0.0398889408,-0.0217643362,-0.0234095454
7.8213429451,-0.0092061600,0.0026617693,0.0011926211,0.0452251174,-0.0217108056,-0.0223490745
7.8317441940,-0.0030793392,-0.0037529054,-0.0025841675,0.0431452431,-0.0270348638,-0.0223508049
7.8414559364,-0.0018499339,-0.0112865176,-0.0073486054,0.0217781700,-0.0251408257,-0.0287152268
7.8515777588,-0.0055342163,-0.0141565874,-0.0053348029,0.0078845648,-0.0231401250,-0.0287105683
7.8616180420,-0.0073499228,-0.0112411333,0.0015428580,0.0077556674,-0.0104219327,-0.0308277812
7.8720331192,-0.0102097532,-0.0025028684,0.0034740486,0.0151677243,-0.0039714901,-0.0276394449
7.8817410469,-0.0121406754,-0.0024352269,-0.0004240953,0.0161618814,0.0034856270,-0.0244505759
7.8918738365,-0.0102742454,-0.0013807899,-0.0033727370,0.0128126377,0.0183681697,-0.0159489661
7.9018802643,-0.0074958350,-0.0032645762,-0.0014554345,0.0074785920,0.0183423366,-0.0127622280
7.9122200012,-0.0037509047,-0.0061461758,-0.0005184494,0.0021811649,0.0140319448,-0.0159494318
7.9220399857,-0.0018939817,-0.0081402091,0.0004401721,-0.0073276525,0.0043921005,-0.0170136318
7.9320631027,0.0039575552,-0.0092208898,0.0023999133,-0.0083752070,0.0022258186,-0.0223231092
7.9421949387,-0.0009631955,-0.0025862828,0.0072333729,-0.0115366448,-0.0020807791,-0.0276334509
7.9524908066,0.0000778592,0.0020678132,0.0091916835,-0.0168212615,-0.0074316021,-0.0276355818
7.9623389244,0.0051078354,-0.0020820596,0.0121847903,-0.0220477134,-0.0180536211,-0.0223305654
7.9723329544,0.0043293689,-0.0013186316,0.0161466524,-0.0091857398,-0.0232479163,-0.0223352946
7.9825119972,0.0055943285,0.0073321350,0.0172001645,0.0015814211,-0.0327037349,-0.0223427489
7.9929318428,0.0069217836,0.0082438253,0.0114697134,-0.0005313708,-0.0348373242,-0.0212816130
8.0026292801,0.0082858959,0.0052951449,0.0116162216,0.0081148483,-0.0453381687,-0.0159800593
8.0126705170,0.0086757699,0.0073684352,0.0136924302,0.0272845738,-0.0420063585,-0.0191704594
8.0225524902,0.0051389490,0.0163890086,0.0089163100,0.0399867892,-0.0312429257,-0.0127975140
8.0328359604,0.0005283511,0.0128051592,0.0031512894,0.0346241407,-0.0280869473,-0.0096079791
8.0426635742,-0.0012081707,0.0082270913,-0.0016461096,0.0334733874,-0.0195874684,-0.0064180451
8.0527009964,-0.0000633740,0.0094334362,-0.0035255633,0.0227913149,-0.0186338574,-0.0085381214
8.0629701614,0.0020520545,0.0066313641,-0.0034548722,0.0089095887,-0.0176732540,-0.0053487197
8.0732955933,0.0021733202,0.0076439185,0.0004771866,0.0035313079,-0.0134687228,-0.0042836550
8.0830698013,-0.0006261611,0.0066116513,-0.0033854924,-0.0081623662,-0.0177875720,-0.0000356465
8.0931596756,0.0044421111,0.0045396341,-0.0033137284,-0.0188322961,-0.0178456940,0.0052755624
8.1031866074,-0.0003274226,0.0014317689,-0.0003521524,-0.0220645741,-0.0146767991,0.0074015642
8.1136150360,-0.0031229102,0.0051322114,0.0006529607,-0.0188602824,-0.0146285286,0.0105866380
8.1233310699,-0.0020008825,0.0088615278,-0.0051636184,-0.0146034863,-0.0135440892,0.0084625008
8.1333799362,0.0020452000,0.0067634257,-0.0070453966,-0.0177925956,-0.0146194082,0.0105865709
8.1434926987,0.0031762875,0.0076393164,-0.0079707587,-0.0092140213,-0.0188027006,0.0084587056
8.1538295746,0.0043556546,0.0115162702,-0.0059648836,0.0015226984,-0.0250831675,0.0073917764
8.1636314392,0.0026502765,0.0115683200,-0.0117303813,0.0143053392,-0.0228700805,0.0042042392
8.1736507416,-0.0000688279,0.0107530188,-0.0116739357,0.0143217715,-0.0249832310,0.0052630454
8.1838083267,-0.0018124426,0.0040862574,-0.0106058205,0.0079221958,-0.0249976125,0.0116354572
8.1940927505,0.0003654814,0.0022570509,-0.0105298245,0.0078525264,-0.0175367668,0.0169489961
8.2039136887,-0.0044036652,0.0013837601,-0.0134206498,0.0077800886,-0.0100820474,0.0211999342
8.2139196396,-0.0102043292,0.0034388853,-0.0124492133,-0.0018766671,-0.0048398143,0.0243900679
8.2240056992,-0.0112007996,0.0015285678,-0.0124555910,-0.0030524526,0.0057332017,0.0201484524
8.2343587875,-0.0181543082,-0.0023672585,-0.0173776224,-0.0042218454,0.0163395070,0.0212171786
8.2441577911,-0.0164252073,-0.0043202108,-0.0193904713,-0.0054189377,0.0290345289,0.0169766266
8.2541828156,-0.0147549948,-0.0082267122,-0.0194754675,-0.0129246842,0.0321465656,0.0159170870
8.2643146515,-0.0111307343,-0.0141774565,-0.0176024511,-0.0171974599,0.0320538878,0.0074237343
8.2746620178,-0.0134552857,-0.0094756680,-0.0148087228,-0.0172741041,0.0394389667,0.0010570486
8.2844429016,-0.0119011840,-0.0037852079,-0.0091099823,-0.0119523108,0.0405050330,-0.0053145643
8.2944211960,-0.0053888406,-0.0067763776,-0.0043063844,-0.0044412641,0.0363196731,-0.0063806945
8.3045749664,-0.0027618848,-0.0067670927,0.0014356889,0.0041405065,0.0321779251,-0.0021377462
8.3148765564,-0.0010700071,-0.0027594208,0.0052598035,0.0191584434,0.0249228086,0.0042257439
8.3246717453,0.0026649989,-0.0014654248,0.0032612600,0.0437673852,0.0187850222,0.0063400273
8.3347883224,0.0025151528,0.0068281200,0.0031987347,0.0544649549,0.0167686753,0.0084613021
8.3447475433,-0.0015316749,0.0064813038,0.0060591614,0.0662438497,0.0125994971,0.0042090327
8.3552303314,-0.0006334030,0.0051638065,0.0040929830,0.0566593483,0.0103870761,0.0031481625
8.3648929596,0.0032249249,-0.0031630527,-0.0007633649,0.0311244261,0.0027571192,0.0063362326
8.3749513626,0.0071256016,-0.0155531457,0.0041541373,0.0087888138,-0.0048370175,0.0105843740
8.3850889206,0.0061876928,-0.0175028034,0.0041671908,-0.0211147591,-0.0030106218,0.0052838842
8.3953762054,0.0022939302,-0.0177897848,0.0022170462,-0.0403464809,-0.0010912151,-0.0000190682
8.4051761627,-0.0016529703,-0.0133377239,0.0041291630,-0.0393667072,0.0073784362,-0.0042622830
8.4153223038,-0.0037324869,0.0018365142,0.0050153052,-0.0287795998,0.0159308445,-0.0085067628
8.4255237579,-0.0078281900,0.0064483751,0.0058959043,-0.0117923617,0.0245472360,-0.0116921701
8.4356842041,-0.0061215307,0.0083124852,0.0028976121,0.0062993704,0.0289379228,-0.0138202347
8.4454307556,-0.0073887850,0.0093898429,0.0037609257,0.0212199967,0.0312181208,-0.0095756892
8.4555015564,-0.0056850757,0.0056711696,-0.0002035581,0.0212965105,0.0237690601,-0.0127635598
8.4656543732,-0.0029956840,0.0019507931,-0.0002690636,0.0106497249,0.0215953887,-0.0063911472
8.4759330750,-0.0051197256,-0.0018961121,-0.0013035022,-0.0009905798,0.0119928289,0.0010390722
8.4857597351,-0.0022118532,-0.0078339651,-0.0061537111,-0.0232724510,-0.0009349540,0.0010382732
8.4957427979,-0.0002192998,-0.0091020847,-0.0041887844,-0.0381781086,-0.0042350101,0.0031644078
8.5058422089,0.0007915652,-0.0094985981,0.0006932534,-0.0467039496,-0.0053636581,0.0042278082
8.5161952972,-0.0030587160,-0.0040850621,0.0006945051,-0.0381480940,-0.0074457838,-0.0010843328
8.5259284973,-0.0009966636,0.0014600895,-0.0051347697,-0.0178619958,-0.0083296876,-0.0010899254
8.5360088348,0.0000042176,0.0032287436,-0.0080472911,-0.0105471201,0.0065205651,-0.0117025552
8.5460777283,-0.0049995626,0.0022164490,-0.0022496067,0.0085951490,0.0130266678,-0.0159513634
8.5564718246,-0.0002313101,0.0062194960,-0.0032694421,0.0288711525,0.0132035688,-0.0159562230
8.5662851334,0.0005468882,0.0075500426,-0.0013815247,0.0522387959,0.0239840448,-0.0212657675
8.5762910843,-0.0006412708,0.0040802620,-0.0033886514,0.0522787683,0.0196982846,-0.0276385117
8.5864295959,0.0021158911,-0.0033566002,-0.0063498104,0.0362910107,0.0174087659,-0.0318827927
8.5967397690,0.0029663302,-0.0070219748,-0.0093112076,0.0267074145,0.0152031360,-0.0318817273
8.6065568924,0.0038003779,-0.0079127839,-0.0093441093,0.0160462465,0.0140419984,-0.0329413973
8.6165657043,0.0056475555,-0.0059896545,-0.0084038461,0.0011812281,0.0064772889,-0.0340029374
8.6266708374,0.0085440436,-0.0003458415,-0.0103743160,-0.0084437029,0.0085223299,-0.0329376720
8.6370067596,0.0084399143,0.0072649717,-0.0065299356,-0.0073946565,0.0106880795,-0.0276276600
8.6467990875,0.0083109001,0.0119672148,0.0012121715,-0.0106477067,0.0159859061,-0.0244387910
8.6568222046,0.0062080477,0.0156725291,0.0060173189,-0.0127796475,0.0159948952,-0.0201909821
8.6669616699,0.0069843684,0.0193900373,0.0079009449,-0.0117849577,0.0234589353,-0.0159403104
8.6772670746,0.0057458733,0.0212458726,0.0136447465,-0.0075236065,0.0246200077,-0.0063850884
8.6871061325,0.0074576293,0.0251269881,0.0155151999,0.0042174719,0.0247571599,-0.0010790066
8.6970739365,0.0092268148,0.0241990928,0.0105798161,0.0085319523,0.0205990337,0.0063502807
8.7072315216,0.0109619955,0.0243166108,0.0134406602,0.0053555998,0.0184975322,0.0137826307
8.7175207138,0.0078665176,0.0214243699,0.0133839762,-0.0095528569,0.0151984757,0.0159077663
8.7273702621,0.0077338670,0.0145265013,0.0143296635,-0.0191420987,0.0141089763,0.0244040489
8.7373580933,0.0085675279,0.0144104799,0.0172147080,-0.0233720541,0.0109147811,0.0286523234
8.7474575043,0.0055366014,0.0171487685,0.0191013739,-0.0254615694,0.0066798227,0.0328979343
8.7577972412,0.0074273800,0.0140497359,0.0181174204,-0.0286446027,0.0045237937,0.0318350010
8.7676248550,0.0064013158,0.0138071608,0.0151691949,-0.0329147168,0.0044657369,0.0286506601
8.7776222229,0.0014741874,0.0145697007,0.0161136910,-0.0243376605,0.0002901002,0.0275838636
8.7876996994,0.0014083242,0.0153760444,0.0131602203,-0.0244100988,0.0077448208,0.0318348035
8.7980451584,-0.0035369836,0.0152099030,0.0092313206,-0.0254204758,0.0024434654,0.0339568779
8.8079061508,-0.0055864300,0.0122229103,0.0140703237,-0.0148104420,0.0089373179,0.0392664224
8.8178882599,-0.0056534554,0.0132293683,0.0091748750,-0.0030358071,0.0059122327,0.0477563068
8.8279953003,-0.0027596198,0.0123710940,0.0072203195,-0.0061791362,0.0006415707,0.0573106632
8.8383369446,-0.0037769221,0.0036868304,0.0052689826,-0.0179333966,0.0027444693,0.0700559616
8.8480997086,-0.0028345727,-0.0021202676,0.0052726185,-0.0264246184,-0.0015325672,0.0764267743
8.8581466675,-0.0018136048,-0.0012437649,-0.0005619608,-0.0338232033,-0.0090521360,0.0721772984
8.8682193756,0.0002556002,-0.0032778932,-0.0024606071,-0.0359031297,-0.0143619468,0.0742987692
8.8786191940,-0.0016019786,-0.0034291847,-0.0024289570,-0.0391681120,-0.0080595762,0.0689948201
8.8883590698,-0.0084127327,-0.0036337944,-0.0024470172,-0.0445682034,-0.0017470852,0.0679375455
8.8984127045,-0.0093961200,-0.0077805677,-0.0063478434,-0.0542605631,0.0066083167,0.0605118535
8.9084768295,-0.0143798431,-0.0111116944,-0.0122451270,-0.0617895909,0.0117719192,0.0488365553
8.9188365936,-0.0126098832,-0.0164199453,-0.0074090445,-0.0661427900,0.0190799013,0.0360983908
8.9286251068,-0.0108617684,-0.0198853295,-0.0045551741,-0.0725700632,0.0211044364,0.0297302380
8.9386777878,-0.0071354057,-0.0243501011,-0.0055744136,-0.0693398938,0.0179007184,0.0222954247
8.9487438202,-0.0034096681,-0.0190605447,-0.0075953687,-0.0544171333,0.0190091264,0.0095506012
8.9591932297,-0.0025572621,-0.0127370041,-0.0125367725,-0.0511528142,0.0126358485,0.0042381943
8.9689388275,-0.0026411854,-0.0131248171,-0.0086588943,-0.0372274108,0.0074450816,0.0031702667
8.9790258408,-0.0017378771,-0.0084914993,-0.0018763028,-0.0201197974,0.0044319811,0.0063498146
8.9890317917,-0.0027510964,-0.0056601781,-0.0009286486,-0.0051911836,0.0056165550,0.0052848165
8.9994249344,-0.0027800940,-0.0036176918,0.0000389732,0.0172159337,0.0058061061,0.0042166892
9.0092067719,-0.0028167211,0.0005110177,-0.0038768731,0.0278994702,0.0048590861,0.0073989006
9.0192708969,-0.0037965022,0.0018320802,-0.0077853287,0.0364780463,0.0006757923,0.0052710348
9.0293235779,-0.0067225839,0.0021834671,-0.0116862142,0.0332734622,0.0006062838,-0.0010989801
9.0396442413,-0.0067348923,-0.0004544593,-0.0126487697,0.0193702187,0.0036960831,0.0031530228
9.0494098663,-0.0077449228,-0.0041968087,-0.0107055986,0.0055311020,0.0004126718,0.0063402941
9.0594701767,-0.0048415805,-0.0060701771,-0.0058260644,0.0001888014,0.0014541012,0.0105900336
9.0695514679,-0.0019278371,-0.0040752161,-0.0029014430,0.0001579085,0.0046509597,0.0127152354
9.0798816681,-0.0059193517,0.0028387168,0.0028889694,0.0096998010,0.0111073945,0.0137782367
9.0896835327,-0.0070184912,0.0088531701,0.0008801140,0.0182064697,0.0143857449,0.0169631094
9.0997667313,-0.0012866700,0.0081170164,-0.0001128994,0.0224709902,0.0143959988,0.0127141709
9.1098623276,-0.0004582548,0.0044770259,-0.0020995222,0.0213612504,0.0186306909,0.0127165671
9.1202335358,-0.0015976572,-0.0011204554,-0.0011770807,0.0171128698,0.0164860468,0.0148393726
9.1299896240,-0.0007676029,-0.0019121355,-0.0031639419,0.0107090324,0.0164162721,0.0127173662
9.1400156021,-0.0018566990,-0.0027891630,0.0006888427,-0.0020188261,0.0088905124,0.0148411710
9.1499967575,0.0000558949,-0.0056900661,0.0016667165,-0.0083235940,-0.0006867475,0.0190851837
9.1604776382,0.0010746872,-0.0067166714,-0.0012335264,-0.0146490801,-0.0081493240,0.0222688597
9.1702260971,0.0011894560,-0.0029063076,0.0007433809,-0.0156421736,-0.0155925928,0.0212035961
9.1802682877,-0.0026005052,0.0009095995,0.0036873736,-0.0125096841,-0.0092110606,0.0190809891
9.1903629303,-0.0024813854,-0.0001555522,0.0066572940,-0.0210158192,-0.0124824876,0.0169579182
9.2006874084,0.0005385435,-0.0042268457,0.0057254946,-0.0232028626,-0.0072247409,0.0127148358
9.2105274200,-0.0033815049,-0.0024120910,0.0125352060,-0.0158171169,0.0013423816,0.0148408376
9.2205314636,0.0004971779,0.0033605909,0.0154493963,-0.0115996003,0.0066767596,0.0137816314
9.2306308746,0.0004044628,-0.0016018542,0.0105489409,-0.0148665011,0.0129940445,0.0106002204
9.2409610748,-0.0016627753,-0.0065801134,0.0066120541,-0.0149266617,0.0182517227,0.0031691347
9.2507839203,-0.0018597984,-0.0067337640,0.0045891320,-0.0192393847,0.0224376787,-0.0000130762
9.2608652115,-0.0030396127,-0.0069378335,0.0035401501,-0.0213493258,0.0202888418,-0.0010741460
9.2709302902,-0.0022414469,-0.0120421788,0.0034906783,-0.0341314338,0.0180826783,0.0031751937
9.2812891006,-0.0033939325,-0.0152792912,0.0053845560,-0.0361994095,0.0117113991,0.0052966014
9.2910680771,-0.0044792737,-0.0097526181,0.0043464219,-0.0287513435,0.0138917295,0.0042340001
9.3011283875,-0.0055827345,-0.0051280735,0.0023313083,-0.0234078709,0.0128854532,0.0052927397
9.3111963272,-0.0046709622,-0.0033287909,-0.0006125651,-0.0105298888,0.0055425861,0.0010386062
9.3215551376,-0.0037589513,0.0015074081,0.0032609620,-0.0019742986,0.0034818987,-0.0010887935
9.3313226700,-0.0057277824,0.0005604476,0.0032403984,0.0034119450,-0.0018111342,-0.0064018001
9.3413953781,-0.0066853310,-0.0052585891,0.0032625713,0.0066118925,-0.0017968861,-0.0085263364
9.3514699936,-0.0066445316,-0.0081321402,0.0013393678,0.0056203976,-0.0092193820,-0.0064061936
9.3618144989,-0.0035610937,-0.0109930523,-0.0015263044,0.0025285743,-0.0198228918,-0.0011015768
9.3715248108,-0.0033578717,-0.0071022566,-0.0034087382,0.0014704997,-0.0209139884,-0.0042872503
9.3816308975,-0.0070793475,-0.0032022307,-0.0004400097,0.0014365446,-0.0177444927,-0.0064095892
9.3917045593,-0.0068969871,-0.0022647101,-0.0023354969,-0.0049640974,-0.0177727230,-0.0021607825
9.4020357132,-0.0038211786,-0.0032575093,-0.0012933693,0.0014123647,-0.0145002306,0.0031492943
9.4119653702,-0.0066264416,-0.0002782354,-0.0041942680,0.0110117281,-0.0144786593,-0.0064093233
9.4219999313,-0.0035196089,0.0007480682,-0.0109480107,0.0088986699,-0.0166406129,-0.0095947301
9.4325723648,0.0005720711,-0.0069705863,-0.0147488201,0.0110217417,-0.0155678913,-0.0106565328
9.4429636002,-0.0022293173,-0.0059368098,-0.0166720226,0.0120111061,-0.0081730932,-0.0170238838
9.4527225494,-0.0041330899,-0.0039787814,-0.0156883076,0.0012620548,-0.0008808253,-0.0233883075
9.4624404907,-0.0080867847,-0.0060181748,-0.0147392834,-0.0041926317,0.0107442718,-0.0233817827
9.4724044800,-0.0101244589,-0.0100045195,-0.0128164971,0.0011456748,0.0108254980,-0.0180741027
9.4824428558,-0.0063530351,-0.0051337471,-0.0128631080,0.0085517922,0.0172709487,-0.0159494989
9.4921512604,-0.0065193619,0.0036638388,-0.0148937190,0.0138442926,0.0215546414,-0.0170105025
9.5022211075,-0.0057628001,0.0047286535,-0.0130158151,0.0180773623,0.0247619543,-0.0191344395
9.5123167038,-0.0050335373,0.0048258705,-0.0111473287,0.0137763564,0.0279007554,-0.0201935787
9.5226449966,-0.0102179488,0.0029737586,-0.0054116929,0.0094905570,0.0300053842,-0.0170051754
9.5324659348,-0.0085239550,0.0030087251,-0.0006133996,0.0063552172,0.0236390978,-0.0127603626
9.5424842834,-0.0067682709,0.0010567048,0.0051823175,-0.0042595826,0.0182752926,-0.0074511524
9.5525894165,-0.0068759467,-0.0029373728,0.0061202561,-0.0126884878,0.0076114628,-0.0042689410
9.5629186630,-0.0039644684,-0.0030834815,0.0022312321,-0.0190362129,0.0022712257,-0.0010845325
9.5727281570,-0.0010110581,0.0015472911,0.0022315898,-0.0211614165,0.0011708074,-0.0042699394
9.5827407837,-0.0001030707,0.0003811475,0.0041636741,-0.0170099474,0.0128435092,-0.0095731588
9.5928010941,-0.0032085918,0.0021677576,0.0060231006,-0.0107456595,0.0266924798,-0.0095678326
9.6032190323,-0.0063649560,-0.0008367262,0.0059484160,0.0010316651,0.0225452036,-0.0106358258
9.6129446030,0.0011997378,-0.0017827385,0.0068641817,0.0148271061,0.0300587825,-0.0159445722
9.6231632233,-0.0010224724,0.0002378636,0.0048029339,0.0148690240,0.0258007869,-0.0180701744
9.6332521439,0.0065848385,-0.0045486586,0.0077022230,0.0117177051,0.0204262603,-0.0244428515
9.6436061859,0.0064091240,-0.0083656125,0.0115379011,0.0171048529,0.0151400194,-0.0286939219
9.6533937454,0.0072828983,-0.0063530290,0.0095649874,0.0161117613,0.0076967506,-0.0297591873
9.6634283066,0.0092248777,-0.0062981835,0.0076185381,0.0130165294,-0.0028913121,-0.0223325640
9.6735601425,0.0073274528,-0.0072281361,0.0076233065,0.0130404979,-0.0049786977,-0.0170246176
9.6838607788,0.0044612442,-0.0052720597,0.0047160303,0.0045301532,-0.0071700802,-0.0159600172
9.6936883926,0.0035981096,-0.0053229136,0.0018255629,0.0003367402,-0.0146274632,-0.0149008781
9.7036943436,0.0056905602,-0.0005052341,0.0018682994,0.0013596872,-0.0104020257,-0.0191460252
9.7137727737,-0.0001318002,0.0023876149,0.0057518994,0.0066612419,-0.0072001074,-0.0233929679
9.7241373062,-0.0030080222,0.0014320669,0.0038176693,0.0119739547,-0.0050451439,-0.0255170371
9.7339754105,-0.0009916270,-0.0004787053,0.0018970885,0.0130410837,-0.0050358227,-0.0255173035
9.7439575195,-0.0019765340,-0.0014261863,0.0048140800,0.0065933843,-0.0008753659,-0.0297608525
9.7540388107,-0.0009803617,-0.0034385631,0.0067884242,-0.0061663529,-0.0051896870,-0.0233889725
9.7644300461,0.0009969628,-0.0094654420,0.0058333194,-0.0179284699,-0.0031764703,-0.0244474448
9.7742214203,-0.0019380891,-0.0078303209,0.0058122789,-0.0318336338,-0.0001215581,-0.0255041867
9.7842197418,0.0000415003,-0.0063393693,0.0048545515,-0.0413733684,-0.0065574199,-0.0233815834
9.7943601608,0.0020588494,-0.0009417729,0.0058272397,-0.0318235420,-0.0011823617,-0.0255049206
9.8046617508,-0.0018258536,0.0113856681,0.0038469352,-0.0147380037,-0.0021158662,-0.0286942553
9.8146228790,-0.0017862165,0.0150922658,-0.0000478707,0.0002321573,-0.0051891543,-0.0318849906
9.8244857788,0.0012279010,0.0160098746,-0.0029387556,0.0088237021,-0.0104058208,-0.0297661107
9.8345584869,0.0003739453,0.0111311041,-0.0009432517,0.0120996563,-0.0178048797,-0.0297706388
9.8449287415,0.0005462921,0.0082447026,-0.0018593750,0.0067901118,-0.0199111737,-0.0202141516
9.8547687531,0.0006823397,0.0082258247,0.0011227644,0.0003170324,-0.0124846846,-0.0117144063
9.8647756577,-0.0041007246,0.0062629813,0.0021237053,-0.0018166117,-0.0124181723,0.0010256898
9.8748970032,-0.0021064722,0.0111200102,0.0021325864,-0.0019875867,0.0045509581,-0.0000275904
9.8851919174,-0.0070530022,0.0149683421,-0.0027878366,-0.0031190310,0.0120147998,0.0074113510
9.8949642181,-0.0052124406,0.0119917141,-0.0028126321,-0.0106001161,0.0130036315,0.0063519455
9.9056882858,-0.0043878402,0.0070105651,0.0029970922,-0.0234291218,0.0150430137,0.0106018838
9.9154272079,0.0003664053,0.0028887726,0.0097844517,-0.0372671746,0.0117734503,0.0159127600
9.9254016876,0.0081100026,-0.0052479906,0.0078425920,-0.0446976610,0.0074226446,0.0095416801
9.9351873398,0.0070656692,-0.0057190219,0.0048975861,-0.0511057600,0.0072974758,-0.0010747453
9.9454021454,0.0011524415,-0.0042900592,0.0087364232,-0.0531644374,-0.0001698944,-0.0042624162
9.9554033279,0.0041354154,0.0001037904,0.0097238934,-0.0381426066,-0.0085689723,-0.0106412191
9.9657325745,0.0061855470,0.0046375645,0.0126818335,-0.0242587496,-0.0095018763,-0.0095834117
9.9755506516,0.0043456708,0.0034585139,0.0156373307,-0.0156652629,-0.0146907810,-0.0032173917
9.9855556488,0.0074613546,0.0043567801,0.0127813136,0.0014804080,-0.0208748411,0.0020859607
9.9956569672,0.0057104682,0.0082860263,0.0099076545,0.0089929188,-0.0250536054,0.0020819660
10.0059413910,0.0040069972,0.0084146457,0.0060851490,0.0121910824,-0.0250102635,0.0042032404
10.0158176422,0.0023424185,0.0066209687,0.0003389634,0.0176225994,-0.0345126875,0.0041971151
10.0258159637,0.0036576248,0.0048177233,-0.0014788591,0.0112934634,-0.0419953056,0.0041946517
10.0358924866,0.0050331210,-0.0009423466,-0.0023006878,0.0017313836,-0.0463301316,0.0031331158
10.0462236404,0.0034804798,0.0000599540,0.0017346658,0.0006454531,-0.0441898853,0.0073817899
10.0561313629,0.0039093350,0.0010564002,-0.0020280562,0.0028111357,-0.0473611765,0.0063178567
10.0661735535,0.0013902342,0.0050171772,-0.0048145736,0.0134083861,-0.0398340188,0.0073807244
10.0761909485,-0.0011876071,0.0110293711,-0.0066739405,0.0251361486,-0.0386704840,0.0073783277
10.0865077972,0.0011553323,0.0122458953,-0.0104318345,0.0262333192,-0.0418790579,0.0020677182
10.0963516235,0.0005631602,0.0076120840,-0.0141919339,0.0272450522,-0.0365924165,-0.0021770943
10.1063480377,-0.0069820131,0.0049544293,-0.0170203522,0.0281950012,-0.0249120593,-0.0021715018
10.1164140701,-0.0067834402,0.0061928490,-0.0198831037,0.0248881541,-0.0143161407,-0.0000417718
10.1267728806,-0.0066824700,-0.0013794758,-0.0208066776,0.0184319876,-0.0090812314,-0.0021607825
10.1366243362,-0.0017927432,-0.0011883256,-0.0198096707,0.0225380491,0.0068364828,-0.0074628694
10.1467399597,-0.0058491076,0.0038590934,-0.0159775689,0.0224176478,0.0184730981,-0.0127662215
10.1566238403,-0.0079924008,0.0030259443,-0.0160410479,0.0202700756,0.0194808394,-0.0180741698
10.1670665741,-0.0023334466,-0.0007744263,-0.0141401971,0.0149029521,0.0226384141,-0.0148862321
10.1768302917,-0.0015550697,-0.0026322519,-0.0093193734,0.0107095391,0.0151810320,-0.0138270920
10.1868820190,0.0003238475,-0.0035715783,-0.0054383362,0.0033841953,0.0013917165,-0.0032138629
10.1969947815,0.0033182956,-0.0045394851,-0.0034630380,-0.0029312251,-0.0071245395,0.0010306832
10.2072982788,-0.0024609708,0.0032089632,0.0004297413,-0.0039548911,-0.0113568353,0.0042139599
10.2171430588,-0.0072189714,0.0041596470,0.0014388479,-0.0049575716,-0.0177252516,0.0052728322
10.2271175385,-0.0031251453,0.0050870273,-0.0004403077,-0.0049355738,-0.0198332779,0.0073952386
10.2372112274,-0.0058839764,0.0041252254,0.0015614546,-0.0017432421,-0.0187235381,0.0105803795
10.2475767136,-0.0047134305,0.0022311686,0.0026051321,0.0035823081,-0.0176161285,0.0105797797
10.2573614120,-0.0045753862,0.0023306319,0.0055885827,0.0078087444,-0.0133279078,0.0116426479
10.2673759460,-0.0054206098,-0.0004317797,0.0085654175,0.0173990540,-0.0121747591,0.0127012543
10.2775459290,0.0014718032,0.0027953284,0.0105572259,0.0364859290,-0.0003913364,0.0042079007
10.2878303528,-0.0063628997,0.0011811826,0.0017450370,0.0374723114,0.0081044137,0.0042134933
10.2976074219,-0.0064517106,-0.0052633947,0.0017345466,0.0353151485,0.0101870056,0.0010296846
