0.0000000000,-0.0206058938,-0.0147964722,0.0539154969,-0.5816937685,-0.2738203406,-0.0530075729
0.0098059177,-0.0138454754,0.0044052238,0.0621955954,-0.5925734043,-0.2526311576,-0.0434380360
0.0198808908,-0.0257621724,0.0139117474,0.0654275343,-0.5917283297,-0.2303199917,-0.0402417108
0.0298519135,-0.0319244601,0.0196125135,0.0658361241,-0.5577654839,-0.2108761817,-0.0328070335
0.0400528908,-0.0283052046,0.0380035862,0.0500008427,-0.5044508576,-0.2061663866,-0.0328179486
0.0502439737,-0.0217201728,0.0409256443,0.0240991060,-0.4338829815,-0.2193580866,-0.0349660553
0.0603119135,-0.0161954481,0.0275110826,0.0145119382,-0.3708077967,-0.2292858958,-0.0148135824
0.0739558935,-0.0041949474,0.0192626938,0.0268270317,-0.3356468678,-0.2212881595,0.0255298465
0.0805499554,-0.0061541521,0.0043418044,0.0363921486,-0.3124104142,-0.1966247559,0.0340307876
0.0904179811,-0.0120609719,-0.0076624518,0.0352025591,-0.3127523661,-0.1626864970,0.0319242291
0.1006499529,-0.0061483108,-0.0090716248,0.0259013120,-0.3545195162,-0.1494025737,0.0096438900
0.1108319759,0.0019275822,-0.0115790134,0.0249743406,-0.4014747739,-0.1510329545,-0.0147663774
0.1208779812,0.0071828044,0.0023406378,0.0294248406,-0.4410009980,-0.1471694410,-0.0200624056
0.1309809685,0.0008465327,0.0190831646,0.0209373180,-0.4432843924,-0.1335335225,-0.0412909947
0.1408849955,0.0004771031,0.0348243937,0.0154555989,-0.4146440625,-0.1163478866,-0.0476599447
0.1509130001,0.0059516705,0.0516078100,0.0092698289,-0.3816887736,-0.1032991931,-0.0434146002
0.1610089540,0.0025444007,0.0592889413,-0.0238270219,-0.3435810506,-0.0722016692,-0.0444703475
0.1710299253,-0.0052668774,0.0565080270,-0.0396485366,-0.2988804281,-0.0589604266,-0.0264244974
0.1810969114,-0.0071144723,0.0694656000,-0.0495201983,-0.2478027940,-0.0435894616,-0.0158120673
0.1911629438,-0.0011304341,0.0739951953,-0.0609749593,-0.2095747143,-0.0241142958,-0.0094412547
0.2012718916,0.0054861284,0.0566826090,-0.0777571276,-0.2256125808,-0.0198506415,0.0149861248
0.2113019228,0.0146488827,0.0359021053,-0.0824703649,-0.2874186933,-0.0276521053,0.0404810980
0.2213768959,0.0261163395,0.0208012089,-0.0748529509,-0.3501698673,-0.0482426696,0.0585366003
0.2314389944,0.0315814875,0.0242312178,-0.0596969761,-0.3862493038,-0.0687117279,0.0595973358
0.2415179014,0.0297068935,0.0305284485,-0.0402780809,-0.3775887191,-0.0802749097,0.0648996904
0.2515729666,0.0287719648,0.0398607478,-0.0229362901,-0.3490912914,-0.1506212354,0.1413068473
0.2616529465,0.0248848479,0.0404930338,-0.0041181492,-0.3197678626,-0.3954761326,0.4671492577
0.2717299461,0.1449751258,0.0529973134,0.0096622659,-0.2922267616,-0.4775859118,0.5308091640
0.2817939520,0.1279714406,0.0708004460,0.0157753769,-0.2270627171,-0.1842674166,0.1879785508
0.2918989658,0.0613829456,0.0674997792,0.0277819578,-0.1754621118,-0.1219939217,0.0680132583
0.3019009829,0.0440443419,0.0404510722,0.0296596233,-0.1622441560,-0.1608967185,0.1051532999
0.3119930029,0.0451986454,0.0513711795,0.0239696447,-0.1355803162,-0.1596511602,0.0977145582
0.3220798969,0.0378171466,0.0689658746,-0.0038217355,-0.0886266753,-0.1604333818,0.0775278658
0.3321639299,0.0481003486,0.0749412403,-0.0271382984,-0.0352478698,-0.1620754898,0.0796370953
0.3423149586,0.0659762919,0.0597734079,-0.0100404071,-0.0125853047,-0.1861433387,0.1008543000
0.3522748947,0.0699953139,0.0408111438,0.0102231456,0.0046900893,-0.2049676329,0.1199528873
0.3623139858,0.0651343167,0.0432813391,0.0151082827,0.0390492864,-0.2247603834,0.1305534691
0.3723909855,0.0563418530,0.0399338827,0.0067532016,0.0817690566,-0.2275359333,0.1358502358
0.3824499846,0.0523751043,0.0288636908,-0.0060811685,0.1000762358,-0.2432093620,0.1485792696
0.3925809860,0.0531966947,0.0159728155,0.0036794497,0.1130005568,-0.2547477782,0.1517556161
0.4025779963,0.0520170294,0.0040974850,0.0145078255,0.1214465871,-0.2450832278,0.1581296921
0.4126679897,0.0440256260,0.0019036166,0.0097667528,0.1321162730,-0.2450107783,0.1549416184
0.4227238894,0.0341346525,-0.0051625138,0.0022446467,0.1407637596,-0.2566546500,0.1474999636
0.4328058958,0.0179615598,-0.0137158399,-0.0044228481,0.1696753055,-0.2659104764,0.1538587958
0.4428699017,0.0038370765,-0.0261665955,-0.0100800442,0.2134747207,-0.2697383761,0.1591554284
0.4529459476,-0.0042538070,-0.0249683037,-0.0014512587,0.2508290112,-0.2693498135,0.1687023193
0.4629789591,-0.0026365840,-0.0225989595,0.0187930409,0.2785111368,-0.2627274692,0.1708220690
0.4730499983,-0.0052083754,-0.0269320384,0.0455450378,0.3116240799,-0.2668209970,0.1495756358
0.4831188917,-0.0126735885,-0.0410747901,0.0504830442,0.3554277718,-0.2729924917,0.1208935156
0.4931929111,-0.0148732085,-0.0427275673,0.0449023806,0.3595247865,-0.2559930086,0.1187773719
0.5032749176,-0.0174265821,-0.0445639864,0.0359117351,0.3264338970,-0.2563780248,0.1039195284
0.5133188963,-0.0103732962,-0.0544972792,0.0359321199,0.2776112258,-0.2833457291,0.1017948613
0.5234309435,-0.0099549014,-0.0605534092,0.0410568677,0.2554593682,-0.3065931201,0.1463848203
0.5334489346,-0.0251221079,-0.0181378499,0.0358008705,0.2627300620,-0.2875267565,0.1315273196
0.5435299873,-0.0274164397,0.0260794982,0.0251756851,0.3224814236,-0.2883437574,0.0890407786
0.5536069870,-0.0091381986,0.0381466374,0.0114588095,0.4067552984,-0.2843897641,0.0943303481
0.5636289120,0.0157460254,0.0407782421,0.0218190495,0.4835774899,-0.2814437747,0.1176713556
0.5737249851,0.0228895228,0.0289424285,0.0065197302,0.5069035888,-0.2652059495,0.1357241273
0.5838279724,0.0268957000,0.0094252462,-0.0193737205,0.4277696013,-0.2476433218,0.1686681062
0.5939099789,0.0410271846,0.0124487514,-0.0190480407,0.2861120701,-0.2753527164,0.1771846265
0.6039309502,0.0423650406,-0.0080179935,-0.0082953619,0.1572382748,-0.3019919693,0.1697703153
0.6140478849,0.0361506604,-0.0272473469,0.0084628416,0.0559207052,-0.3080993891,0.1825345755
0.6240689754,0.0315434597,-0.0254494324,0.0160571877,-0.0005970048,-0.3117153347,0.1921045035
0.6341519356,0.0324538015,-0.0186394826,0.0014353943,-0.0230008475,-0.3130343854,0.1825533509
0.6442319155,0.0346002840,0.0020113818,-0.0282476004,-0.0293729939,-0.3163155317,0.1761832088
0.6542559862,0.0461632274,0.0219926462,-0.0445318855,-0.0378562286,-0.3216882050,0.1772444695
0.6643669605,0.0515413545,0.0267715082,-0.0539219417,-0.0410375074,-0.3238661885,0.1729973257
0.6744309664,0.0537253879,0.0297087058,-0.0662881806,-0.0368297100,-0.3174213469,0.1793702692
0.6844739914,0.0557275079,0.0317639336,-0.0681820586,-0.0399904288,-0.3216712773,0.1825530827
0.6945289373,0.0577930473,0.0337524042,-0.0596466102,-0.0399382301,-0.3269901574,0.1804268062
0.7046039104,0.0522763394,0.0355959162,-0.0560998954,-0.0429997519,-0.3408329785,0.1772363484
0.7146689892,0.0450050496,0.0325272903,-0.0591276325,-0.0483625531,-0.3388337493,0.1655589193
0.7247489691,0.0399413966,0.0245476589,-0.0617019571,-0.0450559221,-0.3494224548,0.1644907296
0.7347989082,0.0397684239,0.0127560133,-0.0552755035,-0.0533564612,-0.3728114069,0.1687283516
0.7448809147,0.0415351056,0.0029143326,-0.0556613244,-0.0882860273,-0.4006441832,0.1782809198
0.7549428940,0.0364255272,-0.0059407121,-0.0550848879,-0.1200948209,-0.4210482538,0.1835877895
0.7654229403,0.0283039194,-0.0128621822,-0.0489720143,-0.1723338515,-0.4267591536,0.1910284013
0.7750899792,0.0231603961,-0.0169977918,-0.0454114713,-0.2245752215,-0.4325901568,0.1804207563
0.7851738930,0.0181860607,-0.0194043890,-0.0541217960,-0.2896861136,-0.4310457110,0.1793783307
0.7952569723,0.0182369631,-0.0228853598,-0.0437993445,-0.3546424806,-0.4466068149,0.1581510603
0.8057008982,0.0154487770,-0.0255552903,-0.0233214553,-0.4368297160,-0.4463034868,0.1517996937
0.8154189587,0.0108454507,-0.0147804981,-0.0257020053,-0.4602255821,-0.4562514722,0.1220702976
0.8254759312,0.0063567734,0.0017621748,-0.0300345477,-0.4634559751,-0.4542400539,0.1093300730
0.8355309963,0.0039132512,0.0105280513,-0.0379750766,-0.4377138317,-0.4679063261,0.0944515243
0.8461489677,0.0016197838,0.0066505307,-0.0397629775,-0.4183242321,-0.4858326018,0.0859448537
0.8556739092,-0.0064727389,-0.0020460852,-0.0401395001,-0.3701457679,-0.5013558865,0.0816776678
0.8657639027,-0.0125541408,-0.0038245090,-0.0407434739,-0.3274720907,-0.4999075234,0.0837904885
0.8758239746,-0.0196459014,-0.0006785162,-0.0421124734,-0.2858940363,-0.4964648485,0.0678546652
0.8861539364,-0.0256391484,-0.0073399311,-0.0426917709,-0.2571682036,-0.4877886772,0.0582967140
0.8959149122,-0.0285678227,-0.0218278542,-0.0286177453,-0.2669747472,-0.4677135050,0.0583092272
0.9059879780,-0.0293061454,-0.0354915634,-0.0032196091,-0.3118795156,-0.4607808292,0.0423961096
0.9160488844,-0.0336235501,-0.0513818637,0.0090825511,-0.3823110759,-0.4626093507,0.0190535039
0.9263368845,-0.0329198577,-0.0655097142,0.0217199866,-0.4634200931,-0.4634218812,0.0031469755
0.9362219572,-0.0348160602,-0.0712069049,0.0160980169,-0.5273173451,-0.4790775478,-0.0340075828
0.9462919235,-0.0354132093,-0.0606063977,0.0099750711,-0.5794253945,-0.4987566471,-0.0531168990
0.9562839270,-0.0406152643,-0.0472702160,0.0103603555,-0.6058969498,-0.5214923024,-0.0870990977
0.9666149616,-0.0474726297,-0.0331057087,0.0069168163,-0.5759430528,-0.5298861861,-0.1125934049
0.9764488935,-0.0453742482,-0.0062753921,0.0009342384,-0.4916542470,-0.5293368101,-0.1412831098
0.9865089655,-0.0431397296,0.0235419497,-0.0052357959,-0.3412312567,-0.5249568224,-0.1593700945
0.9965819120,-0.0399657823,0.0507049188,-0.0033267783,-0.1844389737,-0.5161734223,-0.1615291238
1.0068839788,-0.0378327109,0.0566903576,0.0035005759,-0.0788464546,-0.5100096464,-0.1711073220
1.0167299509,-0.0424508490,0.0442655906,0.0003381324,-0.0329972059,-0.5064951181,-0.1817352027
1.0268299580,-0.0410894193,0.0163117871,0.0081264926,-0.0328957699,-0.5171388984,-0.1870504022
1.0368919373,-0.0346415974,-0.0029788383,0.0225939695,-0.0573395900,-0.5280464292,-0.1997912228
1.0472398996,-0.0366720892,-0.0098798042,0.0191637818,-0.0935631320,-0.5348129272,-0.2125265151
1.0569529533,-0.0365630724,-0.0188321844,0.0163740460,-0.1351193637,-0.5415701866,-0.2167665362
1.0670698881,-0.0343685783,-0.0240257755,0.0132349683,-0.1692330986,-0.5461521745,-0.2231327593
1.0771199465,-0.0309885759,-0.0069524413,0.0108613325,-0.1530727744,-0.5620104671,-0.2358863801
1.0874499083,-0.0255133230,0.0081433887,-0.0000545430,-0.1092528850,-0.5679885745,-0.2348375618
1.0972479582,-0.0229447205,0.0252794847,-0.0105116414,-0.0568133779,-0.5823720098,-0.2327344567
1.1073288918,-0.0244270582,0.0328301415,-0.0263528880,-0.0044515301,-0.5893487334,-0.2338135689
1.1175189018,-0.0222325344,0.0328243002,-0.0253754314,0.0297525115,-0.5943208933,-0.2285157442
1.1277369261,-0.0200731177,0.0377816185,-0.0152794765,0.0661422610,-0.6046426892,-0.2327762693
1.1377539635,-0.0207519848,0.0369698033,-0.0076536583,0.1164086312,-0.6159518361,-0.2444744706
1.1476879120,-0.0184996147,0.0440356359,-0.0034114765,0.1676987410,-0.6218007803,-0.2338729054
1.1576598883,-0.0132982749,0.0492977723,0.0071418239,0.2233071476,-0.6329801679,-0.2328308076
1.1680129766,-0.0089610238,0.0565855131,0.0075871302,0.2736506462,-0.6516603231,-0.2360389084
1.1777468920,-0.0073988461,0.0668654665,0.0056647016,0.3175952137,-0.6703693271,-0.2349976152
1.1878319979,-0.0077311718,0.0665868744,0.0062259985,0.3497106135,-0.6796122789,-0.2307619303
1.1979008913,-0.0032146298,0.0702939257,0.0050191237,0.3636967540,-0.6900110841,-0.2169672847
1.2082769871,-0.0007436894,0.0663118586,-0.0029709386,0.3787611425,-0.7014475465,-0.2010500282
1.2180309296,0.0006192304,0.0614607558,-0.0021641301,0.3766343296,-0.7013692260,-0.1861842573
1.2281309366,-0.0039772713,0.0683213696,-0.0015967536,0.3509455323,-0.6930151582,-0.1723699868
1.2381639481,-0.0067371153,0.0605863556,-0.0013744879,0.3146258593,-0.6890187860,-0.1617407799
1.2485809326,-0.0056884014,0.0392101035,0.0003504705,0.2548512518,-0.6873497367,-0.1511065811
1.2582969666,-0.0037340843,0.0284576640,0.0025065495,0.2026455700,-0.6951157451,-0.1330466270
1.2683849335,-0.0028380775,0.0332133994,0.0062080575,0.1717775613,-0.7027292252,-0.1203017905
1.2784219980,-0.0020343983,0.0476948246,0.0057702018,0.1525554061,-0.7006780505,-0.1054306999
1.2888129950,0.0005429364,0.0670735464,0.0013413978,0.1365884990,-0.7027686834,-0.0788807794
1.2985728979,0.0048736013,0.0670777783,-0.0070878910,0.1184792668,-0.7049106956,-0.0576412715
1.3087038994,0.0070466674,0.0593559965,-0.0010977435,0.0875762403,-0.7081689835,-0.0279058143
1.3186889887,0.0041553653,0.0652465448,0.0036273550,0.0672869459,-0.7061271071,-0.0130344573
1.3291169405,-0.0047546946,0.0614001974,-0.0035395073,0.0426911861,-0.6998304725,0.0092730448
1.3388029337,-0.0071236514,0.0488556251,-0.0080122994,0.0116336700,-0.6871471405,0.0432648323
1.3488959074,-0.0088354368,0.0382489786,-0.0110573219,-0.0546636991,-0.6726624370,0.0751420707
1.3590298891,-0.0078715105,0.0226592645,-0.0147526311,-0.1221037358,-0.6508024335,0.1006532907
1.3693329096,-0.0052808844,0.0176908001,-0.0075777816,-0.2129208297,-0.6386409998,0.1346598566
1.3791209459,-0.0019606971,0.0213440880,0.0007420134,-0.2888201177,-0.6254404783,0.1453037113
1.3891699314,-0.0065590763,0.0131382579,-0.0042635845,-0.3423632681,-0.6068031788,0.1463900059
1.3993079662,-0.0073402249,0.0223719105,-0.0047847675,-0.3458118141,-0.5812562704,0.1633924395
1.4096078873,-0.0014130197,0.0414440259,-0.0021963166,-0.3055395186,-0.5532798171,0.1687036455
1.4194409847,-0.0014485739,0.0489741787,-0.0108563351,-0.2587078214,-0.5400614738,0.1803781539
1.4294389486,-0.0056219422,0.0420963392,-0.0201144870,-0.2289328724,-0.5279987454,0.2005516589
1.4395380020,-0.0119443256,0.0188303813,-0.0213869270,-0.2226760387,-0.5130472779,0.2069283277
1.4498639107,-0.0144577045,0.0072710747,-0.0206891950,-0.2036331296,-0.4958553910,0.2143651396
1.4597100019,-0.0102382619,0.0123364562,-0.0179379638,-0.1675962955,-0.4711423218,0.2133065313
1.4697369337,-0.0040251338,0.0213662013,-0.0186916646,-0.1165169775,-0.4569287598,0.2090526670
1.4797968864,-0.0007796310,0.0236914381,-0.0307390746,-0.0697561279,-0.4362349212,0.2281635106
1.4901299477,-0.0076128566,0.0213184580,-0.0348126329,-0.0380280502,-0.4061022699,0.2504687607
1.4999519587,-0.0156525094,0.0132478708,-0.0310450848,-0.0447317623,-0.3752852380,0.2664128244
1.5099509954,-0.0160344858,0.0100722546,-0.0137636708,-0.0705290064,-0.3563630879,0.2738620937
1.5201148987,-0.0116061587,-0.0047822958,0.0033156825,-0.1036371589,-0.3534066975,0.2834281623
1.5303748846,-0.0091663320,-0.0090202456,0.0084828092,-0.1069355085,-0.3438923657,0.2823717594
1.5402079821,-0.0096072275,0.0022520653,-0.0028973268,-0.0876398385,-0.3521849215,0.2866099179
1.5502389669,-0.0043032491,0.0243853554,-0.0032306362,-0.0310389064,-0.3558710515,0.2961483598
1.5603449345,-0.0039212429,0.0321293697,-0.0135548161,0.0352349244,-0.3658339381,0.3067445457
1.5706639290,0.0013373174,0.0284124240,-0.0290114339,0.1004480943,-0.3757444322,0.3268978000
1.5804729462,0.0063994802,0.0250146613,-0.0127372788,0.1548988223,-0.3773148954,0.3385629952
1.5904809237,0.0076126135,0.0196956620,-0.0147050666,0.1933753192,-0.3833581209,0.3364255130
1.6006039381,0.0067216135,-0.0001138218,-0.0175215062,0.1987423897,-0.3853020072,0.3565973639
1.6109169722,0.0066052652,-0.0159453526,-0.0029836940,0.1827328801,-0.3843480945,0.3619128466
1.6207209826,0.0056264973,-0.0376763120,-0.0001941371,0.1667030454,-0.3823866844,0.3587324917
1.6306658983,0.0085657518,-0.0555962697,0.0043038083,0.1453509331,-0.3814626932,0.3661700487
1.6406949759,0.0144346040,-0.0540817156,0.0086442782,0.1186977550,-0.3837692738,0.3736082613
1.6509169340,0.0153628271,-0.0496760979,0.0157211367,0.0761361793,-0.3969295621,0.3651181161
1.6608079672,0.0085999649,-0.0561795607,0.0048478199,0.0495298654,-0.4046242237,0.3598120213
1.6711409092,0.0067339516,-0.0422506109,-0.0041115927,0.0591575652,-0.4066631496,0.3598093688
1.6811228991,0.0107506793,-0.0116648441,-0.0059109973,0.1029455289,-0.4106149971,0.3459928930
1.6913299561,0.0129070859,-0.0033284791,-0.0111752199,0.1628708839,-0.4271173477,0.3385366201
1.7014099360,0.0072852350,-0.0045058494,-0.0206136759,0.2429870218,-0.4349547625,0.3310797811
1.7113178968,-0.0071611130,-0.0073519116,-0.0312451776,0.3251081705,-0.4300125539,0.3278747499
1.7214089632,-0.0108832140,0.0036762587,-0.0296601709,0.3858040273,-0.4167838097,0.3225569427
1.7316449881,-0.0125939865,-0.0124396449,-0.0248531159,0.3953490257,-0.4114639461,0.3119389713
1.7415629625,-0.0160522778,-0.0402948633,-0.0259551462,0.3558279574,-0.4086950719,0.3013324142
1.7515809536,-0.0222944338,-0.0527923480,-0.0226908382,0.2884124815,-0.3913713992,0.2822473049
1.7617169619,-0.0205366034,-0.0646262541,-0.0240443405,0.2104859799,-0.3899921477,0.2727116048
1.7719249725,-0.0216394980,-0.0767526403,-0.0231812652,0.1377221495,-0.3716035485,0.2610589266
1.7817889452,-0.0264882166,-0.0696735755,-0.0306131896,0.1045916304,-0.3677384853,0.2472659051
1.7918529510,-0.0253060181,-0.0422201529,-0.0254558381,0.1119874343,-0.3614743650,0.2217849046
1.8019829988,-0.0238289554,-0.0284536853,-0.0337166823,0.1503002048,-0.3516936302,0.2058530748
1.8122169971,-0.0193738360,-0.0194103494,-0.0425342955,0.2046826184,-0.3481173217,0.1930984706
1.8220639229,-0.0197124202,-0.0053190356,-0.0527503528,0.2719160020,-0.3486742079,0.1803395301
1.8321290016,-0.0219102520,0.0022073023,-0.0613461770,0.3453939259,-0.3332393169,0.1707723886
1.8422219753,-0.0221858639,-0.0046036607,-0.0606664456,0.3921734095,-0.3159016073,0.1633365750
1.8524979353,-0.0156589467,-0.0229163542,-0.0480191745,0.4101745784,-0.3019851446,0.1580303609
1.8623309135,-0.0158448238,-0.0276438966,-0.0411977209,0.4206647575,-0.2850543559,0.1368001699
1.8725229502,-0.0178692359,-0.0285430923,-0.0374444164,0.4258157313,-0.2670049667,0.1314985603
1.8824899197,-0.0149450917,-0.0255614296,-0.0298134740,0.4289377332,-0.2596122921,0.1219452620
1.8927919865,-0.0129231531,-0.0255225077,-0.0377634205,0.4309336245,-0.2458291203,0.1177052483
1.9026689529,-0.0118436534,-0.0352077857,-0.0457285680,0.4307775497,-0.2310650796,0.1039092690
1.9126609564,-0.0086685438,-0.0478880182,-0.0605536141,0.4263655841,-0.2173715681,0.0943609700
1.9228008986,-0.0103837568,-0.0566519275,-0.0725312307,0.4346858263,-0.1961254030,0.0869368762
1.9330788851,-0.0122545678,-0.0458282605,-0.0602001585,0.4525670707,-0.1705511361,0.0795123205
1.9428819418,-0.0132105071,-0.0213436857,-0.0440264978,0.4640034735,-0.1407889873,0.0720916837
1.9529269934,-0.0092586596,-0.0075002080,-0.0219326075,0.4905120730,-0.1247441024,0.0561653189
1.9629709721,-0.0159240384,-0.0121231442,-0.0288197454,0.5437779427,-0.1158592626,0.0455382429
1.9733629227,-0.0157926101,-0.0105885034,-0.0332466997,0.6193971038,-0.1003228500,0.0487123989
1.9831259251,-0.0127515215,-0.0105915433,-0.0301689561,0.6887114644,-0.0955560580,0.0359555893
1.9932539463,-0.0127197523,-0.0170628801,-0.0226855334,0.7206163406,-0.0835158378,0.0497573540
2.0032811165,-0.0176796932,-0.0252854601,-0.0014957237,0.7108987570,-0.0730797052,0.0359616466
2.0136148930,-0.0224907715,-0.0415895358,-0.0041275667,0.6511066556,-0.0704112202,0.0370394289
2.0233929157,-0.0195595343,-0.0319206491,0.0032063080,0.5997800827,-0.0602209046,0.0413047485
2.0334539413,-0.0165350158,-0.0341705456,0.0013275695,0.5826888680,-0.0594134331,0.0253830384
2.0434517860,-0.0144073684,-0.0305887237,-0.0034793662,0.5859360099,-0.0635879338,0.0317509249
2.0542130470,-0.0161986966,-0.0249362364,-0.0042677568,0.6190353036,-0.0654625967,0.0253708549
2.0637598038,-0.0179486889,-0.0171203986,-0.0143923210,0.6883991957,-0.0648498088,0.0264153462
2.0737438202,-0.0187941510,-0.0001136430,-0.0161705669,0.7801222801,-0.0587087572,0.0317043178
2.0838871002,-0.0186578650,0.0145274634,-0.0141751813,0.9295895100,-0.0649000704,0.0210452806
2.0941519737,-0.0184565205,0.0320366248,-0.0029870321,1.1153006554,-0.0664750040,0.0188736748
2.1039490700,-0.0163054783,0.0486431345,0.0000063133,1.3404456377,-0.0623585507,0.0230657570
2.1139879227,-0.0123713631,0.0615616664,0.0073234392,1.4682565928,-0.0356447846,0.0432212278
2.1240758896,-0.0135706384,0.0611927733,-0.0067110704,1.4050920010,-0.0148569476,0.0612982325
2.1344280243,-0.0052703940,-0.0261888877,-0.0091516422,1.1319848299,-0.0234148838,0.0910932720
2.1442251205,-0.0048849904,-0.1217905656,0.0112689687,0.7885285616,-0.0423382372,0.0901092365
2.1542677879,-0.0132498164,-0.1461700499,0.0386931263,0.4991016686,-0.0226787180,0.0753259659
2.1643610001,-0.0155521054,-0.1048429981,0.0301535670,0.3495651782,-0.0113901123,0.0541335940
2.1746997833,-0.0031178617,-0.0591349378,0.0171064679,0.3378269672,-0.0114998333,0.0530749857
2.1845369339,0.0044238842,-0.0150860911,0.0014877868,0.4371913671,-0.0222486183,0.0615387782
2.1945838928,-0.0008208178,0.0268495902,-0.0101977037,0.6026542783,-0.0249181706,0.0816714764
2.2046318054,-0.0151142795,0.0746950731,-0.0246339496,0.7657076120,0.0000716010,0.1156201214
2.2149810791,-0.0238795895,0.0885117874,-0.0506316461,0.8988109231,0.0310762562,0.1357761174
2.2248010635,-0.0232069809,0.0543595776,-0.0478194989,0.9220363498,0.0568007939,0.1442774683
2.2348179817,-0.0051891529,0.0085819596,-0.0111663388,0.8323050737,0.0656510144,0.1570452005
2.2448759079,0.0000509895,-0.0280568376,0.0177066866,0.7181095481,0.0656869635,0.1528270245
2.2552239895,-0.0091821570,-0.0332686082,0.0204461161,0.6476823092,0.0638995841,0.1358556151
2.2649860382,-0.0153704900,-0.0076425439,0.0159676615,0.6349177361,0.0595229417,0.1326712668
2.2750830650,-0.0098064858,0.0092773074,0.0115644289,0.6403186917,0.0543384999,0.1443493068
2.2851710320,-0.0003363811,0.0309291705,0.0137320710,0.6520357728,0.0589620136,0.1868205965
2.2955298424,0.0003351249,0.0411061272,-0.0014514375,0.6756392717,0.0465066098,0.1974240541
2.3052778244,-0.0088385064,0.0320508704,-0.0184108671,0.6894410849,0.0541032776,0.2048569322
2.3154189587,-0.0144106466,0.0242080912,-0.0217544492,0.6936923265,0.0563251525,0.2144128829
2.3254280090,-0.0074969851,0.0204208121,-0.0163272079,0.6936752796,0.0585025512,0.2229083627
2.3357658386,0.0004549600,0.0089486474,-0.0137640880,0.7140042186,0.0533603206,0.2207774967
2.3455998898,0.0025662160,0.0102716321,-0.0043200897,0.7310841680,0.0535856262,0.2324530631
2.3556470871,-0.0041681551,0.0214098319,-0.0114728855,0.7374193072,0.0611657165,0.2473202348
2.3656640053,-0.0072458410,0.0170836076,-0.0031575607,0.7169792652,0.0780408382,0.2590136230
2.3760468960,-0.0063768649,0.0028756491,0.0108006550,0.6829816103,0.0617169887,0.2420250773
2.3858380318,-0.0091480333,-0.0203259364,0.0090431524,0.6511270404,0.0455153808,0.2409632653
2.3958621025,-0.0108385701,-0.0270505324,0.0140075041,0.6458591819,0.0391156040,0.2430860102
2.4059700966,-0.0134926457,-0.0181144848,0.0092557026,0.6821426153,0.0394463688,0.2452005595
2.4163169861,-0.0103195328,0.0067492360,0.0018326592,0.7377075553,0.0325326025,0.2494293302
2.4261150360,-0.0051656389,0.0154928202,-0.0061755823,0.8038545847,0.0341161191,0.2409189343
2.4361429214,-0.0067642056,0.0158857927,-0.0187013205,0.8593361974,0.0356470384,0.2387829274
2.4468369484,-0.0085083563,0.0126920575,-0.0146070169,0.8420560360,0.0568079837,0.2526012659
2.4566619396,-0.0094823260,0.0102301473,-0.0226207431,0.7758385539,0.0626927018,0.2674865425
2.4664487839,-0.0105268080,-0.0432363525,-0.0174532589,0.6584272385,0.0637132227,0.2558370829
2.4764380455,-0.0106411893,-0.0693113580,0.0160109941,0.5164201260,0.0698807761,0.2526898384
2.4864630699,-0.0095775146,-0.0652701631,0.0233014170,0.4160647690,0.0720145032,0.2261713892
2.4968678951,-0.0073330426,-0.0542031899,0.0057002855,0.3690630794,0.0757578462,0.2123823464
2.5065839291,-0.0011049829,-0.0295375958,-0.0031575607,0.4086858630,0.0623166002,0.2134273797
2.5167279243,-0.0036328756,0.0075288648,0.0060716225,0.5495701432,0.0602959283,0.2027714103
2.5267999172,-0.0002917074,0.0368054733,0.0122263981,0.6764039397,0.0773894191,0.2133657336
2.5371599197,0.0049183643,0.0669208989,-0.0024258541,0.7757989168,0.0646291599,0.2388175577
2.5469241142,0.0041821874,0.0453390703,-0.0125403451,0.8174360991,0.0628429726,0.2345588952
2.5570020676,-0.0044325911,0.0141363973,-0.0100702690,0.7972707152,0.0520616956,0.2356214970
2.5670800209,-0.0022475147,-0.0143235689,0.0000080419,0.7588386536,0.0527248234,0.2260753959
2.5773921013,0.0010166444,-0.0324915424,0.0019370866,0.6980088353,0.0521734171,0.2229044884
2.5871658325,0.0073539889,-0.0375141874,0.0025342060,0.6533145905,0.0390152708,0.2176002711
2.5972690582,0.0050047613,-0.0293552056,-0.0031058239,0.6159410477,0.0407551154,0.2091167867
2.6073298454,0.0007002629,-0.0148727661,-0.0159663018,0.5635590553,0.0498889573,0.2155054361
2.6176800728,-0.0006887339,-0.0143898493,-0.0281620082,0.5060262680,0.0409804843,0.2282573879
2.6274700165,-0.0001637362,-0.0247306600,-0.0122780846,0.4666490555,0.0300255716,0.2282619178
2.6375398636,-0.0044389092,-0.0224489346,0.0006746602,0.4890109599,0.0343533419,0.2112708092
2.6475949287,-0.0007899724,-0.0072798496,-0.0144167589,0.5455639958,0.0347850397,0.2017004788
2.6579599380,0.0087902825,0.0172416791,-0.0280922111,0.6364001036,0.0217587873,0.1974215209
2.6676440239,0.0085851233,0.0251383409,-0.0227196869,0.7559328675,0.0205907244,0.1835871935
2.6778340340,0.0065224147,0.0271151289,-0.0186972674,0.8861618638,0.0174210295,0.1739968807
2.6879169941,0.0046007908,0.0300007090,-0.0169844087,1.0078582764,0.0142534664,0.1760879904
2.6981778145,-0.0031476938,0.0278409347,-0.0236185249,1.0665205717,0.0179768316,0.1803221554
2.7079789639,-0.0071429932,0.0150954658,-0.0235657748,1.0013846159,0.0228725206,0.2047625184
2.7181768417,-0.0044170939,-0.0304759517,-0.0133498954,0.8424885869,0.0120377159,0.2207252383
2.7283468246,-0.0045261704,-0.0881669894,0.0017796111,0.6269270182,0.0089346003,0.1963570416
2.7384657860,-0.0073776268,-0.1125991419,0.0061163260,0.4444372952,0.0072164624,0.1772897393
2.7483038902,-0.0091626365,-0.0849043801,-0.0031108307,0.3184063733,0.0166850649,0.1709556878
2.7583107948,-0.0109534580,-0.0451791063,-0.0049731182,0.2906660140,0.0153126055,0.1603439152
2.7684397697,-0.0087582190,-0.0171136335,-0.0106321024,0.3386612236,0.0177986659,0.1518385857
2.7787218094,-0.0085122008,0.0155231887,-0.0188683923,0.4602078199,0.0294924732,0.1549985558
2.7885789871,-0.0053644502,0.0387512967,-0.0292742308,0.6394998431,0.0300458781,0.1623858958
2.7985677719,-0.0043829703,0.0578299090,-0.0203976687,0.8144739270,0.0358798653,0.1719015688
2.8087167740,-0.0035144412,0.0677262172,-0.0166390594,0.9659422636,0.0435694754,0.1718669385
2.8189759254,0.0022314466,0.0415499732,-0.0231357273,1.0151190758,0.0355586894,0.1792830527
2.8288130760,0.0022302247,0.0076630646,-0.0228360351,0.9885250330,0.0268237852,0.1771618426
2.8388419151,-0.0055734836,-0.0151348775,-0.0132563161,0.8977118731,0.0366275460,0.1750663370
2.8489198685,-0.0095321257,-0.0407592431,-0.0100783752,0.7886506319,0.0568830185,0.1729805470
2.8593039513,-0.0008239471,-0.0636097565,-0.0045965360,0.6456618309,0.0545602739,0.1708909571
2.8690748215,0.0060862578,-0.0633334890,-0.0113900350,0.5262371898,0.0439395905,0.1666687876
2.8791108131,0.0062206662,-0.0474147871,-0.0099030780,0.4505368173,0.0369182304,0.1677467823
2.8891739845,0.0014471092,-0.0280911103,-0.0077113556,0.4120440185,0.0439889245,0.1645746827
2.8995599747,-0.0052615427,-0.0108340150,-0.0201984104,0.4163065255,0.0439856611,0.1582018137
2.9093360901,-0.0060702884,0.0068713361,-0.0285854395,0.4708366096,0.0338510014,0.1581829041
2.9194459915,-0.0068707191,0.0243056640,-0.0249752458,0.5519229770,0.0367006510,0.1613506526
2.9294428825,-0.0058173263,0.0367472991,-0.0142433690,0.6351131797,0.0428296514,0.1761977822
2.9398660660,0.0020616925,0.0374268517,-0.0138486074,0.7376374006,0.0351957008,0.1697963476
2.9495859146,0.0050965822,0.0358117446,-0.0200778302,0.7899165750,0.0367203616,0.1708456278
2.9597039223,0.0090927165,0.0481190905,-0.0145817446,0.8113586903,0.0285559054,0.1920734197
2.9697089195,0.0072192824,0.0235375986,-0.0051683830,0.7889745831,0.0262935497,0.2005723566
2.9802780151,0.0063989437,-0.0121537214,0.0001520467,0.7216989994,0.0299374871,0.1984666735
2.9900109768,0.0036473549,-0.0310015753,0.0012511563,0.6523260474,0.0304064713,0.2006081194
2.9999327660,0.0038575805,-0.0369374827,0.0000575137,0.5669719577,0.0286547095,0.2091237754
3.0100789070,0.0040077246,-0.0348646119,0.0111756874,0.4847865403,0.0289218239,0.1974649876
3.0203459263,0.0033281720,-0.0334870592,-0.0003116775,0.4390236139,0.0157264601,0.1879140288
3.0301709175,0.0066972650,-0.0225733295,-0.0089215683,0.4348845482,0.0029779086,0.1910941154
3.0401859283,0.0061584986,0.0041941339,-0.0048188018,0.5117778778,-0.0027369689,0.1878855228
3.0503430367,0.0017891206,0.0154032344,-0.0168887433,0.6430985928,-0.0079564983,0.1878495812
3.0606009960,0.0003249325,0.0260339603,-0.0139288949,0.7819345593,-0.0173272956,0.1920570433
3.0704660416,-0.0020104968,0.0232283995,-0.0135036753,0.8950735927,-0.0196330603,0.1750383824
3.0804758072,-0.0052117133,0.0085167820,-0.0186818894,0.9644640684,-0.0222511496,0.1686480492
3.0905449390,-0.0094678123,-0.0048733717,-0.0053733038,0.9676883221,-0.0243244208,0.1718315929
3.1009321213,-0.0116696674,-0.0252877846,0.0078429533,0.9101155400,-0.0301750507,0.1654732376
3.1106889248,-0.0088748056,-0.0444790050,0.0169205014,0.8205209374,-0.0363807492,0.1474423110
3.1208159924,-0.0040456974,-0.0460960940,0.0315538011,0.7352330089,-0.0456347652,0.1442734748
3.1308109760,-0.0019713962,-0.0395800546,0.0323632322,0.6915110946,-0.0492207147,0.1410973817
3.1411969662,0.0001521386,-0.0285508856,0.0165034477,0.6776614189,-0.0514858663,0.1379155815
3.1509470940,0.0004323699,-0.0058525568,-0.0042659687,0.6916507483,-0.0630426556,0.1368444562
3.1610808372,0.0007149256,0.0045375461,0.0042705489,0.7045432925,-0.0713411942,0.1485153437
3.1710569859,0.0049970723,0.0072414810,0.0001994920,0.7035645843,-0.0797969997,0.1548821628
3.1814849377,0.0073972619,0.0052658254,-0.0028867768,0.7271576524,-0.0912768915,0.1527469158
3.1911869049,0.0030533946,0.0104869688,-0.0146841453,0.7880803943,-0.1002876982,0.1537887454
3.2012829781,0.0025784648,0.0174055174,-0.0157020744,0.8744990826,-0.0973902345,0.1569539756
3.2114169598,0.0040547526,0.0268524662,-0.0215664562,0.9107362032,-0.0916644484,0.1728746146
3.2216899395,0.0054125763,0.0229363665,-0.0197009500,0.9041944146,-0.0767347664,0.1930579245
3.2315249443,0.0057449020,-0.0065990454,-0.0159916934,0.8188475370,-0.0795747638,0.1973253638
3.2415590286,0.0021736301,-0.0467941537,0.0030887676,0.7036219239,-0.0838968679,0.1771791577
3.2516860962,-0.0032896721,-0.0735108331,0.0063235713,0.6085942388,-0.0806209147,0.1559689343
3.2619590759,-0.0066958391,-0.0610477105,-0.0091631459,0.5808559656,-0.0819799230,0.1474811882
3.2717659473,-0.0051384890,-0.0397887453,-0.0207333025,0.6321159601,-0.0858388394,0.1379100531
3.2818169594,0.0022800541,-0.0217127427,-0.0244175848,0.7292551994,-0.0881873593,0.1357604712
3.2919669151,0.0137649458,0.0011628799,-0.0172098335,0.8362567425,-0.1158884913,0.1378430724
3.3022308350,0.0136737507,0.0085346336,-0.0059776353,0.9601690173,-0.1276095212,0.1271887571
3.3120908737,0.0117525738,0.0002730720,-0.0151175903,1.0189164877,-0.1323741823,0.1314186603
3.3220911026,0.0098927300,0.0040979618,-0.0174836572,1.0307639837,-0.1428256929,0.1399042308
3.3322269917,0.0041224039,-0.0036558278,-0.0150485681,1.0040590763,-0.1398064792,0.1505305022
3.3425021172,0.0013253965,-0.0333178416,-0.0107415961,0.9080206156,-0.1417250186,0.1473664045
3.3523519039,-0.0034414851,-0.0562895462,0.0050681783,0.7606844902,-0.1355565935,0.1516540945
3.3623580933,-0.0033118748,-0.0669617876,0.0226851646,0.6401379704,-0.1409451216,0.1378798336
3.3724949360,-0.0051344954,-0.0572173521,0.0216033403,0.5888545513,-0.1361913681,0.1219682321
3.3827638626,0.0009258069,-0.0292967036,0.0038816286,0.6038433909,-0.1414426565,0.1102826148
3.3926358223,0.0051033176,-0.0046737408,-0.0030565904,0.7138924003,-0.1543240994,0.1028156430
3.4026260376,0.0083356779,0.0123162949,0.0017168474,0.8430134058,-0.1532098949,0.1006596163
3.4127609730,0.0057313717,0.0169397965,0.0025776578,0.9806250334,-0.1466332227,0.1112459525
3.4230339527,0.0041199899,0.0138922865,-0.0044208216,1.0575486422,-0.1543736905,0.1229020730
3.4328980446,0.0034717000,-0.0050897216,0.0051124645,1.0597324371,-0.1585090458,0.1367028356
3.4428839684,0.0048913634,-0.0389866754,0.0155762983,0.9766620398,-0.1750749797,0.1483954340
3.4530320168,0.0004939116,-0.0601990148,0.0278995577,0.8570551872,-0.1676724553,0.1420587152
3.4633049965,-0.0039345645,-0.0660362914,0.0284132902,0.7555041313,-0.1516233832,0.1357216686
3.4730339050,-0.0016424678,-0.0494929776,0.0112348152,0.6742004752,-0.1321658045,0.1368138194
3.4831638336,-0.0004689716,-0.0325084701,-0.0001979518,0.6389310360,-0.1271680444,0.1368249506
3.4932699203,-0.0013105593,-0.0244673565,-0.0019303012,0.6324499846,-0.1198454127,0.1293976605
3.5035758018,-0.0081366021,-0.0212515667,-0.0008336949,0.6504140496,-0.1027654335,0.1209063679
3.5133647919,-0.0053207302,-0.0148260808,-0.0018107939,0.6961653233,-0.0885300338,0.1272726655
3.5234339237,0.0042166687,-0.0048568910,0.0000120354,0.7547480464,-0.0763135850,0.1325747371
3.5335669518,0.0098437350,0.0115497941,-0.0061150240,0.8230426908,-0.0757378042,0.1293722987
3.5438528061,0.0125235897,0.0042376081,-0.0162277874,0.8795087934,-0.0656606779,0.1346725076
3.5536937714,0.0181267541,0.0012125752,0.0008501363,0.8871502280,-0.0813581422,0.1580222994
3.5636999607,0.0130895060,-0.0047121858,0.0110483719,0.8860371709,-0.0770867020,0.1633315831
3.5738010406,0.0060751117,-0.0108070215,0.0182396714,0.8593360186,-0.0752184913,0.1601538956
3.5841031075,0.0010135450,-0.0054881712,0.0185287539,0.8453909159,-0.0679133758,0.1601618379
3.5939021111,-0.0001467787,-0.0109577840,0.0217134301,0.8347446322,-0.0700801238,0.1675960422
3.6039838791,-0.0022707903,-0.0107020950,0.0209208075,0.8294218779,-0.0711458474,0.1739673167
3.6140739918,-0.0062925243,-0.0182969049,0.0054773046,0.8230170012,-0.0700299889,0.1909582913
3.6243820190,-0.0064263367,-0.0306350365,0.0084867431,0.8251500726,-0.0688398853,0.2079474628
3.6342430115,-0.0095064659,-0.0274102166,0.0094110323,0.8144388199,-0.0646544620,0.2132612616
3.6442379951,-0.0096677858,-0.0164904967,0.0141615225,0.8058831096,-0.0626222044,0.2111421824
3.6543738842,-0.0067945742,-0.0084852343,0.0150217367,0.8092288375,-0.0775106102,0.2015777081
3.6646668911,-0.0057897293,-0.0064240759,0.0061058355,0.8188509941,-0.0807470158,0.1803364754
3.6745090485,-0.0087153930,-0.0100719398,-0.0058554458,0.8508190513,-0.0762649179,0.1739598066
3.6845159531,-0.0106829423,-0.0074960059,-0.0062794136,0.8977652192,-0.0747593641,0.1792578250
3.6945788860,-0.0175564308,-0.0036026903,-0.0029972242,0.9211068153,-0.0607197136,0.1856296957
3.7054901123,-0.0186406393,-0.0102643734,-0.0037371563,0.9145691991,-0.0469198748,0.1951940507
3.7351961136,-0.0198209304,-0.0199698582,0.0003007007,0.8909453750,-0.0322431922,0.1994545758
3.7352759838,-0.0181393940,-0.0261611268,-0.0064281272,0.8417971134,-0.0263072085,0.1994712800
3.7353019714,-0.0164740700,-0.0230363831,-0.0072965072,0.8087139726,-0.0266238581,0.1952323318
3.7452750206,-0.0157934446,-0.0221340135,-0.0071845101,0.7916081548,-0.0235545002,0.2005463392
3.7553257942,-0.0180611033,-0.0172846690,-0.0052447366,0.8139007092,-0.0116877202,0.2005466074
3.7648489475,-0.0204262454,-0.0072630411,-0.0025660442,0.8692669272,0.0015847425,0.2090332359
3.7749769688,-0.0178808589,-0.0064610606,-0.0108066248,0.9226036668,0.0041935751,0.2122063935
3.7903659344,-0.0143537242,-0.0003716417,-0.0036831545,0.9621424079,-0.0007387325,0.2164409459
3.7979397774,-0.0126931984,0.0030517511,-0.0035153080,0.9760672450,-0.0059364238,0.2143112123
3.8053159714,-0.0158408005,0.0015628866,-0.0082997726,0.9718279243,-0.0092055211,0.2068783939
3.8154120445,-0.0141712446,0.0009396605,-0.0073193954,0.9632035494,-0.0008197592,0.2026375830
3.8258628845,-0.0115337092,0.0118886167,-0.0074227499,0.9546857476,-0.0030654029,0.1952066272
3.8354029655,-0.0079677422,0.0052191848,-0.0065724300,0.9588674307,0.0054391352,0.1920244098
3.8454790115,-0.0014284871,-0.0053466326,-0.0155605124,0.9663966298,0.0002470366,0.1994533092
3.8555130959,-0.0006493055,-0.0051113134,-0.0217652377,0.9824722409,-0.0059168497,0.2090023458
3.8658590317,-0.0057263994,0.0040201182,-0.0203724559,0.9973954558,-0.0047303447,0.2079354078
3.8757638931,-0.0108414609,0.0083395177,-0.0112898396,0.9973336458,0.0016633724,0.2121858150
3.8858609200,-0.0080614407,-0.0040368801,-0.0011834550,0.9579567313,-0.0093201026,0.2079439908
3.8959150314,-0.0072118365,-0.0169430152,0.0071156574,0.8950003982,-0.0110141393,0.1952175498
3.9062809944,-0.0053850138,-0.0206917897,0.0087233735,0.8427844048,-0.0189116783,0.1931031942
3.9161179066,-0.0054070377,-0.0112698143,0.0085107638,0.8108717203,-0.0298705865,0.1824878454
3.9261159897,-0.0073175454,-0.0108777946,0.0045099808,0.7875189781,-0.0428561568,0.1750546843
3.9362709522,-0.0121236164,-0.0047506457,0.0073190881,0.7971615195,-0.0470716730,0.1665557474
3.9466009140,-0.0218738038,0.0024943582,0.0128471805,0.8321974874,-0.0287134424,0.1686798781
3.9563398361,-0.0258596856,0.0081872577,0.0082892729,0.9067830443,-0.0163414609,0.1760997176
3.9663889408,-0.0268763322,0.0192694291,-0.0044531273,0.9580232501,-0.0179793052,0.1813927442
3.9764318466,-0.0191009063,0.0230528638,0.0010585737,1.0050045252,-0.0196080934,0.1941215992
3.9868109226,-0.0111829359,0.0085829729,0.0113273216,1.0159096718,-0.0429350547,0.1824293137
3.9966099262,-0.0188551266,0.0172817931,0.0078012301,1.0137249231,-0.0388135463,0.1665049344
4.0066671371,-0.0247171242,0.0229760930,0.0060927225,1.0103071928,-0.0176344924,0.1643919945
4.0167617798,-0.0189044494,0.0256457552,0.0072807623,0.9986528754,-0.0262388997,0.1622670591
4.0270318985,-0.0139667708,0.0251677856,-0.0012232709,0.9794929624,-0.0317597650,0.1548361778
4.0370540619,-0.0100213606,0.0079794759,0.0010433745,0.9635169506,-0.0350964405,0.1527149677
4.0469789505,-0.0079907794,-0.0044789081,0.0062394692,0.9506266713,-0.0255422816,0.1707743257
4.0568580627,-0.0088848192,-0.0044129258,0.0025417162,0.9366672039,-0.0159967132,0.1888332218
4.0675740242,-0.0087527353,0.0111277336,0.0105221821,0.9197019339,-0.0267638080,0.1877713501
4.0771818161,-0.0085922796,0.0099324817,0.0283699576,0.8813539743,-0.0346025564,0.1760973781
4.0872941017,-0.0054584467,-0.0074159270,0.0339173041,0.7970569134,-0.0364267565,0.1718698144
4.0972700119,-0.0023261332,-0.0244833604,0.0466945730,0.7139242291,-0.0478053764,0.1655144542
4.1076159477,-0.0079226214,-0.0305688158,0.0393575393,0.6499636769,-0.0559099764,0.1474766582
4.1174001694,-0.0145086069,-0.0137758618,0.0204994623,0.6157639027,-0.0508824624,0.1506732404
4.1274590492,-0.0103086550,0.0020161502,0.0173258130,0.6243762374,-0.0581853800,0.1580989510
4.1376528740,-0.0020885789,0.0062827701,0.0081994487,0.6554609537,-0.0717150345,0.1570224911
4.1479640007,0.0022044159,0.0127880210,0.0212715808,0.7013511658,-0.0713013187,0.1591355801
4.1576371193,0.0015908756,0.0186786875,0.0310434047,0.7558119893,-0.0751392022,0.1485018432
4.1677436829,-0.0040223622,0.0180177316,0.0355726443,0.7919873595,-0.0642760992,0.1389434189
4.1778402328,-0.0038647079,0.0049118632,0.0457509719,0.8100938797,-0.0609692484,0.1336314827
4.1881117821,-0.0046359622,-0.0199993625,0.0344802700,0.7833889723,-0.0590783395,0.1336372644
4.1979837418,-0.0063562714,-0.0287310854,0.0331718884,0.7343004942,-0.0595140308,0.1325877160
4.2080030441,-0.0130107719,-0.0291177407,0.0222864691,0.6936728358,-0.0524546579,0.1304775774
4.2179150581,-0.0148563106,-0.0161285773,0.0271467511,0.6690564752,-0.0452143215,0.1347346306
4.2282118797,-0.0128547270,-0.0012452968,0.0348718725,0.6817927361,-0.0376062058,0.1453531981
4.2379951477,-0.0069416487,0.0126813883,0.0376515947,0.6818407178,-0.0429804623,0.1347324997
4.2482600212,-0.0020187520,0.0022703044,0.0375254117,0.6882844567,-0.0472248755,0.1262352765
4.2584729195,-0.0009911380,-0.0081692105,0.0432270728,0.6766908765,-0.0622368492,0.1177363321
4.2685809135,-0.0076929652,-0.0187117234,0.0479949676,0.6682659388,-0.0740019605,0.1145459414
4.2785367966,-0.0142988283,-0.0263882652,0.0469320975,0.6661258340,-0.0728972852,0.1241032258
4.2885007858,-0.0178709347,-0.0233415738,0.0458161198,0.6670587659,-0.0578969605,0.1453479975
4.2986669540,-0.0125801284,-0.0251221433,0.0407602154,0.6724300981,-0.0609848946,0.1527776718
4.3088269234,-0.0053265416,-0.0280322805,0.0230672900,0.6521900892,-0.0654888302,0.1400387138
4.3187131882,-0.0109639484,-0.0293139592,0.0045342995,0.6136701107,-0.0563722998,0.1251878589
4.3288340569,-0.0137259085,-0.0239915028,0.0056670262,0.5827807188,-0.0618921705,0.1336872727
4.3388438225,-0.0145286638,-0.0099664098,0.0165768210,0.5870987773,-0.0672083646,0.1262509376
4.3521628380,-0.0143440086,0.0070825452,0.0224107448,0.6329756379,-0.0669179559,0.1092502400
4.3600468636,-0.0044548237,0.0137176150,0.0269549433,0.6842436194,-0.0718724951,0.0943695679
4.3692088127,0.0015192308,0.0108368034,0.0458958708,0.7079019547,-0.0897544250,0.0869234949
4.3797369003,0.0006528474,-0.0114965206,0.0589398704,0.7079600096,-0.0961966068,0.0752404705
4.3899917603,-0.0041345679,-0.0272876397,0.0574763380,0.6738330722,-0.0997380763,0.0656890497
4.3998479843,-0.0079466719,-0.0307001248,0.0679466054,0.6364724040,-0.0990102440,0.0646370947
4.4091119766,-0.0146390516,-0.0353959575,0.0640471503,0.6002734900,-0.1078430116,0.0603948198
4.4191870689,-0.0164495427,-0.0403383151,0.0545183979,0.5897049904,-0.1185947284,0.0529595390
4.4294986725,-0.0133633930,-0.0346104279,0.0439695679,0.6111205816,-0.1258632392,0.0487034731
4.4393167496,-0.0113185365,-0.0181138888,0.0332276188,0.6315217614,-0.1384458691,0.0444448143
4.4493541718,-0.0054405653,-0.0073548919,0.0389559232,0.6294468045,-0.1448573619,0.0401940756
4.4594960213,-0.0034290873,-0.0083222752,0.0515930019,0.5944105387,-0.1632297188,0.0359466001
4.4697980881,-0.0033649527,-0.0318720117,0.0792044923,0.5495518446,-0.1594210565,0.0295914318
4.4795646667,-0.0081721861,-0.0479514375,0.0933975503,0.5025774240,-0.1577022523,0.0306660179
4.4897251129,-0.0148963649,-0.0400383845,0.0961341783,0.4758506119,-0.1537318081,0.0243029948
4.4998288155,-0.0196069796,-0.0371709242,0.0736588761,0.4737685621,-0.1590693146,0.0221772585
4.5101509094,-0.0193934757,-0.0430349484,0.0472575389,0.4920029938,-0.1684589535,0.0221670046
4.5198950768,-0.0182009060,-0.0420425311,0.0393789373,0.4900077581,-0.1822637171,0.0232224148
4.5300440788,-0.0238804240,-0.0381075516,0.0391934477,0.5016574860,-0.1725933701,0.0264116861
4.5400590897,-0.0198656637,-0.0428988114,0.0379986726,0.4876782894,-0.1621045172,0.0264204741
4.5504417419,-0.0120655317,-0.0457479134,0.0484559499,0.4780842662,-0.1644060314,0.0115552414
4.5601887703,-0.0082336981,-0.0438796058,0.0452932678,0.4609899521,-0.1636187881,-0.0075524072
4.5704789162,-0.0035430514,-0.0382409468,0.0548836552,0.4504840076,-0.1808142960,-0.0266691092
4.5804619789,-0.0066728317,-0.0279086605,0.0695745274,0.4270758927,-0.1885225475,-0.0383468047
4.5908179283,-0.0167469997,-0.0285079852,0.0893710777,0.3958791792,-0.1644093543,-0.0415134355
4.6006259918,-0.0239389855,-0.0400224701,0.0888887569,0.3582500219,-0.1359846443,-0.0255626999
4.6106996536,-0.0193649847,-0.0468489304,0.0984589383,0.3154043555,-0.1192355528,-0.0032461425
4.6207141876,-0.0146621782,-0.0500386730,0.0809878632,0.2685481608,-0.1291739494,-0.0000538111
4.6311078072,-0.0129146595,-0.0446873084,0.0706106946,0.2365044653,-0.1262428612,0.0042029857
4.6408810616,-0.0111326296,-0.0364621058,0.0759943053,0.2270531654,-0.1411323398,0.0116305416
4.6509399414,-0.0161297042,-0.0243991986,0.0735934302,0.2259841561,-0.1411338598,0.0126917455
4.6610350609,-0.0172682721,-0.0249323025,0.0779984519,0.2260597944,-0.1485470235,0.0148116210
4.6713781357,-0.0153439660,-0.0283872858,0.0746652409,0.2219748497,-0.1666862965,0.0052500074
4.6812090874,-0.0202361960,-0.0299885646,0.0665288493,0.2124910653,-0.1795991659,-0.0096192202
4.6911988258,-0.0271793623,-0.0296868458,0.0534810387,0.2231004387,-0.1742760986,-0.0213000439
4.7013177872,-0.0312733985,-0.0245107785,0.0422970019,0.2368463427,-0.1614090353,-0.0191735104
4.7116527557,-0.0286197681,-0.0230739489,0.0406728350,0.2654165924,-0.1367054880,-0.0117361667
4.7214651108,-0.0299715120,-0.0234212056,0.0475823842,0.2780431807,-0.1185288876,-0.0074830987
4.7314839363,-0.0324169733,-0.0295939818,0.0553606115,0.2713369727,-0.0877394155,0.0042136381
4.7415580750,-0.0280593354,-0.0494592562,0.0721420571,0.2017349750,-0.0638591126,0.0169848278
4.7519626617,-0.0218012054,-0.0620426908,0.0924976394,0.0916692168,-0.0499785170,0.0148956440
4.7617459297,-0.0165438373,-0.0771657601,0.1019582078,-0.0076999757,-0.0380925611,0.0181122106
4.7717738152,-0.0112689454,-0.0704595223,0.0994023010,-0.0641930848,-0.0461665988,-0.0052363891
4.7818841934,-0.0179187376,-0.0415656939,0.0910034701,-0.0335621983,-0.0152172083,-0.0190320965
4.7922067642,-0.0207993407,-0.0221123472,0.0811541602,0.0292688813,-0.0007849382,-0.0052367221
4.8019728661,-0.0167709906,-0.0110423928,0.0826206729,0.0624601245,-0.0110575492,0.0021823121
4.8120098114,-0.0244457442,-0.0290303603,0.0947699472,0.0432234742,-0.0091150403,0.0000624359
4.8221311569,-0.0390350856,-0.0618038550,0.0973730609,-0.0114413695,0.0148611329,0.0075208843
4.8324747086,-0.0458898284,-0.0706020966,0.0954760835,-0.0959656313,0.0364049077,0.0075540408
4.8422088623,-0.0519274212,-0.0671286955,0.1038090512,-0.1687040180,0.0527055860,0.0012098588
4.8523030281,-0.0512495376,-0.0708883181,0.1195747778,-0.2498250753,0.0541255809,0.0022934990
4.8623719215,-0.0436648764,-0.0751260296,0.1331519485,-0.3234755695,0.0556390546,0.0076219519
4.8726949692,-0.0380464830,-0.0885739699,0.1307362914,-0.3971280754,0.0559324026,-0.0114717148
4.8825488091,-0.0355711617,-0.0956573859,0.1326839924,-0.4472410381,0.0500438884,-0.0337597094
4.8925771713,-0.0390065648,-0.0883467570,0.1387415528,-0.4728122354,0.0455486700,-0.0380028561
4.9026980400,-0.0393965580,-0.0723415390,0.1340958476,-0.4771659672,0.0539994128,-0.0379975289
4.9129676819,-0.0339993872,-0.0632785931,0.1295918226,-0.5049297214,0.0546927713,-0.0571018532
4.9227838516,-0.0287931282,-0.0680395737,0.1360701919,-0.5476883650,0.0605613105,-0.0762004480
4.9328408241,-0.0168730635,-0.0829328671,0.1352134943,-0.6255042553,0.0502007492,-0.0963605046
4.9428777695,-0.0130099375,-0.0993552580,0.1407608390,-0.7119491100,0.0481493175,-0.1324407458
4.9532790184,-0.0210336465,-0.1057881489,0.1264167428,-0.8132336736,0.0364737511,-0.1600276381
4.9630546570,-0.0281748492,-0.1030723229,0.1195581481,-0.8974766135,0.0293228962,-0.1674424112
4.9730839729,-0.0352791585,-0.0852607861,0.1170765683,-0.9604157805,0.0266651288,-0.1653044820
4.9831738472,-0.0423884131,-0.0667872801,0.1187404320,-0.9830619693,0.0509832501,-0.1482978016
4.9935231209,-0.0426981486,-0.0474183336,0.1252815127,-0.9983006120,0.0817534104,-0.1281043887
5.0032858849,-0.0342989899,-0.0302367583,0.1202325150,-1.0509042740,0.1131960228,-0.1174573377
5.0133690834,-0.0211121161,-0.0408801809,0.1255530119,-1.1681662798,0.0993553773,-0.1301758736
5.0234379768,-0.0108432490,-0.0750027075,0.1340430379,-1.3642543554,0.0710805953,-0.1354491860
5.0337948799,-0.0082974751,-0.1107011214,0.1489920020,-1.6019729376,0.0422617979,-0.1683185101
5.0435848236,-0.0224945862,-0.1166357175,0.1434385180,-1.8793890476,0.0343255773,-0.2001060098
5.0536370277,-0.0310008842,-0.1206522956,0.1403920054,-2.1218061447,0.0490963347,-0.2138410658
5.0637187958,-0.0327872969,-0.1129407659,0.1307379603,-2.3116292953,0.0322784744,-0.2605203986
5.0740427971,-0.0445573069,-0.0814199224,0.1235377714,-2.4013257027,0.0355171449,-0.2944727838
5.0838370323,-0.0496893264,-0.0650334731,0.1307230592,-2.3501482010,0.0389813855,-0.3199672103
5.0939216614,-0.0579174496,-0.0356389657,0.1523285508,-2.2052369118,0.0614353605,-0.3253026903
5.1039581299,-0.0584454872,-0.0132447844,0.1667501330,-2.0614194870,0.0870967805,-0.3253263831
5.1143217087,-0.0472147800,-0.0206041709,0.1706033349,-2.0120794773,0.0620058104,-0.3338455856
5.1241207123,-0.0268201847,-0.0739180222,0.1773969531,-2.0709993839,-0.0235626213,-0.3593565226
5.1341857910,-0.0305438358,-0.1217682138,0.1914983392,-2.2520215511,-0.0668799356,-0.4134834707
5.1442418098,-0.0566742755,-0.1415813863,0.1838384867,-2.4696030617,-0.0817073509,-0.4431659877
5.1546192169,-0.0758507550,-0.1547477543,0.1690303087,-2.6776661873,-0.0867986530,-0.4569184482
5.1643800735,-0.0911082327,-0.1396717429,0.1505525708,-2.8466057777,-0.0554218180,-0.4632306695
5.1744108200,-0.1026385128,-0.0826956704,0.1124532744,-3.0168879032,0.0047590304,-0.4440450370
5.1845188141,-0.0980298221,-0.0330119506,0.1130176112,-3.1724629402,0.0896257162,-0.4014911950
5.1948709488,-0.0789785981,-0.0452405587,0.1221285388,-3.3499662876,0.1242300346,-0.3897503912
5.2046318054,-0.0603518821,-0.1112346724,0.1495252252,-3.6237685680,0.1821894795,-0.4098260999
5.2147207260,-0.0283892173,-0.1459442377,0.2223613858,-3.8736908436,0.2011576295,-0.4203695953
5.2247638702,-0.0195908267,-0.1382856667,0.2329047322,-3.9919726849,0.1831330955,-0.4224721789
5.2351889610,-0.0263615269,-0.1237586215,0.2186318636,-3.9699029922,0.2161309272,-0.4362656772
5.2449231148,-0.0361471213,-0.1064228192,0.1899683475,-3.9059364796,0.2230908275,-0.4309694469
5.2551698685,-0.0368305184,-0.0907464698,0.1803179979,-3.8821260929,0.1904605329,-0.4224977493
5.2650508881,-0.0605590679,-0.0246937647,0.1652124524,-3.8466067314,0.1599367112,-0.4320781827
5.2755508423,-0.0870094895,0.0227149129,0.1525137424,-3.6718037128,0.1816043854,-0.4352978766
5.2866697311,-0.0851426125,0.0221421570,0.1169590279,-3.4616887569,0.1940160394,-0.4406540394
5.2952828407,-0.0664825439,0.0038609139,0.0733721778,-3.2695081234,0.1861229539,-0.4438911080
5.3052768707,-0.0465711094,-0.0294114724,0.0687350556,-3.1549828053,0.1519894898,-0.4619878232
5.3156599998,-0.0489436425,-0.0503465161,0.0835163519,-3.1187212467,0.1532857120,-0.4747393727
5.3253350258,-0.0629849732,-0.0661485419,0.0816466138,-3.0752129555,0.1780848056,-0.4726144373
5.3353719711,-0.0606522895,-0.0794630423,0.0982404873,-3.0275776386,0.2166227549,-0.4842855930
5.3455810547,-0.0407865979,-0.0518363640,0.0952596590,-3.0396120548,0.2450565249,-0.5012571216
5.3558020592,-0.0042181038,-0.0767636374,0.1090322658,-3.0907948017,0.2403519750,-0.5033707619
5.3655776978,-0.0017023705,-0.0933814868,0.1265017390,-3.1643548012,0.2322471887,-0.5086651444
5.3756499290,-0.0303649325,-0.0745357201,0.1377761960,-3.2360837460,0.2561489940,-0.4895212352
5.3857288361,-0.0464942195,-0.0537593439,0.1722236276,-3.2555696964,0.2835603654,-0.4905644059
5.3960061073,-0.0271944720,-0.0386445895,0.1794865131,-3.2213451862,0.2741031647,-0.5224330425
5.4058818817,0.0034405268,-0.0092953211,0.1568097472,-3.1483550072,0.2322899252,-0.5235342383
5.4159288406,0.0180733781,0.0271224901,0.1190575883,-3.0005142689,0.1774667501,-0.5044859052
5.4259638786,0.0114250463,0.0227104947,0.0977254435,-2.8168184757,0.1666218191,-0.4610041678
5.4363360405,-0.0069814050,0.0115589732,0.0918618962,-2.6632332802,0.1777425855,-0.4259992540
5.4461460114,-0.0315318443,-0.0052089756,0.0923612639,-2.6412463188,0.2216195017,-0.3983761668
5.4562458992,-0.0456577875,-0.0693905428,0.1174007580,-2.7215824127,0.2518076897,-0.3802905381
5.4663710594,-0.0708105564,-0.0842090622,0.1713302732,-2.7850360870,0.2988228798,-0.4078577161
5.4767808914,-0.0830938816,-0.0087339347,0.1521291137,-2.7321314812,0.3425820768,-0.4397030175
5.4865760803,-0.0493208505,0.0737217292,0.0958562419,-2.5689496994,0.3536472321,-0.4259355366
5.4966077805,-0.0185819585,0.1036999449,0.0818911120,-2.3714756966,0.3512511253,-0.4068733454
5.5066471100,-0.0201303381,0.1043641195,0.0537341200,-2.2189843655,0.3655722737,-0.3676183522
5.5170440674,-0.0259925146,0.0644607171,0.0587220751,-2.2085020542,0.3871828914,-0.3219524920
5.5268049240,-0.0242858250,-0.0501563922,0.1225326583,-2.3345484734,0.3976501822,-0.3378422260
5.5368990898,-0.0114776511,-0.1092589274,0.1528537869,-2.4710998535,0.3910069466,-0.3601089120
5.5469388962,0.0067267693,-0.1261601746,0.1509084105,-2.5508499146,0.3604197204,-0.3877107203
5.5574088097,0.0048833466,-0.0281668082,0.1228784844,-2.4642910957,0.3483738303,-0.3983570933
5.5671010017,-0.0113881249,0.1335403025,0.0476418100,-2.1870522499,0.3731960952,-0.3803645074
5.5771789551,-0.0016391299,0.2102692425,-0.0170630869,-1.8862613440,0.3932022452,-0.3188464940
5.5872106552,-0.0050907158,0.2047511041,-0.0266605075,-1.6740652323,0.4133365452,-0.2817273736
5.5975551605,-0.0265869815,0.1519715488,0.0082201315,-1.6125770807,0.4553878605,-0.2615478039
5.6073732376,-0.0307381470,0.0829112157,0.0602840744,-1.6929010153,0.4833150804,-0.2646988332
5.6174459457,-0.0160779376,-0.0178025737,0.0998014733,-1.8198124170,0.4724217653,-0.3007735610
5.6274871826,-0.0018325470,-0.0432755724,0.0964224860,-1.8782728910,0.4473329186,-0.3273162246
5.6378221512,0.0021831668,-0.0036259659,0.0614916645,-1.8418359756,0.4304660559,-0.3591878712
5.6476202011,0.0007154323,0.0355741009,0.0171547476,-1.7519851923,0.4100151062,-0.3613444865
5.6578359604,-0.0124661941,0.0941110477,-0.0052949237,-1.6581003666,0.4141430855,-0.3422539830
5.6678218842,-0.0345838107,0.1311839521,0.0078747822,-1.5632660389,0.4287449419,-0.3454561532
5.6780858040,-0.0489251651,0.1290490329,0.0234456602,-1.4920430183,0.4570471346,-0.3316583037
5.6879267693,-0.0507266857,0.1217061505,0.0403786264,-1.4208159447,0.4853408337,-0.3189206719
5.6978540421,-0.0585424937,0.1013674363,0.0498871766,-1.3294252157,0.5254878998,-0.3051187098
5.7080402374,-0.0626543760,0.0709245428,0.0481446944,-1.2518550158,0.5602589250,-0.2838850617
5.7184057236,-0.0592341460,0.0469471440,0.0535894595,-1.1722179651,0.6025512815,-0.2509679198
5.7281408310,-0.0629209578,0.0838954076,0.0554963909,-1.0468380451,0.6577900648,-0.2467249781
5.7382926941,-0.0559473969,0.1068186983,0.0337635837,-0.9502242208,0.7085602880,-0.2382292300
5.7482910156,-0.0374496616,0.0989926681,0.0035285307,-0.9568458796,0.7320472002,-0.2074236423
5.7586231232,-0.0220733900,0.0679392442,-0.0124329971,-1.0123561621,0.7337266207,-0.2010384500
5.7684769630,-0.0175339598,0.0437104329,-0.0056551145,-1.0669102669,0.7471481562,-0.1850909144
5.7786207199,-0.0158946831,0.0544611439,-0.0022674249,-1.0755789280,0.7597500086,-0.1935766190
5.7886691093,-0.0121293981,0.0439220890,-0.0066699432,-1.0575293303,0.7683134079,-0.2063185126
5.7989010811,-0.0032542967,0.0316769704,-0.0048635649,-0.9741438627,0.7530224323,-0.2222751677
5.8086791039,-0.0048027658,0.0431429967,-0.0119295763,-0.8343191147,0.7498471141,-0.2456718385
5.8192849159,-0.0070407414,0.0851580724,-0.0451315679,-0.6870037317,0.7457792163,-0.2531431317
5.8289871216,0.0016890444,0.1130471453,-0.0751815513,-0.5643281341,0.7498748899,-0.2775936127
5.8391828537,0.0117333811,0.1187813506,-0.1092418507,-0.4948563576,0.7375493050,-0.3084109724
5.8490028381,0.0259814542,0.1110006794,-0.1282417178,-0.4766853452,0.7332975864,-0.3339008987
5.8590397835,0.0336374901,0.0905093178,-0.1414459348,-0.5002552867,0.7413912416,-0.3625571132
5.8691649437,0.0366368555,0.0660186037,-0.1452133656,-0.5303809643,0.7643200159,-0.3858975768
5.8794441223,0.0455966555,0.0405332670,-0.1133233979,-0.5658454299,0.7872175574,-0.4071146548
5.8892707825,0.0528170429,0.0109847421,-0.0828396156,-0.6171187162,0.7909033298,-0.4240885675
5.8992977142,0.0592783354,-0.0197160020,-0.0558775105,-0.7025471926,0.7953790426,-0.4368056953
5.9093780518,0.0591700934,-0.0419602767,-0.0347792543,-0.8293591738,0.7749710083,-0.4675758481
5.9197530746,0.0587643348,-0.0433066264,-0.0273628291,-0.9368139505,0.7374634743,-0.5429546833
5.9295058250,0.0543877445,-0.0072136885,-0.0603673495,-0.9599530697,0.7008658051,-0.5918098688
5.9395627975,0.0592292808,0.0756082162,-0.1009444669,-0.8807131052,0.6739354730,-0.5971530676
5.9496350288,0.0623979233,0.1383613050,-0.1382561922,-0.7118431330,0.6476490498,-0.6237540841
5.9599838257,0.0492756926,0.1829618514,-0.1961798668,-0.4897105992,0.6325906515,-0.6270030737
5.9711709023,0.0350498520,0.1874132454,-0.2235785127,-0.2359566092,0.6583034992,-0.6036950946
5.9799790382,0.0282678287,0.1624365151,-0.2101217508,-0.0614703447,0.7130495906,-0.5782299638
5.9899430275,0.0330079757,0.1154653057,-0.1886961460,0.0383193679,0.7659357190,-0.5750434995
6.0002799034,0.0416024588,0.0501680598,-0.1455467939,0.0314172022,0.8145540953,-0.5951913595
6.0100841522,0.0533198677,-0.0114006167,-0.1039711311,-0.0616349764,0.8337775469,-0.6142705083
6.0201430321,0.0623603426,-0.0518598333,-0.0693310574,-0.1887280643,0.8420569301,-0.6386542916
6.0301818848,0.0620010458,-0.0557089224,-0.0580913462,-0.2463508695,0.8391823173,-0.6768658161
6.0406379700,0.0660125911,-0.0315740481,-0.0743742660,-0.2536828816,0.8241319060,-0.6970461011
6.0504322052,0.0778639615,0.0149408812,-0.1042797640,-0.2504788339,0.8265934587,-0.6492646933
6.0603761673,0.0931836069,0.0530124530,-0.1396574974,-0.1779583395,0.8339135647,-0.6004384756
6.0704441071,0.0993670523,0.0642311797,-0.1479063630,-0.0872742459,0.8380203843,-0.5802852511
6.0815267563,0.0986451805,0.0776389465,-0.1492789388,0.0533206612,0.8657117486,-0.5898615122
6.0917501450,0.0930599570,0.0756492242,-0.1525568366,0.1488344073,0.9196631312,-0.5803026557
6.1006169319,0.0941269398,0.0602604970,-0.1455295086,0.1931656152,0.9689170122,-0.5717957616
6.1107740402,0.0932527781,0.0216572508,-0.1080948785,0.2079184651,0.9858089089,-0.6047068238
6.1379737854,0.0879475772,-0.0005808242,-0.0899007991,0.2506234050,0.9816186428,-0.6535618901
6.1380510330,0.0811304152,-0.0034494170,-0.0819048360,0.3124172390,0.9904603362,-0.6822417378
6.1520447731,0.0812760592,0.0238741860,-0.0821338966,0.3933534324,1.0081928968,-0.6748204231
6.1521186829,0.0853866339,0.0445736274,-0.0773391202,0.5172873735,0.9931928515,-0.7003425956
6.1614089012,0.0800122321,0.0536162481,-0.0968718007,0.5834720135,0.9905270338,-0.7099184990
6.1733551025,0.0842650533,0.0657973513,-0.1030584052,0.6507315040,0.9891099334,-0.6918857098
6.1811656952,0.0856696665,0.0275476202,-0.1035533026,0.7160009146,0.9703021049,-0.7343822122
6.1913967133,0.0903559029,-0.0057366854,-0.0857558325,0.7845261693,0.9462878108,-0.7662655711
6.2014360428,0.0973690152,0.0087183947,-0.0727250054,0.9449353814,0.9113280773,-0.8098576665
6.2112860680,0.0951423943,0.0281663164,-0.1063731387,1.1852364540,0.8919975162,-0.8417822719
6.2213029861,0.0939157903,0.0598713383,-0.1208677366,1.4701147079,0.8987169862,-0.8439754248
6.2314262390,0.0915072858,0.0797017440,-0.1083796099,1.7165307999,0.9104884267,-0.8334141374
6.2417211533,0.0916753113,0.0924660191,-0.0911356881,1.8414328098,0.9086036682,-0.8015928268
6.2515559196,0.0923317373,0.0717323050,-0.0847982839,1.8468515873,0.9025335312,-0.7633724213
6.2615518570,0.0896140635,0.0182691440,-0.0392548479,1.6688241959,0.8829533458,-0.7612130642
6.2716016769,0.0850811005,-0.0345871225,0.0059769107,1.3511804342,0.8416818380,-0.8068103790
6.2819800377,0.0752046704,-0.0619978681,0.0441286527,1.0046108961,0.8106999397,-0.8630137444
6.2917580605,0.0650221258,-0.0678735152,0.0426940881,0.8106607795,0.7788938284,-0.9245647192
6.3018321991,0.0544531308,-0.0585045591,0.0191410128,0.8332744837,0.7565522790,-0.9638682008
6.3119578362,0.0487442277,0.0046170587,-0.0193078574,0.9473459125,0.7716957927,-0.9097378254
6.3222370148,0.0547256880,0.1043785438,-0.0402402915,1.0315973759,0.7849193215,-0.7844594121
6.3320226669,0.0534466766,0.1620059907,-0.0372854508,1.0348626375,0.7857781649,-0.6570439339
6.3420591354,0.0337060355,0.1255871952,-0.0159136709,0.9648282528,0.7471402884,-0.6305007339
6.3522100449,0.0060091889,0.0384666547,0.0133524491,0.8207919598,0.7438222766,-0.6209096313
6.3625187874,-0.0002542459,-0.0169942155,0.0237030927,0.6820971370,0.7394559979,-0.6166301966
6.3723387718,0.0101819616,-0.0416307822,0.0127752377,0.6407060027,0.7168529034,-0.6102601290
6.3823847771,0.0204659682,-0.0175219551,0.0135540320,0.6932477355,0.6941248178,-0.5858614445
6.3924999237,0.0207210165,0.0410319194,0.0016622496,0.8522685170,0.6957560182,-0.5487380624
6.4027738571,0.0134482365,0.1158048138,0.0007414174,0.9545963407,0.7131409049,-0.4606263638
6.4127712250,0.0062993295,0.1706376970,0.0130995465,0.9835105538,0.7063186765,-0.4064853489
6.4227910042,-0.0099979509,0.1409231126,0.0126827313,0.8821075559,0.7087491751,-0.3862856030
6.4329009056,-0.0187305678,0.0748331770,0.0467331372,0.6387670636,0.7097654343,-0.3925940990
6.4432830811,-0.0203915704,-0.0068077212,0.0666785762,0.3582898676,0.6880075336,-0.4243870378
6.4530010223,-0.0157831330,-0.0709689632,0.0629051849,0.1408630311,0.6583952904,-0.4434590042
6.4630599022,-0.0149254221,-0.0715920702,0.0535683595,0.0225000326,0.6488999724,-0.4391861558
6.4731888771,-0.0181158502,0.0073458785,0.0513070188,0.0133560691,0.6056196094,-0.3924863040
6.4834780693,-0.0362977423,0.0865020975,0.0435806476,0.0872811824,0.5800553560,-0.3436742127
6.4932608604,-0.0597575344,0.1300233901,0.0375847183,0.1491847634,0.5819270611,-0.3022788465
6.5033349991,-0.0699360073,0.1377732456,0.0377745591,0.1427954733,0.5821010470,-0.2672392428
6.5134401321,-0.0675059259,0.0977680907,0.0290245954,0.0863452479,0.5710108280,-0.2651068568
6.5237417221,-0.0484997816,0.0274010524,0.0303595010,-0.0330386721,0.5573462844,-0.2480952442
6.5335850716,-0.0217995066,-0.0199993625,0.0548174940,-0.1735433191,0.5211651325,-0.2385214418
6.5436000824,-0.0036428743,-0.0309571996,0.0440936051,-0.2637579143,0.4715164304,-0.2459541261
6.5537319183,0.0000923253,-0.0178650990,0.0249671880,-0.2922465503,0.4394900501,-0.2374684960
6.5640258789,-0.0021157884,0.0108153457,0.0135520650,-0.2770925760,0.4196422398,-0.2098762244
6.5738639832,-0.0043475353,0.0357604250,0.0121740652,-0.2331693172,0.4030552804,-0.2088338584
6.5838327408,-0.0024708533,0.0491765961,0.0083434535,-0.1904727221,0.4012029171,-0.2247732729
6.5939960480,-0.0005129300,0.0490987524,0.0088160587,-0.1648642868,0.4013919830,-0.2300886661
6.6042652130,0.0063095964,0.0393482074,0.0190664474,-0.2019732893,0.3777712882,-0.2226575911
6.6141018867,0.0072358227,0.0139461393,0.0260887686,-0.2368838638,0.3466392159,-0.2311586589
6.6241440773,-0.0053110742,-0.0106196171,0.0173000637,-0.2568219304,0.3124543428,-0.2396647930
6.6342029572,-0.0177013595,-0.0118375784,0.0037829829,-0.2105716318,0.2768017948,-0.2365089506
6.6446099281,-0.0231504906,-0.0011310347,-0.0186361726,-0.0961084813,0.2502972186,-0.2238107473
6.6543340683,-0.0179627556,0.0236936435,-0.0125706838,0.0343560502,0.2250200957,-0.2068677098
6.6644248962,-0.0098812450,0.0605664477,-0.0072867917,0.1435184181,0.1953062117,-0.1909838915
6.6744737625,-0.0000534378,0.0743793473,0.0006221485,0.1500117332,0.1881428361,-0.1591351479
6.6848139763,0.0095774811,0.0511582717,0.0169157926,0.0615494028,0.1767510325,-0.1601789743
6.6946649551,0.0175377410,-0.0016145476,0.0216640178,-0.0429120213,0.1617675573,-0.2026318908
6.7046642303,0.0249189865,-0.0343638435,0.0185977761,-0.1558977365,0.1468828171,-0.2185378224
6.7148108482,0.0353184603,-0.0315338746,0.0105127050,-0.2764470577,0.1427019238,-0.2100148946
6.7250728607,0.0339633189,-0.0212352648,0.0042509986,-0.3809304237,0.1322610080,-0.2068089992
6.7348690033,0.0228326898,-0.0062998896,0.0020520641,-0.4289070070,0.1276183128,-0.2036137283
6.7449340820,0.0075907982,0.0066687101,0.0198565070,-0.4908120334,0.1304810643,-0.1696178019
6.7550096512,-0.0305680353,0.0193180069,-0.0158311184,-0.5742073059,0.1492744684,-0.1048175022
6.7653679848,-0.0750557631,0.0318539366,-0.1034577563,-0.5253788233,0.1775320768,-0.0676532313
6.7751679420,-0.0712093115,0.0713733062,-0.0866942480,-0.3695700765,0.1789968163,-0.0517650768
6.7852668762,-0.0283069927,0.1426840723,-0.0647994354,-0.0877842084,0.1750986725,-0.0507769734
6.7950811386,0.0126796048,0.1720041335,-0.0614216961,0.2068125457,0.1713744998,-0.0402356498
6.8054151535,0.0408436768,0.1242391095,-0.0633409098,0.4072526693,0.1911777705,-0.0381530598
6.8152518272,0.0678907335,0.0263385996,-0.0504003800,0.4382366836,0.1883343160,-0.0275443587
6.8257169724,0.1000386328,-0.0707766190,-0.0448073186,0.3061500788,0.1614933163,-0.0615022555
6.8355789185,0.1200014502,-0.1170511618,-0.0547398366,0.0599378981,0.1283840984,-0.0901248455
6.8458089828,0.1245807111,-0.1008692756,-0.0526431240,-0.2288551480,0.0866491050,-0.0826394409
6.8556966782,0.0997958332,-0.0649915710,-0.0269221123,-0.4593043327,0.0792961121,-0.0878935903
6.8657188416,0.0613976233,-0.0209203139,-0.0108791636,-0.5832600594,0.0939837098,-0.1101517528
6.8758401871,0.0358952098,0.0267704353,-0.0227311905,-0.5857356787,0.1267107725,-0.1324325651
6.8861088753,0.0289786439,0.0570602044,-0.0497122444,-0.5040395856,0.1741069853,-0.1334927082
6.8959188461,0.0384454988,0.0644144043,-0.0716600493,-0.3677922487,0.2103962898,-0.1207675785
6.9060478210,0.0554509722,0.0673299059,-0.0797312334,-0.2623435557,0.2315402478,-0.1112274006
6.9161567688,0.0693551153,0.0656932816,-0.0819558576,-0.1705939174,0.2356356531,-0.0942598730
6.9264020920,0.0781710893,0.0477956757,-0.0727652982,-0.1172189787,0.2351303846,-0.0804699585
6.9362478256,0.0771366954,0.0280458555,-0.0700479224,-0.0735588521,0.2451100498,-0.0730434656
6.9462909698,0.0712933987,-0.0012614497,-0.0512601174,-0.0031618951,0.2476808578,-0.0985430330
6.9563837051,0.0578820221,-0.0274855867,-0.0374916233,0.0984049439,0.2294405997,-0.1028251350
6.9667267799,0.0473189615,-0.0388369933,-0.0361892618,0.2434187680,0.2436209470,-0.0752486959
6.9764828682,0.0295841675,-0.0370776430,-0.0498250760,0.4438866377,0.2625847757,-0.0391889624
6.9865241051,0.0104371142,-0.0181433931,-0.0469706096,0.6315594316,0.2803260088,-0.0105579179
6.9966678619,-0.0080195833,0.0225910172,-0.0419935621,0.7208077908,0.3204145730,-0.0031279642
7.0069708824,-0.0255297292,0.0489689931,-0.0470349826,0.7901056409,0.3262160122,-0.0201327819
7.0167880058,-0.0350498594,0.0153339142,-0.0192924198,0.8277155757,0.2987415195,-0.0530718192
7.0268588066,-0.0490609296,-0.0424927250,0.0049837185,0.8736721873,0.2903822660,-0.0944958255
7.0369272232,-0.0627897829,-0.0758660808,0.0257392470,0.9270094037,0.2917985320,-0.1114974469
7.0472588539,-0.0716057271,-0.0779031292,0.0440494977,0.9975495934,0.2818666101,-0.1019647345
7.0570621490,-0.0861944258,-0.0737854019,0.0379480682,1.1286582947,0.2966814935,-0.1211030111
7.0671300888,-0.1023304909,-0.0672548786,-0.0046510743,1.3484001160,0.3047339022,-0.1572576165
7.0771818161,-0.1163811088,-0.0578177944,-0.0469450392,1.6007950306,0.3566301167,-0.1849025637
7.0875387192,-0.1304896921,-0.0250077024,-0.0678853467,1.8144922256,0.4357286096,-0.2199568748
7.0973057747,-0.1378080398,-0.0175313130,-0.0814699605,1.9204056263,0.5150295496,-0.2422419339
7.1073970795,-0.1302036494,-0.0484812632,-0.0088459300,1.7288471460,0.5698282123,-0.2060633004
7.1173191071,-0.1250734776,-0.1213218942,0.0314910971,1.2689477205,0.5650406480,-0.1613533497
7.1278319359,-0.1416274607,-0.2265473902,0.0451727472,0.6019315124,0.5644515753,-0.1718030721
7.1376256943,-0.1803711653,-0.3036897480,0.0279722158,-0.1205646694,0.5610888004,-0.2077224553
7.1477031708,-0.2158907950,-0.3126707971,0.0045953346,-0.7011249065,0.5590767860,-0.2266886979
7.1577558517,-0.2347055674,-0.2621251047,0.0101973368,-1.0076880455,0.5849240422,-0.2457103133
7.1681017876,-0.2386991680,-0.1918145120,0.0189760868,-1.0605672598,0.6415390968,-0.2796452940
7.1778516769,-0.2258308530,-0.1290157139,0.0078653051,-0.8678984046,0.6897441745,-0.3051533401
7.1879358292,-0.2021129578,-0.0884703770,-0.0085218595,-0.5332482457,0.7339123487,-0.3264529705
7.1979680061,-0.1792318523,-0.0718880072,-0.0043183612,-0.2131783217,0.7418128848,-0.3573224545
7.2083849907,-0.1589668393,-0.0796624199,0.0023412062,-0.0381411575,0.7389035225,-0.3870985806
7.2181010246,-0.1491833925,-0.0997848287,0.0330489837,-0.0644635707,0.7013137937,-0.4210882485
7.2282381058,-0.1545029283,-0.1465909779,0.0618858300,-0.2548733056,0.6378622651,-0.4582320154
7.2382397652,-0.1651361436,-0.1817727387,0.0989289209,-0.6095906496,0.5698640347,-0.4847208858
7.2486619949,-0.1801513582,-0.1891541779,0.1343684196,-1.0143169165,0.4866387844,-0.5016512871
7.2583589554,-0.1955983341,-0.1968538463,0.1468968987,-1.3509883881,0.4283549786,-0.5270780921
7.2684421539,-0.1986811161,-0.1976228058,0.1393263340,-1.5512317419,0.3870813251,-0.5673950911
7.2785511017,-0.1677676737,-0.1732457578,0.1309139132,-1.5401370525,0.3411013186,-0.6364378333
7.2888607979,-0.1221311688,-0.1201938167,0.1148855612,-1.3110491037,0.2661860883,-0.7161700130
7.2987098694,-0.0734361708,-0.0622086897,0.0971681997,-0.9003624916,0.1748306304,-0.7938312888
7.3087129593,-0.0325212367,-0.0087671047,0.0692292973,-0.4162184000,0.1022027582,-0.8640681505
7.3188409805,-0.0035118931,0.0236551985,0.0469656549,0.0423510484,0.0262661874,-0.9194360375
7.3291249275,0.0194104295,0.0223204121,0.0367729627,0.4390562177,-0.0534499474,-0.9832839966
7.3389458656,0.0372460149,-0.0033055909,0.0414670669,0.6862872839,-0.1270434707,-1.0470914841
7.3489637375,0.0471158139,-0.0186454430,0.0554658733,0.7468916774,-0.2139120549,-1.1066105366
7.3591098785,0.0566366799,-0.0087107187,0.0545812808,0.6550208926,-0.3124737740,-1.1278723478
7.3694038391,0.0580028780,-0.0028084286,0.0449934565,0.5651116967,-0.3952466249,-1.1714252234
7.3792538643,0.0579715706,-0.0104946261,0.0561830364,0.5196832418,-0.4436695576,-1.2139098644
7.3892450333,0.0758394301,-0.0111466413,0.1051780507,0.5135944486,-0.4756034017,-1.2213574648
7.3993806839,0.0976527333,0.0009628169,0.1471361518,0.4927365482,-0.5222662091,-1.1895215511
7.4096608162,0.1096514165,0.0198703632,0.1411442757,0.4952120185,-0.5549861193,-1.1661792994
7.4195146561,0.1080572009,0.0310729370,0.1009915397,0.5007399917,-0.5740306377,-1.1651283503
7.4295310974,0.1026657894,0.0560857281,0.0414475165,0.5444353223,-0.5684061646,-1.1746923923
7.4396371841,0.1031547859,0.0960839614,-0.0107501792,0.6352514625,-0.5781754851,-1.1672877073
7.4499340057,0.1104238480,0.1338127553,-0.0492457189,0.7614399195,-0.6024441719,-1.1524652243
7.4597921371,0.1164557934,0.1730724871,-0.0655903891,0.8128229380,-0.6154989600,-1.1078892946
7.4697818756,0.1288557202,0.2019861042,-0.0631750301,0.8407513499,-0.6308385134,-1.0569385290
7.4798488617,0.1407804936,0.1836352050,-0.0360968150,0.8816159964,-0.6587921381,-1.0049346685
7.4902238846,0.1483883560,0.1509797871,-0.0039517330,0.9096862674,-0.6878761053,-0.9465582967
7.4999856949,0.1535938084,0.1283211410,0.0360946022,0.9420590997,-0.7201136351,-0.8892455101
7.5100669861,0.1535640210,0.1263765395,0.0628517792,1.0427155495,-0.7507286072,-0.8372578621
7.5201210976,0.1591873616,0.1444968283,0.0790011212,1.2107591629,-0.7966849208,-0.7874189615
7.5304307938,0.1616809815,0.1839201152,0.0772301480,1.4566824436,-0.8398318291,-0.7365366220
7.5403251648,0.1610878557,0.2100657523,0.0438338481,1.8019417524,-0.8916955590,-0.6909928322
7.5502901077,0.1478877813,0.2283013761,0.0229181591,2.1311664581,-0.9440448284,-0.6985356212
7.5603909492,0.1293000728,0.2398228347,0.0366413556,2.4561498165,-1.0008904934,-0.7389948964
7.5708098412,0.1113908440,0.2232088149,0.0583027564,2.7087008953,-1.0698971748,-0.7571426630
7.5805311203,0.1016024053,0.1889015734,0.0910572335,2.9045495987,-1.1220325232,-0.7158082724
7.5906639099,0.0925607532,0.1472715437,0.1061564013,3.0609548092,-1.1751788855,-0.6139419675
7.6006650925,0.0898514688,0.1173587069,0.1570836902,2.9991803169,-1.1825718880,-0.5258007050
7.6110301018,0.0718298554,0.0628487095,0.1848862171,2.8146736622,-1.0862853527,-0.4832343161
7.6207609177,0.0394755267,-0.0227811113,0.1123586223,2.5959856510,-0.9835575223,-0.3833183646
7.6309270859,0.0483862124,0.0093031758,0.0642998740,2.4735589027,-0.7914691567,-0.2143644392
7.6409258842,0.0439415686,0.1983225644,-0.1027252153,2.8400535583,-0.6071850657,0.0553314835
7.6513500214,0.0421630405,0.6877025962,-0.3009431362,2.4109406471,-0.5993998647,0.0342086889
7.6610422134,0.0288196187,0.8096294403,-0.1823765635,2.4569709301,-0.5258327127,-0.2991711497
7.6711649895,-0.0580904223,0.2660318315,-0.1661196351,3.3283989429,-0.2658382356,-0.3236849308
7.6811838150,-0.0520930625,-0.2321555316,-0.1118965223,3.5240349770,0.1479863524,0.0650905073
7.6915898323,0.0071573532,-0.2811461985,-0.0589722432,2.7513265610,0.1758237332,0.4878967404
7.7013278008,0.0796468556,-0.2550069988,-0.1059804037,1.9079972506,-0.0127962613,0.5177471042
7.7113928795,0.1092772186,-0.3596097529,-0.1790571213,1.1275233030,-0.1033524573,0.2057313025
7.7214736938,0.1040259600,-0.4049458802,-0.2476728559,0.3584940434,-0.0567471422,-0.0786122680
7.7318758965,0.0981889665,-0.3486865461,-0.3173610568,-0.0844263062,-0.0542287193,-0.0753130093
7.7416000366,0.0882714391,-0.2275605500,-0.2986416817,-0.3005064130,-0.1065851375,-0.0041437605
7.7516670227,0.0276568811,-0.1466454566,-0.2715048194,-0.4379713237,-0.1304210871,-0.0582731739
7.7617678642,-0.0122325141,-0.0942994729,-0.2232666612,-0.4833409190,-0.0791903958,-0.1145114154
7.7720589638,-0.0102016646,-0.0189950243,-0.1761969924,-0.5778800845,-0.0186737906,-0.1452488154
7.7819347382,0.0131236594,0.0549889430,-0.1098843291,-0.5867020488,0.0099333525,-0.1399232894
7.7919359207,0.0478121303,0.1011643633,-0.0508257784,-0.4576582015,0.0220454764,-0.0826131999
7.8020038605,0.0644211173,0.1125967130,-0.0031753229,-0.2015734166,0.0311401710,-0.0072859577
7.8123779297,0.0628630221,0.1025746688,0.0346355401,0.1045983434,0.0470048897,0.0627224222
7.8221378326,0.0531088673,0.1002570018,0.0576553307,0.3523005247,0.0388412364,0.1061892062
7.8322057724,0.0415015183,0.0945245847,0.0624771677,0.5406249166,-0.0093175070,0.1167366505
7.8423857689,0.0342745744,0.0754061565,0.0526178442,0.6743819118,-0.0465769954,0.0816447139
7.8527550697,0.0283070188,0.0455295071,0.0405119620,0.7510734200,-0.0333324969,0.0572098792
7.8624601364,0.0261018556,0.0315237269,0.0247324649,0.7560362220,0.0050487160,0.0784637704
7.8724689484,0.0283942502,0.0105943317,0.0089831902,0.7333465815,0.0336396135,0.0997187197
7.8825721741,0.0255324524,-0.0261720195,-0.0040491866,0.6723625660,0.0490510613,0.1039891019
7.8928718567,0.0236485880,-0.0519162193,-0.0167246517,0.5507697463,0.0415171795,0.0880906284
7.9027280807,0.0190297049,-0.0669700280,-0.0225321110,0.3928581178,0.0356443748,0.0499030277
7.9127311707,0.0176257771,-0.0805248395,-0.0266230758,0.2211748064,0.0189925618,0.0042802840
7.9227991104,0.0204179566,-0.0835717097,-0.0220134314,0.0504565910,0.0141935451,-0.0147911441
7.9331388474,0.0262130480,-0.0750341788,-0.0192454513,-0.0743621439,0.0099685732,-0.0073291012
7.9430027008,0.0252431910,-0.0516821519,-0.0190613326,-0.1446477622,-0.0055560581,-0.0158134010
7.9530076981,0.0224740487,-0.0323048010,-0.0073648142,-0.1317821741,-0.0130723640,-0.0466122590
7.9630990028,0.0219254773,-0.0166051164,-0.0110943960,-0.1070645601,-0.0297924876,-0.0402560905
7.9734182358,0.0203073602,0.0081029767,-0.0117051052,-0.0696763396,-0.0314166173,-0.0137199555
7.9832210541,0.0088510197,0.0235654935,-0.0090441154,0.0029134406,-0.0328563191,-0.0063065141
7.9932780266,-0.0007233940,0.0280217156,-0.0038392593,0.1010668278,-0.0298194513,0.0021625380
8.0034141541,-0.0104091186,0.0273824558,-0.0058013247,0.1968852282,-0.0066925623,0.0032115572
8.0136785507,-0.0123599488,0.0263723955,-0.0101552652,0.2577888668,-0.0135750351,0.0053168526
8.0234813690,-0.0035841488,0.0169164166,0.0003575635,0.2844090164,-0.0068998225,0.0169932153
8.0335359573,-0.0026186430,0.0005403392,-0.0115864919,0.2664611042,-0.0261141974,0.0233583711
8.0436744690,0.0002387442,-0.0091372496,-0.0003029752,0.2504019737,-0.0209351480,0.0254886337
8.0539569855,0.0040975190,-0.0142270094,-0.0038041519,0.2269293368,-0.0211132467,0.0297424346
8.0638065338,0.0040461100,-0.0117314225,-0.0065277265,0.2109160125,-0.0201366656,0.0382413790
8.0738096237,0.0049004233,-0.0065355068,-0.0113201784,0.1884699911,-0.0159768071,0.0552371405
8.0839214325,0.0017688550,-0.0014672049,-0.0191258844,0.1776367724,-0.0001826645,0.0510005839
8.0942134857,0.0024603880,-0.0071259504,-0.0162221845,0.1572156399,0.0133220255,0.0340241976
8.1040067673,0.0041038669,-0.0129716164,-0.0212170538,0.1314761788,0.0258234367,0.0329751782
8.1140756607,0.0115172546,-0.0179778114,-0.0194471534,0.1079272926,0.0330729596,0.0372321084
8.1241550446,0.0169013422,-0.0192437544,-0.0187578853,0.0918441936,0.0403393954,0.0340544246
8.1345672607,0.0212828796,-0.0167031065,-0.0181330498,0.0811357573,0.0433741324,0.0255639348
8.1442756653,0.0217405241,-0.0161763206,-0.0165985879,0.0682891980,0.0475270674,0.0287546683
8.1543550491,0.0280364435,-0.0128068095,-0.0102510499,0.0566680953,0.0357676819,0.0308750086
8.1643610001,0.0315138958,-0.0114515787,-0.0049619125,0.0546392985,0.0251251571,0.0287466105
8.1748161316,0.0311977845,-0.0081361895,-0.0006898689,0.0568654910,0.0155534884,0.0223702043
8.1845960617,0.0309489649,-0.0047632223,0.0026420308,0.0654472560,0.0114117404,0.0266131517
8.1945638657,0.0287358742,-0.0051750904,0.0041009141,0.0804312453,0.0072763171,0.0234230198
8.2047348022,0.0275897663,-0.0025372871,0.0027053310,0.0975218117,0.0052411295,0.0138614718
8.2150306702,0.0274527054,-0.0008024938,-0.0005754876,0.0997162089,-0.0011404702,0.0085483324
8.2248086929,0.0254063588,-0.0009943016,-0.0019142675,0.1007817388,-0.0011519217,0.0053626592
8.2348928452,0.0263273995,-0.0079788929,-0.0042095231,0.0975890607,-0.0022686517,0.0011157827
8.2449684143,0.0262803417,-0.0130516058,-0.0075194286,0.0965224653,-0.0022710485,0.0021778513
8.2553882599,0.0272216182,-0.0123261577,-0.0108613418,0.0976318792,-0.0065198559,0.0000521161
8.2651596069,0.0272034984,-0.0106380349,-0.0161681231,0.0933644325,-0.0065432917,0.0021767858
8.2751979828,0.0232480299,-0.0098921424,-0.0146517204,0.1050826609,-0.0043191528,0.0021753213
8.2854213715,0.0241875630,-0.0090599423,-0.0120911645,0.1104039252,-0.0032600134,-0.0052580936
8.2957000732,0.0232360344,-0.0072183376,-0.0163433012,0.1146886051,-0.0054140445,-0.0158781819
8.3054170609,0.0252907109,-0.0081764227,-0.0156564768,0.1243327111,-0.0096087893,-0.0211917199
8.3154573441,0.0273744296,-0.0090668565,-0.0129944729,0.1296533793,-0.0084925257,-0.0201324485
8.3255672455,0.0265199225,-0.0079829460,-0.0132245468,0.1296283454,-0.0064189886,-0.0275639985
8.3359012604,0.0257096272,-0.0039338833,-0.0115186619,0.1328645349,-0.0095892828,-0.0296886023
8.3457012177,0.0229452085,-0.0037377842,-0.0097616958,0.1414132863,-0.0105618685,-0.0275676604
8.3557729721,0.0211206656,-0.0025033124,-0.0070062922,0.1478313208,-0.0115045607,-0.0180136375
8.3657827377,0.0192828756,-0.0032289394,-0.0061767148,0.1456768215,-0.0093873478,-0.0158884339
8.3761892319,0.0164068025,-0.0020637878,-0.0034411000,0.1370841414,-0.0041631581,-0.0169461071
8.3859386444,0.0174488705,-0.0058224564,-0.0036562132,0.1232242510,-0.0053176386,-0.0126959700
8.3959827423,0.0164942723,-0.0127094751,-0.0049751448,0.0933290645,-0.0034444374,-0.0105621787
8.4060535431,0.0165471118,-0.0179130211,-0.0074542211,0.0591878705,-0.0048521846,-0.0179868061
8.4164047241,0.0156659763,-0.0165653005,-0.0081915902,0.0314944871,-0.0103990827,-0.0179830100
8.4261846542,0.0138384979,-0.0163721815,-0.0129689025,0.0133421132,-0.0095034614,-0.0190397520
8.4362525940,0.0168885868,-0.0123864179,-0.0119595574,0.0058372193,-0.0063703856,-0.0169141516
8.4463129044,0.0198868494,-0.0084085232,-0.0119207548,0.0111201322,-0.0010118396,-0.0158510171
8.4565801620,0.0200058501,-0.0033982762,-0.0176770743,0.0239759833,-0.0062608635,-0.0243508276
8.4664382935,0.0231253784,-0.0001642473,-0.0146109508,0.0325050205,-0.0062901583,-0.0402799957
8.4765167236,0.0223805588,-0.0016562708,-0.0153356837,0.0495149009,0.0001966362,-0.0445276015
8.4866294861,0.0245853048,-0.0107822781,-0.0120582031,0.0591675267,-0.0050868094,-0.0540888831
8.4969892502,0.0298398416,-0.0120373135,-0.0087683843,0.0657156780,-0.0199262742,-0.0604689531
8.5067453384,0.0323273800,-0.0083768135,-0.0074451612,0.0754561871,-0.0336631276,-0.0647254810
8.5168132782,0.0309424978,-0.0036194690,-0.0050944733,0.0968651026,-0.0397937894,-0.0573018566
8.5268793106,0.0256230514,0.0003420941,-0.0026530670,0.1224575490,-0.0374134555,-0.0519981682
8.5372266769,0.0241919439,0.0025260679,0.0009244037,0.1448471099,-0.0351103544,-0.0541255027
8.5469913483,0.0237245839,0.0009331934,-0.0022137808,0.1544411480,-0.0339585394,-0.0530655645
8.5570774078,0.0242117029,-0.0006701715,-0.0063269781,0.1426274478,-0.0266409032,-0.0541207753
8.5671453476,0.0226830821,-0.0062634116,-0.0114566730,0.1255342215,-0.0246403366,-0.0498682372
8.5774974823,0.0230302792,-0.0150621897,-0.0128504680,0.0774765983,-0.0207182318,-0.0349894911
8.5872440338,0.0193694811,-0.0243456140,-0.0174906906,0.0198569782,-0.0211523268,-0.0243570879
8.5973434448,0.0175846498,-0.0224604383,-0.0234292205,-0.0334660858,-0.0235810652,0.0000765506
8.6074199677,0.0117703658,-0.0171113387,-0.0257521328,-0.0719381049,-0.0174398161,0.0170781724
8.6177530289,0.0068280972,-0.0100782281,-0.0262611564,-0.0901516229,-0.0101222470,0.0245185085
8.6275463104,0.0047009266,-0.0060045486,-0.0209312495,-0.0881345570,0.0015674318,0.0245238356
8.6375970840,0.0054081059,-0.0008909471,-0.0145522999,-0.0775805712,0.0133174984,0.0224037599
8.6476802826,0.0080361944,0.0014351241,-0.0119273709,-0.0584399067,0.0198028293,0.0149695463
8.6580333710,0.0145941358,0.0001474254,-0.0091267871,-0.0264616497,0.0231956281,0.0043457309
8.6677875519,0.0251152795,-0.0008454688,-0.0041644620,0.0034243427,0.0223402213,-0.0041566771
8.6778888702,0.0308395009,-0.0016083487,-0.0058930563,0.0280405805,0.0150928283,-0.0094754091
8.6879186630,0.0317938589,-0.0080293780,-0.0065800594,0.0452078506,0.0056583136,-0.0147934752
8.6983213425,0.0318624042,-0.0104513532,-0.0072276043,0.0527343936,-0.0006896637,-0.0222324170
8.7080526352,0.0300230663,-0.0109196668,-0.0069380449,0.0516992249,-0.0038819951,-0.0222337488
8.7181529999,0.0272805076,-0.0104647046,-0.0047505544,0.0443378985,-0.0145580089,-0.0222364776
8.7281818390,0.0235829633,-0.0101137524,-0.0094512748,0.0315451398,-0.0157031678,-0.0179866068
8.7385969162,0.0208467823,-0.0108764535,-0.0103445100,0.0134215560,-0.0168895405,-0.0126720686
8.7483091354,0.0170440357,-0.0098330146,-0.0103523778,-0.0004569758,-0.0158873927,-0.0031118526
8.7584581375,0.0151395481,-0.0079455739,-0.0133268880,-0.0122693209,-0.0085346708,0.0011414821
8.7684574127,0.0131506007,-0.0032380589,-0.0134441899,-0.0218931846,-0.0064757811,0.0043303510
8.7788782120,0.0130842607,-0.0044305092,-0.0126082944,-0.0325753614,-0.0054936735,0.0064566857
8.7885875702,0.0120103639,-0.0076231128,-0.0127405571,-0.0305369794,0.0040739989,0.0064609470
8.7988309860,0.0118612926,-0.0068809157,-0.0138287591,-0.0274119452,0.0115082795,0.0032784026
8.8088092804,0.0175883751,-0.0070706373,-0.0100197243,-0.0230683312,0.0041254647,0.0043354114
8.8192024231,0.0223962348,-0.0052643185,-0.0129746841,-0.0124219451,0.0063561951,0.0064557535
8.8288784027,0.0261921268,-0.0033617385,-0.0119869160,-0.0006845966,0.0064448784,0.0043292195
8.8390178680,0.0251339655,-0.0032901533,-0.0099694179,0.0100215785,0.0033184602,-0.0009820558
8.8489923477,0.0260558110,-0.0060752993,-0.0088923024,0.0174898803,0.0033629350,-0.0041693267
8.8593816757,0.0240912121,-0.0088145500,-0.0097461389,0.0185955446,-0.0008774167,-0.0052347914
8.8691415787,0.0260653179,-0.0086592799,-0.0076941298,0.0165363885,-0.0083161583,-0.0041761845
8.8792257309,0.0261313301,-0.0075461632,-0.0066458033,0.0112342220,-0.0115534300,-0.0052375211
8.8892631531,0.0222973209,-0.0074646836,-0.0076053785,0.0058666207,-0.0084170252,-0.0052345917
8.8996839523,0.0194059294,-0.0045051342,-0.0085787820,0.0005655726,-0.0116048958,0.0011357564
8.9093914032,0.0174506586,-0.0045134788,-0.0095548080,-0.0026794896,-0.0074026939,-0.0009849188
8.9195337296,0.0165143292,-0.0045127040,-0.0105388211,0.0005242666,-0.0073613478,0.0011383529
8.9295415878,0.0174801033,-0.0054992801,-0.0105422186,-0.0005401988,-0.0073360484,0.0064476309
8.9398851395,0.0174271148,-0.0074879890,-0.0124977278,-0.0058588795,-0.0083889961,0.0149435801
8.9496974945,0.0163709801,-0.0046611195,-0.0105939554,-0.0112616327,-0.0021111257,0.0085772937
8.9597339630,0.0113877635,-0.0067367321,-0.0126183676,-0.0176906623,-0.0000646198,0.0053933519
8.9698009491,0.0132526737,-0.0156461969,-0.0126727270,-0.0262724329,0.0040771281,0.0011504038
8.9802322388,0.0180782955,-0.0158675686,-0.0108318375,-0.0315640010,-0.0002068991,0.0022117400
8.9899415970,0.0219553690,-0.0083203679,-0.0100056576,-0.0272635259,-0.0033526251,0.0022090767
9.0000476837,0.0219440144,-0.0036654242,-0.0101620601,-0.0272443257,-0.0054596514,0.0043304842
9.0100755692,0.0160629731,-0.0028722056,-0.0083623575,-0.0208426192,-0.0054175737,0.0022052820
9.0204429626,0.0150633734,-0.0029892095,-0.0084347175,-0.0123571781,-0.0000385873,0.0022064135
9.0302009583,0.0159897786,-0.0020983585,-0.0065240311,-0.0112564927,-0.0031915035,0.0053899563
9.0403404236,0.0179238599,-0.0040957695,-0.0084859775,-0.0026662005,-0.0084219519,0.0053851628
9.0503063202,0.0178866368,-0.0050546294,-0.0084620761,0.0004281262,0.0022091207,0.0043278877
9.0607671738,0.0188222211,-0.0040442115,-0.0113403248,0.0025815051,0.0000923069,0.0022022857
9.0704698563,0.0177917164,-0.0049895411,-0.0122888135,0.0015255613,-0.0009710933,0.0032638218
9.0806064606,0.0187138300,-0.0117769605,-0.0112521695,0.0025710389,0.0011532437,0.0022028850
9.0905799866,0.0196481626,-0.0098193651,-0.0102743553,-0.0006196946,0.0000642771,0.0022031511
9.1009521484,0.0196227115,-0.0069423085,-0.0093151974,-0.0059438339,-0.0010222925,0.0053890906
9.1107902527,0.0166264158,-0.0070059067,-0.0103340195,-0.0059544863,0.0000387109,0.0053896233
9.1208076477,0.0185167473,-0.0051046377,-0.0074196504,-0.0059395451,-0.0010238239,0.0053906222
9.1308736801,0.0174791794,-0.0071410304,-0.0074570822,-0.0134312827,0.0010260112,0.0043317494
9.1412591934,0.0193641763,-0.0082173115,-0.0084646987,-0.0145450979,0.0052550444,0.0032710789
9.1510086060,0.0222330373,-0.0083614355,-0.0085388469,-0.0187480971,-0.0011274875,0.0064543551
9.1611242294,0.0212205928,-0.0085157519,-0.0105706500,-0.0219207741,-0.0043657580,0.0022059476
9.1711139679,0.0192374270,-0.0067249304,-0.0106767463,-0.0145147918,0.0020655096,0.0022072792
9.1815357208,0.0162363332,-0.0019778379,-0.0136708664,-0.0145335663,0.0041581551,-0.0020372001
9.1912746429,0.0191050153,-0.0049570566,-0.0097999023,-0.0080956407,0.0010726165,0.0043304176
9.2013425827,0.0200213771,-0.0059644347,-0.0107631134,-0.0006057397,-0.0009836766,0.0043270220
9.2114448547,0.0209275763,-0.0020454295,-0.0087837623,0.0068764114,-0.0019586601,0.0075100325
9.2217674255,0.0198711138,0.0009745591,-0.0067637013,0.0153945582,0.0002370500,0.0075098323
9.2316255569,0.0178541820,-0.0037764676,-0.0066638635,0.0132704210,-0.0008495199,0.0064480305
9.2416210175,0.0178069156,-0.0065849787,-0.0094861435,0.0111306775,-0.0008946604,0.0022001553
9.2517490387,0.0197310727,-0.0084665781,-0.0084362673,0.0026032357,-0.0020440810,0.0000781486
9.2620153427,0.0187055152,-0.0094328290,-0.0074524330,-0.0038222522,0.0000011604,-0.0031045289
9.2718524933,0.0157593768,-0.0133666163,-0.0113673853,-0.0102479272,0.0020464680,-0.0062872726
9.2818708420,0.0167258065,-0.0134553676,-0.0085102962,-0.0198164508,-0.0012075154,-0.0041619372
9.2920188904,0.0196617227,-0.0107050305,-0.0066711949,-0.0240418240,-0.0054818885,-0.0031011996
9.3022909164,0.0167536717,-0.0060396558,-0.0078079747,-0.0272118635,-0.0086784139,-0.0009789934
9.3121519089,0.0177531224,-0.0033253201,-0.0089286612,-0.0240520202,-0.0043925894,0.0011459430
9.3221511841,0.0157996099,-0.0034845837,-0.0080760764,-0.0165832676,-0.0043198187,0.0022052820
9.3322858810,0.0157779139,-0.0055556661,-0.0091264891,-0.0133914696,-0.0032170035,0.0043286202
9.3425426483,0.0187065881,-0.0066326028,-0.0111126350,-0.0144456290,-0.0043094987,0.0011443450
9.3554506302,0.0167373102,-0.0067189699,-0.0131350206,-0.0134317633,0.0010048392,0.0011467419
9.3631019592,0.0167064350,-0.0068049794,-0.0112310098,-0.0134268366,-0.0000683484,-0.0009790598
9.3724517822,0.0176573377,-0.0068876510,-0.0103029059,-0.0112718064,-0.0021786373,-0.0020424600
9.3832664490,0.0186166745,-0.0098795658,-0.0103352712,-0.0113144163,0.0020653764,-0.0020403296
9.3931035995,0.0205463152,-0.0080151921,-0.0074637579,-0.0123282820,-0.0032489616,-0.0020427264
9.4033470154,0.0185940247,-0.0042135483,-0.0065792250,-0.0123260980,-0.0032355126,0.0000812777
9.4127578735,0.0185930710,-0.0032991536,-0.0056449817,-0.0048343604,-0.0052853478,0.0011401506
9.4229927063,0.0176159125,-0.0052521592,-0.0056551741,-0.0037998287,-0.0021212457,-0.0031051943
9.4327449799,0.0176078361,-0.0052824384,-0.0066394852,-0.0037987633,-0.0021073974,-0.0009815899
9.4428176880,0.0205650013,-0.0043141609,-0.0076103257,-0.0037887497,-0.0031966304,-0.0052287988
9.4529275894,0.0176715534,-0.0072424775,-0.0124884890,-0.0027221544,-0.0031942336,-0.0062908679
9.4631328583,0.0186797064,-0.0111627346,-0.0105654048,-0.0123518240,-0.0011759568,-0.0094737448
9.4730539322,0.0196882766,-0.0092741018,-0.0115963863,-0.0144312195,-0.0064788433,-0.0062904684
9.4830703735,0.0207130592,-0.0044941669,-0.0087574171,-0.0122936089,-0.0064613991,-0.0062898025
9.4931755066,0.0178265851,-0.0055345660,-0.0088197635,-0.0101609491,-0.0064635300,-0.0094757425
9.5034122467,0.0169098359,-0.0055663949,-0.0069227265,-0.0080501800,-0.0043363301,-0.0115992138
9.5133094788,0.0169602912,-0.0065454608,-0.0069509791,-0.0058935536,-0.0064258464,-0.0094772074
9.5233335495,0.0169968288,-0.0036619671,-0.0079603838,-0.0069806008,-0.0042851977,-0.0052289320
9.5334644318,0.0189841669,-0.0036827691,-0.0070089744,-0.0037461920,-0.0074263960,-0.0031077242
9.5437374115,0.0180383306,-0.0046666628,-0.0070237564,-0.0016461834,-0.0042096968,-0.0009842531
9.5536003113,0.0170801263,-0.0036755570,-0.0079962062,0.0005093794,-0.0063130613,-0.0009858510
9.5636024475,0.0161261838,-0.0027014383,-0.0079945968,-0.0005426491,-0.0073778592,0.0000770832
9.5737342834,0.0170999449,-0.0056270128,-0.0089779543,-0.0080881827,-0.0000299322,-0.0020409287
9.5839939117,0.0151132029,-0.0086016422,-0.0070554661,-0.0123711601,0.0010164905,0.0011441453
9.5940227509,0.0160732847,-0.0077236658,-0.0090710567,-0.0155533701,-0.0011611762,-0.0031033303
9.6040344238,0.0160608571,-0.0069203740,-0.0130512165,-0.0209393203,0.0041032941,-0.0020366677
9.6141338348,0.0159964245,-0.0031695135,-0.0102279233,-0.0198631361,0.0030308389,-0.0052228738
9.6243391037,0.0149943512,-0.0081643229,-0.0093411850,-0.0219760910,0.0008901901,-0.0052234065
9.6342363358,0.0179258268,-0.0102470284,-0.0074729370,-0.0198088102,-0.0022603294,-0.0031019324
9.6443033218,0.0218653958,-0.0045423871,-0.0065923976,-0.0133398566,-0.0085783461,-0.0041675293
9.6543807983,0.0189876538,-0.0007161863,-0.0076453136,-0.0069248341,-0.0095626507,-0.0009842530
9.6647901535,0.0151359122,-0.0026687153,-0.0076775001,0.0026548747,-0.0073627466,-0.0020483190
9.6745071411,0.0141735058,-0.0055543547,-0.0076671289,0.0026218519,-0.0041935844,-0.0041703256
9.6845741272,0.0181364696,-0.0074325567,-0.0085853385,0.0037320172,-0.0084426580,-0.0062957946
9.6946477890,0.0201667231,-0.0054682856,-0.0115061449,0.0026989765,-0.0116072930,-0.0020499169
9.7050580978,0.0182591062,-0.0054068929,-0.0105171846,0.0047548031,-0.0041744765,-0.0041713244
9.7147846222,0.0143737178,-0.0043727523,-0.0124421166,0.0078912079,0.0022056585,-0.0062925322
9.7248392105,0.0153300148,-0.0091562634,-0.0104200291,0.0046926187,0.0021766967,-0.0062907347
9.7349290848,0.0211965423,-0.0091229444,-0.0084309625,0.0005210433,-0.0073957695,-0.0041708583
9.7452745438,0.0202660244,-0.0081846481,-0.0104096578,-0.0069469381,-0.0074261297,0.0011397512
9.7550430298,0.0154139679,-0.0062578684,-0.0085199522,-0.0037594009,-0.0063787084,-0.0052313292
9.7651729584,0.0144579392,-0.0062851673,-0.0075887488,-0.0058911284,-0.0063769110,-0.0020450568
9.7752542496,0.0144580286,-0.0043746000,-0.0085898088,-0.0048756646,-0.0010418002,0.0011427471
9.7855958939,0.0154348295,-0.0034374364,-0.0086063789,-0.0037324503,-0.0084671592,0.0000776824
9.7953834534,0.0154517870,-0.0034426816,-0.0076388763,-0.0005731424,-0.0041882582,0.0011408164
9.8054141998,0.0154440980,-0.0054030782,-0.0076519297,-0.0059176264,-0.0031602783,0.0032665515
9.8155174255,0.0163988452,-0.0064142710,-0.0076535391,-0.0059085721,-0.0042420542,0.0000806119
9.8258218765,0.0163945835,-0.0064366227,-0.0067014741,-0.0069585228,-0.0063647926,0.0011399508
9.8355979919,0.0154385250,-0.0045503741,-0.0086966800,-0.0069585228,-0.0063647926,0.0011399508
9.8456630707,0.0134885591,-0.0084892875,-0.0087355422,-0.0069594020,-0.0063787084,-0.0009835872
9.8557834625,0.0135108512,-0.0075526005,-0.0087748216,-0.0027132584,-0.0042332653,-0.0031071920
9.8661460876,0.0174623411,-0.0056035286,-0.0087720202,-0.0005360441,-0.0084516462,-0.0020481192
9.8759269714,0.0184665602,-0.0046378737,-0.0087882923,-0.0037800418,-0.0042355964,-0.0020451897
9.8859777451,0.0155641120,-0.0027239688,-0.0107665705,-0.0080914591,-0.0000501056,-0.0052269348
9.8959999084,0.0165644269,-0.0066547161,-0.0108015584,-0.0112720728,-0.0022069996,-0.0062890034
9.9063272476,0.0195209663,-0.0076827174,-0.0069345282,-0.0133607630,-0.0064635966,-0.0052279336
9.9161529541,0.0205663722,-0.0058105355,-0.0070169615,-0.0101178326,-0.0106934952,-0.0073544672
9.9262018204,0.0187256914,-0.0048980480,-0.0070970105,-0.0133348778,-0.0096657816,-0.0084165363
9.9362792969,0.0158924442,-0.0040014749,-0.0081642317,-0.0101430789,-0.0085629672,-0.0062931981
9.9466485977,0.0169460159,-0.0040392643,-0.0072488235,-0.0090652965,-0.0096146483,-0.0062939972
9.9564266205,0.0179931801,-0.0050683385,-0.0063310312,-0.0090759508,-0.0085536446,-0.0062934645
9.9664516449,0.0190588217,-0.0041459566,-0.0073581384,-0.0101002827,-0.0128070470,-0.0062952619
9.9765434265,0.0181921404,-0.0061096912,-0.0074006962,-0.0036980435,-0.0127580445,-0.0073586623
9.9868402481,0.0173021238,-0.0090164309,-0.0083996700,-0.0026626848,-0.0095657799,-0.0073572639
9.9968090057,0.0173775237,-0.0061058765,-0.0094029950,-0.0026717409,-0.0084840041,-0.0041713244
10.0069189072,0.0164720099,-0.0051630503,-0.0113916444,-0.0047942521,-0.0095569249,-0.0031093224
10.0168066025,0.0175297838,-0.0080897575,-0.0094835209,-0.0079972362,-0.0096056610,-0.0062939306
10.0273551941,0.0185799878,-0.0081528192,-0.0085740732,-0.0133636920,-0.0064767795,-0.0073522041
10.0370025635,0.0166794043,-0.0053114062,-0.0105838822,-0.0070045954,-0.0021906879,-0.0094752759
10.0470418930,0.0167405885,-0.0072567826,-0.0086556124,-0.0069950083,-0.0032655399,-0.0115994131
10.0571384430,0.0187755805,-0.0101705557,-0.0057671713,-0.0058511803,-0.0106555447,-0.0073561985
10.0674772263,0.0198872965,-0.0063013798,-0.0077633308,-0.0025954405,-0.0159258731,-0.0062976587
10.0772418976,0.0190524440,-0.0004415877,-0.0078132795,0.0017044991,-0.0190785248,-0.0073621240
10.0873374939,0.0142964702,-0.0003958710,-0.0088087367,0.0038280506,-0.0179846305,-0.0052389191
10.0972995758,0.0144360941,-0.0042002564,-0.0068513202,0.0048722764,-0.0158740766,-0.0084235277
10.1077079773,0.0155757945,-0.0041336780,-0.0068579363,0.0027480861,-0.0169463977,-0.0073621240
10.1174745560,0.0157210510,-0.0050686961,-0.0088139223,-0.0025982102,-0.0159319993,-0.0073602605
10.1275978088,0.0138931256,-0.0040775305,-0.0069063352,-0.0005382290,-0.0085148960,-0.0116034076
10.1376485825,0.0150076430,-0.0060033565,-0.0098464536,-0.0058243377,-0.0139149874,-0.0190373566
10.1481046677,0.0171355288,-0.0109062558,-0.0060314583,-0.0153962960,-0.0171464011,-0.0137284100
10.1577882767,0.0173039120,-0.0129757887,-0.0090805339,-0.0207298100,-0.0171653088,-0.0094798692
10.1678380966,0.0164903086,-0.0063323742,-0.0092603015,-0.0228550136,-0.0182657279,-0.0126652773
10.1779031754,0.0147356968,-0.0035132535,-0.0064864205,-0.0153856436,-0.0182074029,-0.0137289427
10.1882143021,0.0109863859,-0.0016556152,-0.0085610198,-0.0122088669,-0.0149705987,-0.0094790710
10.1980533600,0.0120934229,-0.0046219593,-0.0086391615,-0.0090271877,-0.0127998553,-0.0062933979
10.2080669403,0.0131902080,-0.0046610003,-0.0096558975,-0.0026434306,-0.0116870543,-0.0073590619
10.2181835175,0.0152547937,-0.0026910671,-0.0077273296,0.0005909782,-0.0148282535,-0.0052378541
10.2284774780,0.0143554490,-0.0007068880,-0.0067696022,0.0047896914,-0.0073443037,-0.0020486519
10.2383022308,0.0124304574,-0.0045608645,-0.0096570300,0.0026447810,-0.0063019423,-0.0020475867
10.2483091354,0.0143995266,-0.0054971343,-0.0086683678,-0.0005793478,-0.0042216145,-0.0041694604
10.2584724426,0.0134438258,-0.0074788695,-0.0096714543,-0.0102149313,-0.0011155696,-0.0031036632
10.2687644958,0.0144373756,-0.0095182424,-0.0077940272,-0.0198078770,-0.0022606624,-0.0031015994
10.2785978317,0.0154625457,-0.0116194850,-0.0098605799,-0.0240337793,-0.0065419599,-0.0031026644
10.2885894775,0.0155177396,-0.0059848195,-0.0070983814,-0.0272667222,-0.0033941704,-0.0041617369
10.2987422943,0.0155276936,-0.0052211052,-0.0062772678,-0.0283322558,-0.0033827189,-0.0009760639
