0.0000000000,-0.0222374611,-0.0378065221,-0.0072182063,-0.2626940012,0.5400240421,-0.4543163180
0.0098210573,-0.0261022858,-0.0444846861,0.0119220968,-0.3108407259,0.5514538288,-0.4490448534
0.0197860003,-0.0270911865,-0.0522063486,0.0297806617,-0.3643367290,0.5639200807,-0.4427139759
0.0297900438,-0.0203575306,-0.0464065783,0.0267694946,-0.4048810899,0.5572853088,-0.4330859780
0.0397989750,-0.0206125192,-0.0260594618,0.0225029346,-0.4006159008,0.5583783388,-0.4330917001
0.0497790575,-0.0218684487,-0.0096224081,0.0222761389,-0.3814618886,0.5607730150,-0.4203719199
0.0600680113,-0.0230476074,-0.0068404204,0.0165666696,-0.3420352638,0.5717111230,-0.4268445969
0.0697129965,-0.0203006081,-0.0048726923,0.0123398062,-0.2898263931,0.5859547853,-0.4333477616
0.0799130201,-0.0204751901,-0.0058015115,0.0076583382,-0.2290036678,0.5864736438,-0.4280831218
0.0900909901,-0.0226178579,-0.0124257337,0.0152176376,-0.1766839921,0.5868328810,-0.4334339499
0.1004740000,-0.0267656855,-0.0093031060,0.0123489257,-0.1426284313,0.5967723131,-0.4271489978
0.1110060215,-0.0289227776,-0.0111172926,-0.0068288092,-0.1288154125,0.6033191681,-0.4240139425
0.1202189922,-0.0253700428,-0.0264006983,0.0083611961,-0.1416908652,0.6086220741,-0.4176669419
0.1302000284,-0.0209217481,-0.0369233005,0.0126848575,-0.1642512977,0.6203314662,-0.4028536677
0.1400769949,-0.0194955282,-0.0446586125,0.0072163697,-0.1557707191,0.6268258095,-0.4007758498
0.1498459578,-0.0280356817,-0.0395782702,0.0262238737,-0.1452293992,0.6492158175,-0.4168642759
0.1597369909,-0.0289161019,-0.0262926351,0.0213306304,-0.1324354410,0.6472634077,-0.4062343836
0.1696989536,-0.0168786459,-0.0181277525,-0.0124935750,-0.1003797725,0.6401024461,-0.3977112174
0.1797419786,-0.0151800318,-0.0253473055,-0.0297345761,-0.0832022503,0.6305630207,-0.4040363729
0.1896599531,-0.0179061107,-0.0201206338,-0.0224659089,-0.0597264878,0.6307627559,-0.4019292891
0.1997500658,-0.0129771633,-0.0127918851,-0.0249375347,-0.0308391787,0.6213985682,-0.3976367712
0.2097270489,-0.0139748259,-0.0163701903,-0.0295532588,-0.0276031718,0.6140146852,-0.3890920281
0.2196359634,-0.0218770318,-0.0238127839,-0.0371496938,-0.0435926579,0.6106966138,-0.3879984021
0.2298439741,-0.0247420482,-0.0304805767,-0.0336938761,-0.0809357688,0.6093208194,-0.3900881708
0.2397080660,-0.0021663711,-0.0378388278,-0.0434704684,-0.1367903799,0.8625398278,-0.6009813547
0.2496720552,0.0001283482,-0.0265672933,-0.0479835533,-0.1884027123,1.1461890936,-0.8821936250
0.2599960566,-0.0722186938,-0.0301875006,-0.0649166927,-0.2372713089,0.8830592036,-0.6106069684
0.2697089911,-0.0664463416,-0.0495730154,-0.0436983369,-0.2696162164,0.5706086159,-0.3716450036
0.2797429562,0.0011138514,-0.0395130627,-0.0213320497,-0.2792246342,0.5705401301,-0.3705738783
0.2897160053,-0.0187099390,-0.0163774621,-0.0347102545,-0.2694721222,0.5524551272,-0.3694010377
0.2997189760,-0.0124828620,-0.0128079187,-0.0316483639,-0.2608630359,0.5460638404,-0.3746776581
0.3098280430,-0.0175629072,-0.0158909094,-0.0261072759,-0.2630801201,0.5535827875,-0.3683505356
0.3198859692,-0.0136894388,-0.0106138717,-0.0247664694,-0.2545461655,0.5515697002,-0.3619710505
0.3298720121,-0.0113434000,0.0040051215,-0.0302004460,-0.2341687381,0.5378783345,-0.3565845490
0.3398009539,-0.0095544262,0.0040544146,-0.0312825106,-0.2213679701,0.5411362052,-0.3619255126
0.3499360085,-0.0074969931,-0.0006120333,-0.0194835905,-0.1978818178,0.5413087606,-0.3630054295
0.3602640629,-0.0010943814,0.0101730097,-0.0152327660,-0.1775243580,0.5308066010,-0.3597649038
0.3698619604,-0.0035037801,0.0102366079,-0.0037241820,-0.1690094322,0.5309360027,-0.3523349464
0.3799359798,-0.0118537350,0.0031098595,-0.0098880772,-0.1733459979,0.5404909253,-0.3555793464
0.3896560669,-0.0140792532,-0.0144965183,-0.0064878706,-0.1958417147,0.5468023419,-0.3471054435
0.3996560574,-0.0097828312,-0.0235779416,-0.0120341424,-0.2129597068,0.5488647223,-0.3407338262
0.4096599817,-0.0078486605,-0.0262041222,-0.0291650537,-0.1948379576,0.5469762683,-0.3279855549
0.4197709560,-0.0050389571,-0.0199392568,-0.0392330550,-0.1605669409,0.5333467126,-0.3279209435
0.4297890663,-0.0087004108,-0.0291209947,-0.0417989753,-0.1508272290,0.5205238461,-0.3363437355
0.4397729635,-0.0088820858,-0.0297320019,-0.0337372683,-0.1283494979,0.5121695399,-0.3331155777
0.4498020411,-0.0021894977,-0.0136566889,-0.0308994893,-0.0940450430,0.4932238162,-0.3298294842
0.4597849846,-0.0038999126,-0.0099703204,-0.0257734302,-0.0747379214,0.4795300961,-0.3244451284
0.4697550535,-0.0059855981,-0.0196353924,-0.0361991785,-0.0564936735,0.4668638408,-0.3222509623
0.4797400236,-0.0032688186,-0.0193810593,-0.0452727936,-0.0275248736,0.4489210546,-0.3210892677
0.4897329807,0.0002576903,-0.0199229252,-0.0457837246,0.0067587970,0.4300296605,-0.3114291728
0.4999849796,0.0035020306,-0.0274465811,-0.0496673249,0.0495171808,0.4186933935,-0.3007611036
0.5100500584,0.0040223198,-0.0288127195,-0.0523731373,0.0999835506,0.3827446997,-0.3005632460
0.5197540522,0.0034686520,-0.0164872538,-0.0524225496,0.1460613012,0.3585765064,-0.2940659225
0.5297909975,-0.0003556415,-0.0133615267,-0.0534745120,0.2017541230,0.3344613314,-0.2896988690
0.5397670269,0.0007379845,-0.0190175306,-0.0516943596,0.2211547047,0.3079753816,-0.2799801826
0.5497059822,0.0020135238,-0.0312522762,-0.0477460288,0.2171160281,0.2749204934,-0.2670143247
0.5597400665,-0.0086572571,-0.0426148884,-0.0272259358,0.1999481022,0.2812979519,-0.2553562224
0.5697360039,-0.0106951995,-0.0395334475,-0.0311864261,0.2052896023,0.2729614675,-0.2351204306
0.5797170401,0.0048195915,-0.0441499464,-0.0387703441,0.2107990086,0.2453620732,-0.2179477066
0.5897220373,-0.0012311741,-0.0469659679,-0.0377414487,0.2289684266,0.2360287607,-0.2009016126
0.5997160673,-0.0105569763,-0.0392684452,-0.0367533825,0.2598808110,0.2342862487,-0.1828520447
0.6097049713,-0.0112423105,-0.0344436280,-0.0306385402,0.2864929736,0.2346827984,-0.1605629921
0.6196860075,-0.0148422522,-0.0374185555,-0.0234102849,0.3045653105,0.2392000407,-0.1478529125
0.6297420263,-0.0234544687,-0.0246096384,-0.0025189165,0.3193583786,0.2522580624,-0.1341368258
0.6397260427,-0.0268013887,-0.0048611290,-0.0064133052,0.3342278600,0.2557028532,-0.1203611046
0.6496510506,-0.0173069648,-0.0154419672,-0.0256003384,0.3289143443,0.2482801080,-0.1086229533
0.6596640348,-0.0129427118,-0.0378481857,-0.0299370531,0.3246607184,0.2450680584,-0.1054119766
0.6696929932,-0.0137438579,-0.0200782549,-0.0198881868,0.3513671756,0.2389435917,-0.0958293900
0.6796779633,-0.0144338412,-0.0062200553,-0.0262999777,0.4015561938,0.2340457737,-0.0894600451
0.6896480322,-0.0160957389,-0.0118312370,-0.0169651750,0.4282466471,0.2311003059,-0.0830852389
0.6996710300,-0.0138540668,-0.0114861857,-0.0105037335,0.4741362333,0.2293868363,-0.0746053308
0.7096400261,-0.0135558052,0.0014441481,-0.0218553785,0.5520846248,0.2236405313,-0.0671857670
0.7196589708,-0.0202209763,0.0075034969,-0.0328235887,0.5990941525,0.2207512707,-0.0725112930
0.7296650410,-0.0219192915,-0.0066843159,-0.0441393517,0.5767754912,0.2088219076,-0.0724183470
0.7398749590,-0.0165728144,-0.0421587341,-0.0380256437,0.4807785451,0.2005794197,-0.0744225085
0.7496479750,-0.0126870079,-0.0439491980,-0.0154804233,0.3921645284,0.1957641542,-0.0573311374
0.7595729828,-0.0119604273,-0.0404535644,-0.0061585549,0.3302999735,0.1857575923,-0.0465992615
0.7698780298,-0.0119431419,-0.0449189655,-0.0109235290,0.3100666106,0.1823402196,-0.0529373214
0.7797089815,-0.0100808544,-0.0239951741,-0.0217942838,0.3358036578,0.1696768999,-0.0571224801
0.7896020412,-0.0034194395,-0.0077729351,-0.0321478508,0.4137797058,0.1638581604,-0.0582015924
0.7994170189,0.0011738137,0.0030099622,-0.0222187880,0.5226352811,0.1637034267,-0.0497772135
0.8093919754,0.0018595651,0.0290742386,-0.0162084941,0.6700372696,0.1562114209,-0.0593930893
0.8194130659,-0.0068763299,0.0598764904,-0.0093667153,0.7885841727,0.1548635960,-0.0743406117
0.8320939541,-0.0071934862,0.0421064384,-0.0207147840,0.8260481954,0.1465116590,-0.0849362612
0.8396940231,0.0043398933,0.0020125976,-0.0223416928,0.8015693426,0.1398617476,-0.0901868269
0.8496530056,0.0059072571,-0.0215800535,-0.0068537835,0.7353597283,0.1394313723,-0.0805762783
0.8594970703,0.0071456628,-0.0301308166,-0.0036441928,0.6692994833,0.1197857782,-0.0687182844
0.8695850372,0.0013957814,-0.0451407544,-0.0087702516,0.5764382482,0.1159247234,-0.0611916557
0.8796100616,-0.0004716321,-0.0626727492,-0.0245005731,0.4783484340,0.1012834609,-0.0589002743
0.8895859718,0.0040935474,-0.0570912473,-0.0155713800,0.4325431287,0.0933658853,-0.0683784634
0.8995870352,0.0015350775,-0.0196166169,-0.0053096656,0.4315115511,0.0869876146,-0.0640898421
0.9099680185,-0.0074942512,-0.0004318484,-0.0093037132,0.4689609110,0.0828567818,-0.0810874701
0.9195870161,-0.0094780130,0.0136426557,0.0029326433,0.5117001534,0.0851662755,-0.0991908386
0.9295760393,-0.0044574542,0.0370135792,0.0154078361,0.5746764541,0.0856533647,-0.0992379710
0.9395790100,-0.0059628887,0.0362510569,0.0118687507,0.6663731933,0.0960327759,-0.0940601230
0.9495030642,-0.0044045253,0.0253428686,0.0071829315,0.7570450306,0.1073402911,-0.1037582904
0.9597289562,-0.0028698847,0.0267143119,0.0011698360,0.8082957268,0.1108330265,-0.1165648997
0.9695889950,-0.0050421758,0.0065528029,-0.0185110811,0.7944092155,0.1107528657,-0.1133675128
0.9795969725,-0.0045075221,-0.0305354130,-0.0092466120,0.7377786636,0.1177905276,-0.1133707091
0.9892849922,-0.0015857621,-0.0248839390,0.0218695756,0.6789987087,0.1217109710,-0.1016687751
0.9995020628,-0.0036029026,-0.0061600930,0.0144051071,0.6628502011,0.1344951987,-0.0921797976
1.0095369816,-0.0124842329,-0.0043705232,0.0106733795,0.6381803155,0.1513506174,-0.0986462235
1.0195289850,-0.0165846758,0.0062573426,0.0049997922,0.6434326768,0.1641620249,-0.1051071808
1.0293129683,-0.0127864880,0.0005307070,-0.0041809920,0.6656972766,0.1793700010,-0.0967222229
1.0398470163,-0.0101784868,0.0009230843,-0.0013131743,0.7115151286,0.1914373338,-0.1021452099
1.0494979620,-0.0114841862,0.0086576808,-0.0008399730,0.7637716532,0.1982361078,-0.1043505743
1.0594999790,-0.0116725368,0.0198428500,-0.0020107871,0.8128783703,0.2006902099,-0.1118376553
1.0694450140,-0.0097756786,0.0233365763,-0.0156977419,0.8768224716,0.2087662518,-0.1002483740
1.0795149803,-0.0108522577,0.0191421378,-0.0243832115,0.8502988219,0.2008196414,-0.1299225092
1.0895390511,-0.0116681261,-0.0192278158,-0.0156793240,0.7637367845,0.2077406645,-0.1171582565
1.0994570255,-0.0108507080,-0.0454779379,-0.0026639944,0.6505055428,0.2123215646,-0.1043620333
1.1094390154,-0.0023522780,-0.0488253944,-0.0040306095,0.5481466651,0.1955524385,-0.0978074595
1.1194610596,-0.0045146151,-0.0469448678,-0.0198179130,0.4703547060,0.1799758822,-0.0987131968
1.1294250488,-0.0106453700,-0.0395620577,-0.0254380349,0.4084985256,0.1730846912,-0.0986253098
1.1394510269,-0.0101867123,-0.0234621298,-0.0087961797,0.4073790610,0.1794853210,-0.0997311845
1.1496230364,-0.0156684332,0.0006512871,0.0022487994,0.4745679498,0.1927033961,-0.1147373021
1.1599559784,-0.0222213082,0.0234199036,0.0246765967,0.5704624057,0.2179480195,-0.1234638244
1.1696790457,-0.0235262327,0.0274343360,0.0283801910,0.6654073000,0.2292795032,-0.1342275143
1.1796630621,-0.0236410312,0.0271969307,0.0150539037,0.7421904802,0.2436475307,-0.1492512077
1.1920529604,-0.0226670317,0.0098119844,0.0021576041,0.7752512097,0.2502524257,-0.1567538679
1.1995329857,-0.0180557184,-0.0035414824,0.0059685465,0.7484951019,0.2544165552,-0.1450739056
1.2095520496,-0.0125295920,-0.0190406572,0.0028462762,0.7345348001,0.2628952563,-0.1408695728
1.2193009853,-0.0091189547,-0.0230611693,-0.0015385394,0.7227613926,0.2639347017,-0.1334304363
1.2294429541,-0.0018825933,-0.0235028993,-0.0062763933,0.6822696328,0.2498452365,-0.1194996983
1.2392469645,-0.0002544328,-0.0342750065,-0.0291736964,0.6311457157,0.2376535535,-0.1246997863
1.2493180037,-0.0006342336,-0.0472979061,-0.0310480837,0.5564688444,0.2296488881,-0.1182213798
1.2594270706,0.0017813639,-0.0528923385,-0.0274738912,0.4657992125,0.2204284817,-0.1138462126
1.2695740461,0.0050752955,-0.0440871231,-0.0155195240,0.3975370526,0.2124461979,-0.1105596051
1.2794760466,0.0024360016,-0.0306950044,0.0009934063,0.3579638302,0.2175770402,-0.0999423787
1.2894560099,-0.0012468501,-0.0173304211,0.0204122420,0.3472650945,0.2217422277,-0.1031490937
1.2995640039,-0.0028862164,-0.0019536444,0.0194635745,0.3760833144,0.2219680697,-0.1031721234
1.3095550537,-0.0045264168,0.0107136834,0.0080231186,0.4283361137,0.2308680862,-0.1096406803
1.3194379807,-0.0022300885,0.0122691859,-0.0076194648,0.5158419013,0.2357824296,-0.1139825657
1.3293889761,0.0058555799,0.0156603027,-0.0041798595,0.6258485317,0.2291426361,-0.1150787249
1.3393950462,0.0081560211,0.0128396619,-0.0031982905,0.7389793396,0.2300523520,-0.1109132767
1.3494510651,0.0016941623,0.0143509973,-0.0136854295,0.8307992816,0.2327911556,-0.1237438545
1.3593850136,0.0011660651,0.0152915884,-0.0249501113,0.9002378583,0.2269029021,-0.1248148382
1.3695579767,0.0016372994,0.0047378414,-0.0195957068,0.9002330899,0.2237782180,-0.1152330488
1.3793630600,0.0001810387,-0.0120149981,-0.0174618009,0.8309469223,0.2146283984,-0.1225620657
1.3894020319,-0.0032281682,-0.0508651249,-0.0097771529,0.7165468931,0.2288792431,-0.1023891568
1.3993819952,-0.0041373177,-0.0651624948,0.0041575786,0.5777500868,0.2289428860,-0.0948582739
1.4094380140,-0.0031685040,-0.0549416058,-0.0099242572,0.4966336787,0.2251635939,-0.0884027705
1.4193910360,-0.0032824085,-0.0382798128,-0.0233264808,0.4592735469,0.2227877975,-0.0819850862
1.4293600321,0.0013734893,-0.0165976416,-0.0240140799,0.4966518283,0.2198886573,-0.0798676088
1.4393620491,0.0049087005,0.0046686106,-0.0126106385,0.5969341993,0.2260301858,-0.0778545216
1.4493429661,0.0045770006,0.0267075170,-0.0075324420,0.7356063128,0.2346569747,-0.0695081726
1.4594019651,0.0004062251,0.0380896814,-0.0007988458,0.8839278817,0.2411550879,-0.0685904473
1.4696680307,0.0063444572,0.0153805483,-0.0059547666,0.9905869365,0.2484654635,-0.0602132082
1.4794440269,0.0140398340,-0.0027821490,0.0077178236,1.0385128260,0.2585282028,-0.0518129356
1.4895520210,0.0157863684,-0.0151521694,0.0057359692,1.0299757719,0.2553193569,-0.0443494245
1.4993050098,0.0156018930,-0.0445316546,0.0035587305,0.9541599751,0.2485389411,-0.0187555142
1.5093899965,0.0173252411,-0.0709309131,-0.0167197827,0.8463736176,0.2361483276,0.0047727134
1.5193120241,0.0148909884,-0.0776763111,-0.0220669154,0.7503355742,0.2280134410,0.0155171044
1.5293669701,0.0092446404,-0.0596165173,-0.0191350821,0.7171875238,0.2279114425,0.0336015634
1.5392919779,0.0015118913,-0.0280612838,-0.0231587533,0.7501876950,0.2367653847,0.0388316140
1.5493220091,-0.0073507829,0.0061573558,-0.0151174311,0.8664402366,0.2515043914,0.0322805047
1.5592900515,-0.0104821725,0.0366678126,0.0052802917,1.0082526207,0.2739127576,0.0245998148
1.5692809820,-0.0154375238,0.0516077168,0.0116333719,1.1234724522,0.2885529697,0.0074261539
1.5792970657,-0.0162920170,0.0401702411,0.0165619012,1.1981543303,0.2986373007,-0.0054383790
1.5892590284,-0.0102583570,0.0058683627,0.0237815734,1.2033770084,0.3125720024,-0.0055323886
1.5993009806,-0.0052582426,-0.0246069860,0.0230464097,1.1702882051,0.3112681210,-0.0033773584
1.6092710495,0.0006371335,-0.0447083823,0.0151757356,1.1200519800,0.3204714656,-0.0065891305
1.6192060709,0.0014898375,-0.0504087321,0.0079710837,1.1168870926,0.3151206374,-0.0044271764
1.6293209791,0.0012078480,-0.0414435975,0.0093152877,1.1233370304,0.3108681142,-0.0075912783
1.6392830610,-0.0030116246,-0.0187283587,0.0046264287,1.1542891264,0.3173891306,-0.0225266851
1.6492769718,-0.0050885482,-0.0101328623,-0.0145522598,1.1618975401,0.3045406938,-0.0320102014
1.6592949629,-0.0040003462,-0.0200464856,-0.0270481948,1.1247174740,0.2828692496,-0.0329066217
1.6692550182,-0.0047176285,-0.0479371659,-0.0271283034,1.0382925272,0.2726996839,-0.0189692341
1.6792390347,-0.0035161779,-0.0736902505,-0.0178902987,0.9028477669,0.2556658387,-0.0134523632
1.6892349720,-0.0013211175,-0.0867766291,-0.0102268104,0.7823501229,0.2387382686,-0.0090088788
1.6992430687,-0.0011830732,-0.0674099326,-0.0148018245,0.7311875820,0.2287410200,-0.0067832754
1.7092620134,-0.0041124029,-0.0314736627,-0.0088687185,0.7643207908,0.2236533165,-0.0067734215
1.7192339897,-0.0049832864,-0.0037984827,-0.0076499227,0.8657045364,0.2244879454,-0.0004733144
1.7294039726,-0.0088209314,0.0093609411,0.0095306989,1.0257186890,0.2385238707,-0.0038632522
1.7392460108,-0.0088190241,0.0180386025,0.0223223325,1.2059397697,0.2602280974,-0.0041314326
1.7492079735,-0.0059618158,0.0241481084,0.0237847921,1.3499531746,0.2762052119,-0.0160219148
1.7591789961,-0.0020012662,0.0204805303,0.0078647491,1.4364302158,0.2768251896,-0.0224634334
1.7691739798,0.0012417630,-0.0220070314,0.0007778759,1.3756222725,0.2710381448,-0.0191962682
1.7791950703,-0.0033026740,-0.0821544677,0.0128227230,1.1556959152,0.2715428174,-0.0105445907
1.7891809940,-0.0040063066,-0.1200058311,-0.0002128725,0.8888586164,0.2610829771,0.0077702347
1.7992060184,-0.0019496485,-0.1266584247,-0.0217506532,0.6828607321,0.2531896234,0.0207121316
1.8091989756,0.0007916883,-0.1043339670,-0.0261927489,0.5643926263,0.2470110953,0.0303964503
1.8191900253,-0.0044531031,-0.0630768985,-0.0124337319,0.5835575461,0.2535609007,0.0292792544
1.8291800022,-0.0098234219,-0.0202687811,0.0111737605,0.6859608889,0.2608020306,0.0334103517
1.8391250372,-0.0151569052,0.0108143706,0.0253304597,0.8320752978,0.2768843174,0.0321425535
1.8492239714,-0.0155401630,0.0228750128,0.0311118122,1.0028055906,0.2867097855,0.0266476516
1.8591840267,-0.0099961562,0.0229600240,0.0401138403,1.1735084057,0.2976516187,0.0264563039
1.8691090345,-0.0093043251,0.0196342189,0.0385352112,1.3581392765,0.3054288626,0.0188401956
1.8791300058,-0.0117773218,0.0166860688,0.0439287163,1.5160187483,0.3204927742,0.0122564621
1.8891659975,-0.0132359667,0.0177533943,0.0239198562,1.6387284994,0.3288689554,0.0057421038
1.8991379738,-0.0106985969,0.0021868816,0.0009884591,1.7113773823,0.3240297139,-0.0006502816
1.9091390371,-0.0032213137,-0.0217575114,-0.0074798707,1.6891407967,0.3066571057,-0.0122084003
1.9191449881,-0.0033352778,-0.0470748655,-0.0202957038,1.6028995514,0.2886877060,-0.0354033336
1.9291440248,-0.0111501617,-0.0730932057,-0.0257442836,1.4834812880,0.2727827728,-0.0373415835
1.9393019676,-0.0111542149,-0.0904696286,-0.0149250869,1.3139510155,0.2448414266,-0.0264175627
1.9502420425,-0.0101593537,-0.0908087790,-0.0093879346,1.1400433779,0.2307434529,-0.0177055653
1.9594739676,-0.0071527762,-0.0827111602,-0.0050801877,1.0003219843,0.2147418559,-0.0121906912
1.9692009687,-0.0022415922,-0.0609254055,0.0087694284,0.9054048061,0.2033379227,-0.0099256719
1.9791359901,-0.0013060375,-0.0298226755,0.0331648923,0.8883916140,0.1946685314,-0.0087968912
1.9891550541,-0.0022526786,0.0003462455,0.0506286360,0.9278076887,0.2056341022,-0.0120826997
1.9995889664,-0.0080329580,0.0202338714,0.0427099802,1.0332572460,0.2289940119,-0.0006213863
2.0143141747,-0.0089525385,0.0186725128,0.0378662683,1.1515905857,0.2470281422,0.0013038130
2.0193071365,-0.0020806596,0.0045546019,0.0330797769,1.2828388214,0.2544269562,-0.0020220757
2.0303940773,0.0097089605,-0.0123709943,0.0193633791,1.4087791443,0.2564789355,-0.0010609409
2.0392520428,0.0137472944,-0.0293153357,0.0062941667,1.5102849007,0.2465343922,-0.0063811378
2.0501179695,0.0147505598,-0.0358268358,0.0036374086,1.5562356710,0.2404770404,-0.0063739475
2.0592830181,0.0127976136,-0.0335061364,0.0123718139,1.5029625893,0.2272637635,-0.0030624396
2.0689821243,0.0013534621,-0.0538702048,0.0249023791,1.3022686243,0.2215906978,0.0151751544
2.0789420605,-0.0017192169,-0.1164629310,-0.0022629146,1.0640944242,0.2201291621,0.0599717833
2.0891180038,0.0153716998,-0.1512624770,0.0097381230,0.9243719578,0.1999463886,0.0761361122
2.0993030071,0.0185083337,-0.1186227649,0.0173142310,0.8786382079,0.1813828349,0.0709739700
2.1092700958,0.0029033616,-0.0521000884,0.0293727871,0.8818262815,0.1835359931,0.0698953941
2.1200671196,-0.0086369915,0.0008729568,0.0199688431,0.9340056777,0.1947212666,0.0814757496
2.1292090416,-0.0032865212,0.0145201702,0.0087720510,1.0162847042,0.1857112646,0.0782895386
2.1398091316,0.0002117351,0.0123817939,0.0081713554,1.0974670649,0.1872263402,0.0569751970
2.1491899490,-0.0051670475,0.0236001480,0.0052290317,1.1776282787,0.1802467257,0.0431533903
2.1589269638,-0.0075137420,0.0315332152,-0.0077081565,1.2363423109,0.1838182956,0.0324643962
2.1689670086,-0.0048217578,0.0165813137,-0.0158122424,1.2802248001,0.1712958366,0.0282653905
2.1789410114,-0.0029520199,-0.0195640456,-0.0025855547,1.2739461660,0.1583680511,0.0219788644
2.1889119148,0.0009412960,-0.0472372435,0.0026654955,1.2227239609,0.1527096331,0.0316128507
2.1989400387,0.0008246497,-0.0570627563,0.0107645150,1.1266878843,0.1466608047,0.0359679163
2.2089128494,-0.0002192661,-0.0638990551,0.0140302535,1.0178185701,0.1468512118,0.0317931436
2.2191569805,0.0055000978,-0.0638454705,0.0135893580,0.8972414136,0.1426814944,0.0287189260
2.2290170193,0.0101978378,-0.0433133952,0.0112442728,0.7800151706,0.1255975813,0.0119133145
2.2390210629,0.0082133608,-0.0323363356,0.0138791557,0.6926856041,0.1066276282,-0.0027772153
2.2492151260,0.0053729611,-0.0222244095,0.0146846529,0.6159641743,0.0962788463,-0.0185923968
2.2593810558,-0.0033619211,-0.0086487066,0.0116295572,0.5647311211,0.0990152434,-0.0270729661
2.2698960304,-0.0043195589,0.0058407360,0.0125544425,0.5498504043,0.0945523232,-0.0355327651
2.2791051865,-0.0033416257,0.0126125384,0.0281550046,0.5466710329,0.0944670960,-0.0429681763
2.2892189026,-0.0003140971,0.0204846431,0.0241249558,0.5840839148,0.0914774314,-0.0514740460
2.2989091873,0.0047708945,0.0160168875,0.0209914800,0.6193943620,0.0810676739,-0.0503668375
2.3091120720,0.0138688283,0.0069781118,0.0167665835,0.6600954533,0.0684661269,-0.0609374568
2.3188669682,0.0153163271,-0.0115188491,0.0152370688,0.7007851005,0.0558960065,-0.0672563389
2.3290259838,0.0099969702,-0.0201182496,0.0036537999,0.7275453806,0.0485850982,-0.0714771822
2.3396229744,0.0076048570,-0.0246670078,0.0026938673,0.7383080125,0.0369319059,-0.0692854002
2.3491990566,0.0052846270,-0.0321674161,0.0094611999,0.7415575981,0.0316039845,-0.0703155100
2.3617670536,-0.0007569297,-0.0495261364,0.0054481383,0.7415406704,0.0337379724,-0.0713944882
2.3701820374,0.0009130732,-0.0553321354,0.0034173483,0.7202423215,0.0250773747,-0.0649491102
2.3791561127,0.0015442566,-0.0496670716,0.0062150117,0.6829303503,0.0163003933,-0.0574286096
2.3891191483,0.0020731285,-0.0374811999,0.0149621125,0.6370674968,0.0116704889,-0.0573665574
2.3988881111,-0.0041872067,-0.0276135933,0.0188653823,0.5922154784,0.0134731820,-0.0552191176
2.4088699818,0.0003202752,-0.0180072319,0.0190413352,0.5517213345,0.0046187043,-0.0540710315
2.4192061424,0.0019302861,-0.0134616625,0.0192557331,0.5474236012,0.0119786169,-0.0647408515
2.4294991493,-0.0003652379,-0.0087782871,0.0095866676,0.5656247139,0.0119740898,-0.0817517936
2.4401049614,-0.0027896271,0.0069621080,-0.0042028669,0.5954939723,0.0206160471,-0.0988298431
2.4491560459,-0.0071740253,0.0045398944,-0.0141339544,0.6329294443,0.0165214371,-0.1115781292
2.4588251114,-0.0105131371,-0.0141983163,-0.0104573015,0.6467725635,0.0177608728,-0.1041590944
2.4688320160,-0.0108651025,-0.0320391767,-0.0106853489,0.6413881779,0.0230722800,-0.1031273901
2.4788250923,-0.0102731986,-0.0480279736,-0.0099235419,0.6360301971,0.0251775086,-0.1020749062
2.4887900352,-0.0059045954,-0.0494895689,-0.0004072433,0.6179638505,0.0133264419,-0.0966734812
2.4987730980,-0.0014788016,-0.0423489325,0.0032018775,0.6094575524,0.0089921476,-0.0955758616
2.5087840557,-0.0057754321,-0.0451148264,0.0048427936,0.6221909523,0.0166085213,-0.0913845748
2.5187540054,-0.0101605756,-0.0468933098,0.0094046947,0.6445404887,0.0232288744,-0.0871927664
2.5287861824,-0.0147429807,-0.0319575779,0.0167507287,0.6775562167,0.0299514923,-0.0808850676
2.5392000675,-0.0153882606,-0.0107627045,0.0101611968,0.7308577895,0.0357712992,-0.0735232905
2.5489711761,-0.0092004938,0.0050707930,0.0170457121,0.7661577463,0.0243420750,-0.0670994818
2.5588710308,-0.0067901118,0.0065973871,0.0276115891,0.8035772443,0.0213348344,-0.0777302906
2.5689039230,-0.0071197553,-0.0093122255,0.0155917760,0.8089538813,0.0223180726,-0.0926138982
2.5793280602,-0.0096832020,-0.0184805524,0.0231651422,0.7544371486,0.0377915725,-0.1086117700
2.5922598839,-0.0074220998,-0.0310891103,0.0223173257,0.6764400601,0.0457568206,-0.1064841673
2.6002411842,-0.0043344302,-0.0286027025,0.0294794794,0.6155876517,0.0474061184,-0.1085774153
2.6121058464,-0.0022130415,-0.0255189370,0.0328911878,0.5985178351,0.0482974760,-0.1138832346
2.6201579571,0.0057319896,-0.0107228290,0.0333066322,0.6433332562,0.0476383455,-0.1064732522
2.6290159225,0.0020183220,-0.0072373874,0.0314212181,0.7531505823,0.0603171214,-0.0981330276
2.6389009953,-0.0015859707,-0.0058092601,0.0210733768,0.8950873613,0.0593940690,-0.0844144151
2.6491320133,0.0044764774,0.0132348109,0.0109846350,1.0104682446,0.0453778505,-0.0780297518
2.6589860916,0.0087718563,0.0066443258,0.0229053851,1.0639028549,0.0372560099,-0.0758881792
2.6687409878,0.0105346339,-0.0273585748,0.0171603318,1.0203135014,0.0165936090,-0.0778485313
2.6787128448,0.0083945589,-0.0560937636,0.0213553067,0.9158738852,-0.0024256227,-0.0829659253
2.6888861656,0.0052941637,-0.0759499818,0.0347425677,0.7792987227,-0.0130284652,-0.0743026659
2.7001080513,0.0059140818,-0.0549981110,0.0310355183,0.6470187902,-0.0205281936,-0.0815982595
2.7109808922,0.0015421406,-0.0278639924,0.0257348772,0.5947364569,-0.0147105185,-0.1039096862
2.7189569473,-0.0009583338,-0.0056985742,0.0293798801,0.5980141163,-0.0232502110,-0.1059831008
2.7306740284,0.0062266784,0.0253255237,0.0339969136,0.6108193994,-0.0231420863,-0.1049303487
2.7388579845,0.0059128301,0.0251313318,0.0229304191,0.6194349527,-0.0274590701,-0.1176573262
2.7487180233,0.0056486921,0.0007046929,0.0236189719,0.6067261100,-0.0372310057,-0.1239594296
2.7586719990,0.0111795263,-0.0130673181,0.0233385321,0.5619674325,-0.0450838730,-0.1259986162
2.7686710358,0.0157190152,-0.0173618328,0.0260901805,0.5086469650,-0.0518999659,-0.1248547882
2.7786929607,0.0203188844,-0.0288458597,0.0408261158,0.4670355618,-0.0574947335,-0.1162895262
2.7886760235,0.0289121158,-0.0211945903,0.0351103283,0.4596500993,-0.0692813545,-0.1130207628
2.7986390591,0.0307375677,-0.0154654514,0.0380078889,0.5002753139,-0.0754114166,-0.1172613129
2.8089649677,0.0287319310,-0.0163708460,0.0465392806,0.5525276065,-0.0759216771,-0.0992338434
2.8187329769,0.0248117931,-0.0083474647,0.0508627035,0.5962191224,-0.0733035281,-0.0822817683
2.8289730549,0.0258878060,-0.0127126705,0.0520847179,0.6239207983,-0.0698193088,-0.0748869628
2.8386411667,0.0251516290,-0.0336417668,0.0474067070,0.6154423356,-0.0773648396,-0.0748329014
2.8488368988,0.0233396478,-0.0459511988,0.0515729524,0.5631296039,-0.0777422115,-0.0716067478
2.8588950634,0.0214902945,-0.0488738529,0.0540098883,0.4948395193,-0.0814682469,-0.0704722404
2.8688068390,0.0195661671,-0.0523015372,0.0637112632,0.4253925383,-0.0776484758,-0.0608869903
2.8788571358,0.0187407024,-0.0503658764,0.0561310388,0.3890854120,-0.0789339766,-0.0534168221
2.8886518478,0.0255859382,-0.0338218324,0.0652252808,0.3752779663,-0.0886326730,-0.0501571111
2.8990259171,0.0276513584,-0.0193593632,0.0752532855,0.3741775453,-0.0885557160,-0.0405971669
2.9086170197,0.0249723680,-0.0167088043,0.0794453993,0.3688192666,-0.0843583047,-0.0448702089
2.9186730385,0.0213005133,-0.0248352420,0.0798780099,0.3388520479,-0.0728750229,-0.0491706803
2.9292960167,0.0174899288,-0.0302447807,0.0893369094,0.2811459005,-0.0647800788,-0.0502452664
2.9389901161,0.0097451406,-0.0419177525,0.0972127691,0.2307756543,-0.0416310839,-0.0471719764
2.9516589642,0.0068194466,-0.0470935814,0.0986261144,0.1847011000,-0.0279296506,-0.0281056073
2.9600038528,0.0153942900,-0.0310376417,0.1032756343,0.1493609548,-0.0153518077,-0.0260413922
2.9687881470,0.0191477127,-0.0220781099,0.0924904719,0.1397152543,-0.0069577899,-0.0356506109
2.9789428711,0.0152026014,-0.0374903195,0.0925002471,0.1471575797,-0.0057750801,-0.0282231867
2.9885921478,0.0142340260,-0.0393899195,0.0798007026,0.1235649064,0.0016511441,-0.0133813899
2.9985618591,0.0151916342,-0.0356502645,0.0643614903,0.0871873274,0.0078688264,-0.0038370201
3.0087480545,0.0211258717,-0.0466566794,0.0677270070,0.0679939240,0.0024399727,0.0036483265
3.0187799931,0.0242988952,-0.0519935004,0.0505449511,0.0488657691,-0.0083879074,0.0047948174
3.0287330151,0.0253487416,-0.0349430554,0.0410754420,0.0372187011,-0.0149997380,-0.0079028681
3.0386979580,0.0194572695,-0.0333866589,0.0629372373,0.0468182005,-0.0117706545,-0.0143063050
3.0487151146,0.0107166665,-0.0436380021,0.0731609240,0.0339023992,-0.0000865683,-0.0111858808
3.0587620735,0.0039124982,-0.0482046716,0.0718250051,0.0049068346,0.0158372708,0.0025431148
3.0687069893,0.0077303248,-0.0480460040,0.0854599848,-0.0335484147,0.0124787586,0.0195900090
3.0786428452,0.0164833851,-0.0404178612,0.0827804580,-0.0709056407,0.0142782563,0.0142943133
3.0887060165,0.0194129832,-0.0417525880,0.0763412490,-0.0912492648,0.0205609202,0.0174549520
3.0992350578,0.0203169174,-0.0413180105,0.0798564926,-0.1148051918,0.0237069111,0.0312602483
3.1094510555,0.0232282467,-0.0352962725,0.0776882544,-0.1447234005,0.0235572420,0.0408436321
3.1187870502,0.0261575170,-0.0303773414,0.0961606279,-0.1810281575,0.0212221816,0.0515117198
3.1288928986,0.0254128464,-0.0385040753,0.1021908298,-0.2207265645,0.0392299443,0.0684209317
3.1389060020,0.0276239105,-0.0431199782,0.0948665515,-0.2635580301,0.0507550426,0.0789956748
3.1489739418,0.0336691625,-0.0381741636,0.0975132957,-0.2977665961,0.0506266765,0.0949562639
3.1586890221,0.0446005352,-0.0237638485,0.0964783803,-0.3372322619,0.0460649505,0.0971379355
3.1686711311,0.0497865863,-0.0233102571,0.0907770768,-0.3606920540,0.0426861979,0.0982386172
3.1812329292,0.0531469174,-0.0289178621,0.0949882641,-0.4011148214,0.0210964810,0.1100936756
3.1918139458,0.0546043105,-0.0211821925,0.1070679799,-0.4319702089,0.0038660951,0.1229756474
3.1999249458,0.0515593179,-0.0157770645,0.0908192173,-0.4468670189,-0.0089184092,0.1421955526
3.2116250992,0.0495168157,-0.0055756099,0.0882242694,-0.4690980315,-0.0294428598,0.1370322108
3.2189249992,0.0426597781,-0.0111057889,0.1033487692,-0.4946406782,-0.0392488874,0.1381752491
3.2301778793,0.0300727673,-0.0257137548,0.1186186448,-0.5383918285,-0.0385729745,0.1318270713
3.2384991646,0.0125028389,-0.0349038355,0.1302904189,-0.6016258597,-0.0153811025,0.1508419067
3.2484869957,0.0082998769,-0.0231055748,0.1483562291,-0.6798207760,0.0108792642,0.1677244902
3.2584750652,0.0070340829,-0.0178915989,0.1573342979,-0.7324689627,0.0500716716,0.1738815755
3.2687368393,0.0104716616,-0.0141039621,0.1580073535,-0.7957296968,0.0817007124,0.1800950021
3.2785370350,0.0177102871,-0.0167130958,0.1445723474,-0.8526831269,0.1219996586,0.1947478354
3.2887630463,0.0328248926,-0.0296054017,0.1159819737,-0.9083727002,0.1346033365,0.2191399932
3.2992060184,0.0499932356,-0.0488963239,0.1013890877,-0.9861078858,0.1063290909,0.2331899107
3.3087558746,0.0623655804,-0.0630554706,0.0899743214,-1.1054164171,0.0849084854,0.2111019194
3.3185749054,0.0562306829,-0.0772053152,0.0769043341,-1.2322275639,0.0624641590,0.2007105201
3.3287119865,0.0499688871,-0.0678612143,0.0817146674,-1.3505494595,0.0360341519,0.2169004083
3.3384220600,0.0477437563,-0.0477007739,0.0936224237,-1.4465862513,0.0226666816,0.2404262573
3.3484330177,0.0427381881,-0.0341643803,0.1067163125,-1.4999836683,0.0223263279,0.2489648908
3.3587059975,0.0427361913,-0.0239707362,0.1012737527,-1.5021750927,0.0224592201,0.2670284212
3.3683161736,0.0494274087,0.0058374279,0.1022931114,-1.4498354197,0.0154460520,0.2744740844
3.3782649040,0.0543037541,0.0272969473,0.0900601521,-1.3462179899,0.0118542472,0.2606139481
3.3884391785,0.0522967763,0.0290169884,0.0870641842,-1.2628304958,0.0142476298,0.2148567140
3.3984198570,0.0335769840,0.0058066719,0.0915626064,-1.2405891418,0.0431093723,0.1944662184
3.4084420204,0.0147528546,-0.0285331141,0.0825842395,-1.3294438124,0.0671587810,0.2124329656
3.4186949730,0.0115333693,-0.0599513762,0.0721571222,-1.4660938978,0.0577993654,0.2423391938
3.4284069538,0.0190236755,-0.0720083863,0.0795769468,-1.5930756330,0.0410305075,0.2712211907
3.4383590221,0.0245169587,-0.0615490489,0.0889087096,-1.6496009827,0.0289671868,0.2862106562
3.4484848976,0.0194273181,-0.0506527536,0.0833129063,-1.6294176579,0.0314697623,0.3106153309
3.4586648941,0.0153258936,-0.0240137111,0.0518501736,-1.5536628962,0.0321355499,0.3201205432
3.4712929726,0.0150846140,-0.0024953911,0.0325669385,-1.4478597641,0.0231985152,0.3041687310
3.4787390232,0.0079902606,0.0071609491,0.0283703562,-1.3676643372,0.0150822653,0.2818529308
3.4887118340,-0.0078726811,-0.0042750961,0.0287695285,-1.3539363146,0.0364916846,0.2732053697
3.4984090328,-0.0219623856,-0.0239600968,0.0254335757,-1.4694056511,0.0611962341,0.2667509317
3.5083909035,-0.0217597894,-0.0536579005,0.0471431948,-1.7086102962,0.0794988051,0.2487386465
3.5185399055,-0.0148768825,-0.0913606137,0.0734261051,-2.0021107197,0.0813262612,0.2287488133
3.5285310745,-0.0132048531,-0.0983894020,0.0872483626,-2.2776443958,0.0973555669,0.2277749032
3.5385599136,-0.0012084945,-0.0558572374,0.0971920863,-2.4623472691,0.0855835974,0.2683513463
3.5485370159,0.0158215351,-0.0114877056,0.0891800895,-2.4676210880,0.0791027918,0.2652098835
3.5595719814,0.0193190165,0.0262470115,0.0647794381,-2.3756544590,0.0657699406,0.2471692413
3.5686709881,0.0207708366,0.0746388435,0.0551627018,-2.2686457634,0.0449765138,0.2185447812
3.5785939693,0.0020873442,0.0651387125,0.0450626351,-2.1951873302,0.0701023713,0.2162089199
3.5911121368,-0.0146480603,0.0206407476,0.0406574346,-2.2220582962,0.0912976712,0.2192774117
3.5990259647,-0.0150965555,-0.0223699044,0.0458636619,-2.3118956089,0.1077962220,0.2298561633
3.6085779667,-0.0049500568,-0.0554164834,0.0361048318,-2.3717398643,0.1137915328,0.2351710349
3.6186208725,0.0109097259,-0.0556625761,-0.0006355887,-2.3524768353,0.1033519357,0.2469118536
3.6284198761,0.0325912125,-0.0329905488,-0.0449147485,-2.2603895664,0.0740198791,0.2332266569
3.6390280724,0.0437607355,-0.0171489995,-0.0674894676,-2.1659519672,0.0263607521,0.1984079629
3.6484599113,0.0359752961,-0.0172032397,-0.0859688744,-2.1205015182,-0.0313840359,0.1541302353
3.6583299637,0.0119430618,-0.0181252789,-0.0866937265,-2.1787075996,-0.0791606158,0.1194216609
3.6686091423,-0.0206759386,-0.0235973429,-0.0636766180,-2.3171625137,-0.1071784049,0.0931402594
3.6786088943,-0.0532148294,-0.0342745297,-0.0178470854,-2.5187709332,-0.1226686761,0.0901989341
3.6883368492,-0.0739849880,-0.0259792786,0.0125735160,-2.6733913422,-0.1472690850,0.1032151282
3.6983549595,-0.0751272812,-0.0155609529,0.0364666320,-2.7299532890,-0.1540098190,0.1149799153
3.7085099220,-0.0627835169,0.0134988297,0.0538731553,-2.6830577850,-0.1492811143,0.1255404055
3.7193708420,-0.0447057299,0.0471767373,0.0561855771,-2.5733170509,-0.1248969436,0.1284954548
3.7285408974,-0.0304121785,0.0535255112,0.0368315913,-2.4709603786,-0.1049850211,0.1144837663
3.7382988930,-0.0307218842,0.0361584611,0.0074178334,-2.4348495007,-0.0697239712,0.0802323148
3.7485749722,-0.0391380005,0.0152162332,-0.0154998545,-2.4490168095,-0.0241024233,0.0533865876
3.7585158348,-0.0458791666,-0.0252421480,-0.0356713198,-2.4878909588,0.0301043596,0.0530627482
3.7684500217,-0.0404168777,-0.0502475910,-0.0591559075,-2.5393738747,0.0606830344,0.0507756248
3.7793350220,-0.0266190581,-0.0392879359,-0.0774891004,-2.5884537697,0.0602505393,0.0444375686
3.7889680862,-0.0061671538,-0.0145200621,-0.0623366497,-2.6213400364,0.0406398214,0.0307766180
3.8003580570,-0.0080894036,-0.0014017948,-0.0099461917,-2.6297736168,0.0287959464,0.0287363678
3.8100428581,-0.0235987119,0.0069602602,0.0194468852,-2.5766928196,0.0561079942,0.0497700162
3.8187170029,-0.0354232602,0.0256143380,0.0125576016,-2.4926910400,0.0879290402,0.0696885958
3.8283150196,-0.0324773006,0.0373048075,-0.0372360609,-2.3752238750,0.0876507461,0.0557972826
3.8382680416,-0.0115659041,0.0270766784,-0.0984509811,-2.2020184994,0.0579109527,0.0463089719
3.8482589722,0.0017816917,0.0008385053,-0.1214731559,-2.0724980831,0.0140324468,0.0475654490
3.8582620621,0.0026453927,-0.0098570716,-0.1398941576,-1.9877815247,-0.0271248426,0.0329008885
3.8687481880,-0.0097065968,-0.0317298882,-0.1576780379,-1.9788862467,-0.0645909905,0.0182641540
3.8785629272,-0.0190191083,-0.0456320755,-0.1438936889,-2.0553567410,-0.1090615168,0.0111666964
3.8883948326,-0.0319430046,-0.0805872828,-0.0950266346,-2.2385778427,-0.1543264687,0.0084010037
3.8985810280,-0.0438014679,-0.0981865078,-0.0487003587,-2.4401953220,-0.1750243008,0.0203623250
3.9084780216,-0.0440884046,-0.0935996920,-0.0302053932,-2.6142771244,-0.1803008169,0.0608889796
3.9223840237,-0.0261589698,-0.0659014732,-0.0088152532,-2.6302134991,-0.1931681484,0.0705452040
3.9285011292,-0.0219377689,-0.0238849055,-0.0004568939,-2.4797492027,-0.1898123026,0.0767927095
3.9381670952,-0.0176835470,0.0207055677,-0.0235366467,-2.2033712864,-0.1832891405,0.0893054456
3.9482431412,-0.0033728287,0.0362391956,-0.0713729486,-1.8959014416,-0.1915262938,0.0976432636
3.9582719803,0.0140947299,-0.0028135309,-0.0932124481,-1.6823607683,-0.2025845498,0.1113781184
3.9681601524,0.0219147392,-0.0711272508,-0.0861886367,-1.6352488995,-0.2245649397,0.1231740639
3.9781620502,0.0275209732,-0.1277882010,-0.0717835054,-1.7142629623,-0.2376551926,0.1636843383
3.9881958961,0.0346759148,-0.1498004943,-0.0564452074,-1.7910068035,-0.2625858486,0.1925841570
3.9983720779,0.0328493901,-0.1477107555,-0.0516788624,-1.8037073612,-0.2859731615,0.2193057835
4.0084018707,0.0266801305,-0.1247566491,-0.0246188883,-1.7173171043,-0.2893077135,0.2511388063
4.0183300972,0.0251137204,-0.0844835788,-0.0194251183,-1.5337923765,-0.2908491492,0.2797051072
4.0284767151,0.0185625739,-0.0518041365,-0.0246321801,-1.2980132103,-0.2824492753,0.2986090183
4.0385208130,0.0178135224,-0.0295159947,-0.0380357169,-1.0749729872,-0.2816503346,0.3154476285
4.0505599976,0.0210260935,-0.0364576094,-0.0452381037,-0.9382768273,-0.2964615226,0.3345712423
4.0583891869,0.0184908696,-0.0596333854,-0.0482271574,-0.9508862495,-0.3190440536,0.3294120431
4.0696067810,0.0153088169,-0.1017281562,-0.0587814711,-1.1085847616,-0.3534054756,0.3286826015
4.0782561302,0.0187553950,-0.1366779953,-0.0212015752,-1.3580307961,-0.3906931877,0.3195402622
4.0881910324,0.0203638859,-0.1493860036,-0.0083099846,-1.6054518223,-0.4203591943,0.3241549730
4.0981197357,0.0254461356,-0.1364837438,0.0194791313,-1.7367922068,-0.4233347774,0.3444487751
4.1081671715,0.0253395028,-0.0808166414,0.0133062359,-1.6705306768,-0.4366348684,0.3540502787
4.1182150841,0.0156067209,-0.0361870639,-0.0193158034,-1.4646872282,-0.4168358743,0.3580271602
4.1281170845,0.0094837742,-0.0185701977,-0.0168779138,-1.2269436121,-0.3881046176,0.3778602779
4.1382761002,0.0150466757,-0.0135364663,-0.0388334058,-0.9868382812,-0.3850491643,0.3925450742
4.1484060287,0.0146730738,-0.0242210161,-0.0553293489,-0.8225324154,-0.3814954162,0.4094055593
4.1585621834,0.0052913325,-0.0509622805,-0.0435936712,-0.7446363568,-0.3860582411,0.4306299984
4.1682448387,-0.0012719437,-0.0697923452,-0.0491947196,-0.7371358275,-0.3944416046,0.4434278309
4.1782479286,-0.0137613220,-0.0760669857,-0.0620646738,-0.7881232500,-0.4226734936,0.4383362532
4.1882448196,-0.0253779106,-0.0785302073,-0.0570237301,-0.8595502973,-0.4380982816,0.4491100609
4.1992311478,-0.0323068313,-0.0733366162,-0.0496379994,-0.9064116478,-0.4554644823,0.4609431624
4.2145600319,-0.0343685262,-0.0614211075,-0.0630787238,-0.9105843306,-0.4693456590,0.4663480520
4.2198271751,-0.0376625471,-0.0406013243,-0.0620046519,-0.8967196345,-0.4733923376,0.4801741242
4.2306661606,-0.0332508497,-0.0264477264,-0.0751373991,-0.8199468255,-0.4725896716,0.5045503378
4.2383389473,-0.0242359452,-0.0100087654,-0.0884669647,-0.6961254478,-0.4820995629,0.5300217271
4.2488021851,-0.0232343785,0.0164878238,-0.1106917486,-0.5636779070,-0.4990902543,0.5481000543
4.2582268715,-0.0250869505,0.0326279290,-0.1359721720,-0.4673722982,-0.5240741968,0.5386313200
4.2680778503,-0.0277882032,0.0276459325,-0.1373892128,-0.4628933966,-0.5507321358,0.5419881940
4.2781119347,-0.0295572691,-0.0036757120,-0.1155758128,-0.5225605965,-0.5713418126,0.5612887740
4.2880191803,-0.0361310057,-0.0439540260,-0.0981447920,-0.6057745218,-0.5825553536,0.5752307177
4.2980442047,-0.0421461277,-0.0503327958,-0.0845266208,-0.6762041450,-0.5894225836,0.5859486461
4.3080320358,-0.0445542149,-0.0285129678,-0.0773749575,-0.7135469913,-0.5928905606,0.5891844034
4.3185720444,-0.0401699953,-0.0203293692,-0.0731341466,-0.7072407603,-0.5831737518,0.5944272280
4.3284468651,-0.0367660336,-0.0227995049,-0.0735485181,-0.6741257310,-0.5819396377,0.5837721825
4.3382368088,-0.0344177298,-0.0210974347,-0.0706069693,-0.6058514714,-0.5781712532,0.5879508257
4.3480548859,-0.0390653424,-0.0133515727,-0.0679605827,-0.5056055188,-0.5698416829,0.5963259339
4.3621630669,-0.0449203067,0.0141442884,-0.0781286582,-0.3807975650,-0.5655379891,0.6110819578
4.3687019348,-0.0496944599,0.0282605756,-0.0997848734,-0.2537333667,-0.5719913244,0.6163470149
4.3783760071,-0.0574097447,0.0359226353,-0.1058751568,-0.1618471295,-0.5757005811,0.5993083715
4.3899631500,-0.0622134320,0.0205957759,-0.0749795660,-0.0978732109,-0.5708397627,0.6098560691
4.3982548714,-0.0642314628,0.0112146605,-0.0457205437,-0.1000711173,-0.5591866374,0.6002228856
4.4083180428,-0.0638303533,-0.0041886694,-0.0578298233,-0.1971039176,-0.5581083298,0.5641623735
4.4179220200,-0.0457978658,-0.0331980698,-0.0474353693,-0.3582768440,-0.5572728515,0.5578956604
4.4282398224,-0.0357902758,-0.0565781705,-0.0072513465,-0.5013762116,-0.5508799553,0.5600789189
4.4379758835,-0.0426155142,-0.0433068983,0.0073302146,-0.5504993796,-0.5491092205,0.5611621737
4.4482078552,-0.0552781336,-0.0184565317,-0.0113175754,-0.4971930683,-0.5401647091,0.5589421988
4.4581623077,-0.0611016266,0.0125445593,-0.0359307192,-0.3690551817,-0.5403495431,0.5471711159
4.4685988426,-0.0620219223,0.0342819579,-0.0387259386,-0.2313244641,-0.5425178409,0.5439018607
4.4779500961,-0.0550831966,0.0407218225,-0.0402734540,-0.1193722412,-0.5308697224,0.5543703437
4.4881920815,-0.0422732942,0.0414489992,-0.0631133541,-0.0030464297,-0.5340998769,0.5713083148
4.5002131462,-0.0285225026,0.0345645435,-0.0839781389,0.0942120776,-0.5493627787,0.5734647512
4.5082702637,-0.0206281357,0.0220517982,-0.0808681473,0.1424429864,-0.5693785548,0.5639993548
4.5201377869,-0.0204062276,-0.0069418675,-0.0601177476,0.1168863624,-0.5728731155,0.5534158349
4.5281763077,-0.0231971852,-0.0427871458,-0.0155303720,-0.0028442955,-0.5544973016,0.5608170629
4.5380010605,-0.0105044348,-0.0749905854,0.0056419726,-0.1407757998,-0.5350727439,0.5820339322
4.5480160713,0.0019001559,-0.0909733921,0.0080453511,-0.2400744259,-0.5378512144,0.5969947577
4.5581669807,0.0108838873,-0.0564096086,0.0017289276,-0.2753453255,-0.5390469432,0.6140251160
4.5679059029,0.0147333341,-0.0122288596,-0.0211141948,-0.2166164964,-0.5491080880,0.6342347860
4.5779151917,0.0137226777,0.0018579236,-0.0359767340,-0.0671342015,-0.5585322976,0.6469408274
4.5879402161,0.0105958777,0.0260414947,-0.0414616130,0.1261202097,-0.5613672137,0.6404499412
4.5979070663,0.0134387510,0.0564386733,-0.0569938682,0.2895139158,-0.5676394701,0.6340021491
4.6080560684,0.0244072266,0.0637320131,-0.0704322681,0.3505567610,-0.5854730606,0.6181393266
4.6180338860,0.0348231979,0.0360268839,-0.0748429522,0.3230083883,-0.6029521823,0.5991497636
4.6280517578,0.0323906429,0.0006111732,-0.0253271107,0.1990888268,-0.5931863785,0.6034225821
4.6382350922,0.0258069821,-0.0361016504,0.0201319810,0.0770558640,-0.5649784803,0.6373195648
4.6480751038,0.0238030739,-0.0352247469,0.0042164084,0.0417426117,-0.5576974154,0.6457961202
4.6580591202,0.0196157582,-0.0002142915,-0.0254471544,0.0833865926,-0.5605514646,0.6500381231
4.6680288315,0.0161450393,0.0330675729,-0.0271240119,0.1730432510,-0.5650748610,0.6648783088
4.6780252457,0.0155875282,0.0441178568,-0.0264995936,0.3170872331,-0.5627749562,0.6775075793
4.6880211830,0.0140406089,0.0495612510,-0.0255058054,0.4313086271,-0.5598265529,0.6689095497
4.6980247498,0.0165328272,0.0640461892,-0.0246609692,0.4868980944,-0.5575266480,0.6380485892
4.7080392838,0.0202799328,0.0699401349,-0.0168236736,0.4718997180,-0.5480871201,0.6305611134
4.7181539536,0.0213905163,0.0436245091,-0.0033703092,0.4034523368,-0.5283967853,0.6198555827
4.7285137177,0.0167259462,0.0229512919,0.0003521795,0.2613775134,-0.5114260316,0.6081584692
4.7392230034,0.0217166133,0.0264842976,-0.0119006876,0.1321988702,-0.5113155246,0.6135621667
4.7480340004,0.0296931453,0.0248655546,-0.0465122722,0.0703626722,-0.5255791545,0.6264465451
4.7583470345,0.0276941247,0.0252073277,-0.0570389889,0.0791508406,-0.5554454327,0.6255711317
4.7681770325,0.0140370028,0.0393184908,-0.0548289679,0.1178585514,-0.5778449774,0.5959424376
4.7778177261,0.0054366188,0.0429010876,-0.0424654745,0.1349998564,-0.5831052661,0.5906543136
4.7878122330,0.0076835947,0.0358737595,-0.0280692820,0.1040326133,-0.5780825615,0.5810818672
4.7978868484,0.0119196670,0.0201323498,0.0064922925,0.0226288401,-0.5403263569,0.5702699423
4.8078117371,0.0161424465,0.0110253561,0.0246320721,-0.0598678999,-0.5056488514,0.5754146576
4.8178720474,0.0251447745,0.0193038452,0.0120692607,-0.0739525631,-0.4801136255,0.5741954446
4.8291101456,0.0235847719,0.0382256396,-0.0285127405,0.0030444860,-0.4872176051,0.5486903191
4.8382692337,0.0132310139,0.0497960933,-0.0134712700,0.1024143472,-0.4919460714,0.5305902958
4.8482408524,-0.0026849017,0.0459514745,0.0102057811,0.1685986817,-0.4830836058,0.5071139932
4.8579587936,-0.0162880681,0.0353123434,0.0157185551,0.1663866788,-0.4661656022,0.4878838360
4.8680081367,-0.0122741563,0.0189849604,0.0288906451,0.0937297791,-0.4560759366,0.4836195707
4.8779640198,-0.0052708341,0.0034661165,0.0342545845,-0.0248358808,-0.4452685714,0.4793807566
4.8881330490,0.0026706352,0.0013251177,0.0169701334,-0.1198633313,-0.4469724596,0.4911444783
4.8994359970,0.0076216506,0.0067755454,-0.0194967631,-0.1411096305,-0.4578586519,0.4880460203
4.9106597900,0.0057398574,0.0201653708,-0.0363663696,-0.1184549108,-0.4760890603,0.4605262578
4.9181480408,-0.0039207144,0.0299100745,-0.0081378464,-0.0949961916,-0.4664332569,0.4434487224
4.9302072525,-0.0024854348,0.0289857853,-0.0001620894,-0.0918318257,-0.4548064172,0.4253104627
4.9380311966,0.0109699862,0.0271497834,-0.0096376780,-0.0929053426,-0.4464336932,0.4050699472
4.9480490685,0.0225820728,0.0205333699,-0.0016803389,-0.1302897334,-0.4361983538,0.3859066367
4.9577651024,0.0214916058,0.0313443430,0.0029069537,-0.1304205060,-0.4170331955,0.3772830367
4.9677290916,0.0158633180,0.0449514277,-0.0370532535,-0.0609516725,-0.4156813622,0.3474788070
4.9777507782,0.0053657787,0.0774435848,-0.0458839200,0.0396415144,-0.4312654138,0.3092651069
4.9879598618,-0.0127934916,0.1044087261,-0.0175655726,0.1463447958,-0.4177961946,0.2878554165
4.9981307983,-0.0295779817,0.0954010338,0.0069225784,0.2176289558,-0.3863120377,0.2801640928
5.0078001022,-0.0362520926,0.0717522949,-0.0022068862,0.2303857654,-0.3724825084,0.2609424591
5.0177288055,-0.0418966673,0.0405027159,0.0247783419,0.1886376441,-0.3526230752,0.2459681481
5.0277609825,-0.0487050228,0.0218313802,0.0491775014,0.1274611056,-0.3177079558,0.2595955729
5.0436129570,-0.0495235138,0.0135555137,0.0107156392,0.1081635803,-0.3082230985,0.2616738677
5.0485529900,-0.0396924876,0.0161627997,-0.0180233959,0.0889797658,-0.3074025810,0.2499956638
5.0579929352,-0.0308746807,0.0110832918,-0.0108674411,0.0440794043,-0.2971110642,0.2435832918
5.0679759979,-0.0190949105,0.0030731431,-0.0002289062,0.0119853839,-0.2877582908,0.2414202690
5.0779561996,-0.0130869998,0.0085744727,-0.0084142331,0.0173567142,-0.2878049314,0.2318584621
5.0887098312,-0.0109617664,0.0277805198,-0.0145991687,0.0334760286,-0.2963304818,0.2202161849
5.0985350609,-0.0115463091,0.0518526919,-0.0313400291,0.0784082115,-0.3014810383,0.2010905743
5.1085691452,-0.0138724996,0.0556356795,-0.0250362996,0.1382044405,-0.2979393005,0.1861523688
5.1185197830,-0.0181298517,0.0323154815,0.0150642749,0.1509364843,-0.2934545279,0.1999288946
5.1278829575,-0.0203498118,0.0117207635,0.0094051119,0.1592932045,-0.2740880251,0.2072342038
5.1376819611,-0.0216686688,-0.0040258891,-0.0030601269,0.1527836472,-0.2623581290,0.2103517056
5.1479148865,-0.0212192200,-0.0041247732,-0.0126953367,0.1570463032,-0.2623069882,0.2124731839
5.1577291489,-0.0237537585,-0.0003298649,-0.0212935451,0.1762765795,-0.2653419375,0.2146019787
5.1676702499,-0.0282565616,0.0005694500,-0.0324816369,0.2232337147,-0.2680943012,0.2252109498
5.1777191162,-0.0308771394,0.0025161973,-0.0479273461,0.2948301136,-0.2803019583,0.2326765805
5.1876511574,-0.0335249417,0.0016706458,-0.0598229431,0.3547610939,-0.3022104502,0.2412759215
5.1977319717,-0.0351753645,-0.0059206015,-0.0656141862,0.3635062575,-0.3298714161,0.2488876432
5.2076411247,-0.0339169316,-0.0154250991,-0.0598608516,0.3156652451,-0.3547964692,0.2522698641
5.2176427841,-0.0346222930,-0.0347907655,-0.0480399393,0.1961345822,-0.3651804030,0.2704786658
5.2276782990,-0.0276937000,-0.0533691160,-0.0363801979,0.0702056810,-0.3756282330,0.2876326442
5.2380657196,-0.0171629302,-0.0545186512,-0.0209478382,-0.0291607194,-0.3709088564,0.3046703637
5.2479047775,-0.0097765876,-0.0285638701,-0.0237658862,-0.0409771651,-0.3655745387,0.3142055273
5.2576279640,-0.0083874417,0.0042651170,-0.0242861155,0.0337709747,-0.3713496029,0.3216294944
5.2676467896,-0.0147326691,0.0322876461,-0.0374430083,0.1682946980,-0.3766674101,0.3279443979
5.2803173065,-0.0219574086,0.0420581587,-0.0459340475,0.3551130593,-0.3826057017,0.3395394981
5.2879948616,-0.0261933170,0.0316838510,-0.0602553152,0.5377454758,-0.3992536664,0.3522686064
5.3004350662,-0.0244653039,0.0333858617,-0.0608029626,0.5970179439,-0.4483841956,0.3026122451
5.3098769188,-0.0193266086,0.0294555891,-0.0341205858,0.5205170512,-0.4781330526,0.2677996755
5.3182320595,-0.0059199138,-0.0128345024,-0.0311037544,0.3315933347,-0.4858838916,0.2817904651
5.3276462555,0.0064380588,-0.0701326281,-0.0135364775,0.1010975540,-0.4951482415,0.2820115089
5.3379030228,0.0125641720,-0.0820067078,0.0065361615,-0.0901049003,-0.4795301259,0.2820456028
5.3477821350,0.0222142227,-0.0560709946,0.0251139160,-0.1787298322,-0.4801338613,0.2916729152
5.3577928543,0.0231626667,-0.0088766348,0.0111528989,-0.1284296513,-0.4884586334,0.2725687325
5.3676662445,0.0137913870,0.0248033274,0.0010409708,-0.0129014561,-0.5039057732,0.2364669293
5.3779802322,0.0066709118,0.0403056629,0.0136363264,0.0778589398,-0.4980587959,0.2129926234
5.3881378174,0.0087528946,0.0344223268,0.0025543326,0.1269588470,-0.4955868423,0.2076303512
5.3980669975,0.0247239806,0.0149645079,-0.0331982039,0.1889043599,-0.4962494373,0.1990923882
5.4077053070,0.0426928364,-0.0052484400,-0.0537016056,0.2414557189,-0.5215939283,0.1875337362
5.4178638458,0.0507151745,-0.0086960327,-0.0341534279,0.2447308749,-0.5259431601,0.1758730859
5.4296607971,0.0529177748,-0.0034272203,-0.0148790125,0.2319615483,-0.5230081081,0.1556775421
5.4377079010,0.0533187948,0.0008314124,0.0060747024,0.1858740896,-0.4935860336,0.1385218650
5.4475259781,0.0529069193,0.0000651351,0.0158641692,0.1343978494,-0.4609332681,0.1287845522
5.4575567245,0.0555951037,-0.0106086265,0.0144194718,0.0902847126,-0.4164364040,0.1221508756
5.4676160812,0.0631224811,-0.0105407964,0.0013160462,0.1199094504,-0.3810096979,0.1134013236
5.4775438309,0.0722657591,0.0054285401,0.0200105663,0.1741608381,-0.3560513258,0.1078887135
5.4875311852,0.0785230324,0.0224273074,0.0238250848,0.2488657087,-0.3502112925,0.0982371569
5.4975862503,0.0773851797,0.0140762199,0.0117478129,0.3214026093,-0.3348888159,0.0747154504
5.5075230598,0.0763848126,-0.0028489956,0.0196467992,0.3319489956,-0.3114663064,0.0543707572
5.5178842545,0.0783151910,-0.0129388105,0.0379002430,0.2698462009,-0.2842487991,0.0436137170
5.5276770592,0.0834431723,-0.0340079777,0.0291411635,0.2024591863,-0.2634849250,0.0329022184
5.5378351212,0.0885518715,-0.0541902296,0.0323806740,0.1052584723,-0.2525550425,0.0244012754
5.5476007462,0.0905281454,-0.0511126630,0.0424750783,0.0314146094,-0.2275205255,0.0189785473
5.5575141907,0.0906810462,-0.0463317744,0.0286057945,0.0131804775,-0.2159277797,0.0157268271
5.5675172806,0.0889039785,-0.0395769589,0.0129022356,0.0601964556,-0.2188340873,0.0082761012
5.5775208473,0.0793802589,-0.0317120664,0.0065225121,0.1188890636,-0.2110214531,-0.0056242673
5.5875740051,0.0757112131,-0.0226122867,0.0211847182,0.1551376134,-0.2001712024,-0.0195310283
5.5976710320,0.0791613460,-0.0300534498,0.0225153323,0.1667488515,-0.1819634289,-0.0260330029
5.6097140312,0.0915944204,-0.0540563576,0.0171664115,0.1443349123,-0.1790030599,-0.0345356800
5.6177797318,0.1031041220,-0.0800612718,0.0163209792,0.0898928344,-0.1773183346,-0.0376935191
5.6278691292,0.1057880223,-0.0984923393,0.0079690572,0.0342868268,-0.1691163331,-0.0281463545
5.6379327774,0.1015194505,-0.1122417003,-0.0047976617,-0.0020812992,-0.1660603583,-0.0132691376
5.6474680901,0.0940828174,-0.1191937476,-0.0148259643,-0.0042885272,-0.1679788977,0.0143670179
5.6574821472,0.0825237483,-0.1232267171,-0.0151109342,0.0030664578,-0.1644787043,0.0419609621
5.6674709320,0.0735441446,-0.1262394935,-0.0093800072,0.0221248381,-0.1586967111,0.0759066790
5.6775312424,0.0699927658,-0.1282011420,0.0005096550,0.0369529203,-0.1614163369,0.1194721311
5.6873221397,0.0708911791,-0.1223785430,0.0045985933,0.0411948003,-0.1749055237,0.1631146818
5.6975231171,0.0675802156,-0.1244983226,0.0007638688,0.0155373756,-0.1865011901,0.2057052851
5.7074389458,0.0678894371,-0.1403849870,-0.0004571920,-0.0561413392,-0.1824443936,0.2450375110
5.7174458504,0.0716500133,-0.1554795057,0.0023282524,-0.1641650200,-0.1732990891,0.2875500619
5.7273292542,0.0799622312,-0.1728248149,-0.0075749401,-0.2625200748,-0.1684252471,0.3215836585
5.7375297546,0.0867715403,-0.1737095267,-0.0008777623,-0.3447023034,-0.1826742142,0.3546678424
5.7474527359,0.0793419257,-0.1640179306,0.0255164262,-0.3970371485,-0.1997256428,0.4079345465
5.7574238777,0.0596767105,-0.1448162347,0.0387460925,-0.4057286382,-0.2035787106,0.4642683864
5.7673797607,0.0326685794,-0.1276604682,0.0432373025,-0.3835002780,-0.2029163837,0.5216177106
5.7774281502,0.0061487900,-0.1045890003,0.0422545411,-0.3111082613,-0.1934874505,0.5597561598
5.7874598503,-0.0089562638,-0.0822393447,0.0287620779,-0.1820714325,-0.1900884658,0.5904533267
5.7975940704,-0.0148543222,-0.0545541756,0.0467408635,-0.0819791928,-0.1740381271,0.6263986230
5.8076739311,-0.0180652998,-0.0384065025,0.0559813716,0.0042070895,-0.1517413408,0.6559407711
5.8174691200,-0.0155167682,-0.0435722582,0.0562755801,0.0507522188,-0.1074021012,0.6747461557
5.8273940086,-0.0111911399,-0.0477321856,0.0460797288,0.0461598635,-0.0731272176,0.6872757673
5.8374032974,-0.0041447831,-0.0489650480,0.0327718593,0.0096569816,-0.0561261326,0.7073714733
5.8474879265,-0.0061142100,-0.0464074127,0.0131389257,-0.0267545544,-0.0508639924,0.7307353616
5.8577299118,-0.0181007944,-0.0459190719,-0.0068905596,-0.0567314923,-0.0519047603,0.7615740895
5.8708410263,-0.0372886173,-0.0366703384,-0.0203977469,-0.0717916712,-0.0464865565,0.7838597298
5.8777847290,-0.0489278845,-0.0194810163,-0.0290817861,-0.0783186778,-0.0357580110,0.7944185138
5.8882079124,-0.0509593748,0.0027611128,-0.0328055881,-0.0687102601,-0.0367343277,0.7965428829
5.8996529579,-0.0422713272,0.0193186868,-0.0314298533,-0.0579775907,-0.0441251323,0.7976463437
5.9077119827,-0.0304818265,0.0291531552,-0.0289691333,-0.0536781810,-0.0473073460,0.7966015935
5.9173097610,-0.0225341581,0.0273491610,-0.0176753644,-0.0536010861,-0.0590114035,0.8030529618
5.9273819923,-0.0224130265,0.0168263782,0.0044896360,-0.0385779217,-0.0726987273,0.8137551546
5.9371590614,-0.0380389355,0.0180286635,0.0296526905,-0.0064820405,-0.0831020996,0.8180497885
5.9475498199,-0.0623988174,0.0377843864,0.0308645722,0.0884286240,-0.0706361011,0.8147143126
5.9573359489,-0.0858225450,0.0704787821,0.0244588610,0.2376853526,-0.0480980352,0.8155269623
5.9675350189,-0.0994862691,0.1055530757,0.0118784066,0.4083503187,-0.0286902487,0.8057203889
5.9773759842,-0.1070633307,0.1390557736,-0.0069219712,0.5600094795,-0.0256598387,0.7726600766
5.9873390198,-0.1053766385,0.1612235755,-0.0340402387,0.6787603498,-0.0390443541,0.7248563170
5.9973449707,-0.0990807936,0.1670681685,-0.0553219579,0.7345972061,-0.0551705956,0.6633029580
6.0074949265,-0.0892993286,0.1535741538,-0.0607327484,0.7187846899,-0.0641792640,0.6240639687
6.0173649788,-0.0791692510,0.1176606864,-0.0624001883,0.6698521972,-0.0785912350,0.6082571149
6.0274400711,-0.0747720674,0.0894598812,-0.0627590045,0.6112906337,-0.0909280628,0.5935045481
6.0373120308,-0.0771589950,0.0748430938,-0.0617057942,0.5826153159,-0.1061706617,0.5861837864
6.0473041534,-0.0863308385,0.0700057596,-0.0501073264,0.5869773030,-0.1116080359,0.5713425279
6.0573401451,-0.0964284986,0.0808392614,-0.0414151214,0.6052269936,-0.1169655174,0.5543708801
6.0672879219,-0.1024817675,0.1025428027,-0.0305845980,0.6256979108,-0.1309013069,0.5310743451
6.0772972107,-0.1072211638,0.1292110533,-0.0205985550,0.6397565007,-0.1385935843,0.4928646088
6.0872888565,-0.1095007583,0.1412770599,-0.0143304709,0.6430902481,-0.1389128864,0.4524934888
6.0973610878,-0.1121187881,0.1444682926,-0.0082397703,0.5846365094,-0.1379368454,0.3696619868
6.1072950363,-0.1187303737,0.1657764167,-0.0023939258,0.4258660674,-0.1231448501,0.2432523966
6.1173520088,-0.1017894223,0.2022184581,-0.0116592292,0.2673216760,-0.1424077600,0.1340619922
6.1272811890,-0.0807676688,0.2166364044,-0.0242349152,0.1118450016,-0.1539741307,0.0471294895
6.1379232407,-0.0658053830,0.2256427258,-0.0380490683,0.0141277639,-0.1894602180,-0.0141897919
6.1475000381,-0.0608155243,0.2226590961,-0.0455442332,-0.0035252655,-0.2264443338,-0.0734315440
6.1576328278,-0.0766756609,0.2155934423,-0.0500529073,0.0533119179,-0.2382043153,-0.1254532039
6.1675271988,-0.0969641060,0.2028788179,-0.0440274142,0.1557975411,-0.2249039561,-0.1627947092
6.1772680283,-0.1043313071,0.1749950498,-0.0346869491,0.3060268760,-0.1853773296,-0.1759032011
6.1873350143,-0.1038022786,0.1300400347,-0.0219283346,0.4455355108,-0.1437204331,-0.1805203110
6.1974067688,-0.0925935805,0.0787902325,-0.0058291797,0.5882071853,-0.0977516025,-0.1830399334
6.2076349258,-0.0737141371,0.0251176823,0.0106375571,0.7160173655,-0.0667550713,-0.1737686694
6.2172708511,-0.0560116358,-0.0105995070,0.0144771691,0.8502864838,-0.0421272293,-0.1655245870
6.2272901535,-0.0375734307,-0.0243601929,0.0039052125,1.0091918707,-0.0300830826,-0.1508401781
6.2372398376,-0.0165728591,-0.0198624860,-0.0032300598,1.1799193621,-0.0317550153,-0.1265160739
6.2472438812,-0.0007603123,-0.0107925665,-0.0109172110,1.3262143135,-0.0537918769,-0.0861044601
6.2576699257,0.0089696394,-0.0108719599,-0.0116191749,1.4213174582,-0.0805204213,-0.0477502830
6.2674999237,0.0088556306,-0.0359817855,-0.0089298729,1.4181666374,-0.1036859304,-0.0040398198
6.2773847580,-0.0003126069,-0.0797081739,0.0027770158,1.2631880045,-0.0980674624,0.0438416861
6.2873840332,-0.0118097616,-0.1319605261,0.0132955071,0.9618963003,-0.0808234960,0.0832487494
6.2973771095,-0.0228419192,-0.1698726565,0.0194983836,0.5666500330,-0.0579706430,0.1131212935
6.3074369431,-0.0236885510,-0.1819592863,0.0199444052,0.1522683352,-0.0427882262,0.1388096064
6.3178157806,-0.0152278347,-0.1604012400,0.0128602143,-0.1989259273,-0.0496322848,0.1560964584
6.3275160789,-0.0070657460,-0.1136604697,0.0087858792,-0.4421630502,-0.0717208013,0.1680958569
6.3373680115,-0.0057737259,-0.0608403794,0.0030309909,-0.5625613928,-0.1004097089,0.1726181805
6.3473682404,-0.0092154322,-0.0151125323,0.0034335607,-0.5965321660,-0.1199834123,0.1642697006
6.3573513031,-0.0173197277,0.0246848334,0.0008496399,-0.5814919472,-0.1232593656,0.1419678628
6.3673667908,-0.0192309655,0.0577884205,-0.0024082905,-0.5472351313,-0.1211655885,0.1058090478
6.3778691292,-0.0167897977,0.0744304508,-0.0052588824,-0.5204068422,-0.1234250069,0.0675600618
6.3875231743,-0.0050566895,0.0726534575,-0.0097211245,-0.5031775236,-0.1268250793,0.0293239970
6.3976087570,0.0051648812,0.0542983301,-0.0130383018,-0.4977124929,-0.1313021034,0.0006641215
6.4075880051,0.0097769620,0.0339668281,-0.0134391431,-0.4933510423,-0.1325551271,-0.0248281900
6.4174818993,0.0086604254,0.0194953550,-0.0099236611,-0.4773501158,-0.1250852346,-0.0408240668
6.4274787903,0.0075668143,0.0129980315,-0.0021950847,-0.4304451644,-0.1120149642,-0.0547526665
6.4372377396,0.0035865202,0.0066495412,0.0001392121,-0.3612936437,-0.0847348720,-0.0517897643
6.4471621513,-0.0006165906,0.0064726942,0.0099012014,-0.2846729159,-0.0584366918,-0.0456394590
6.4571361542,-0.0040125949,0.0085157026,0.0183970686,-0.2112687379,-0.0321259946,-0.0352379531
6.4671568871,-0.0114689274,0.0107521880,0.0177209135,-0.1464364678,-0.0026581166,-0.0227256231
6.4771442413,-0.0202174149,0.0151890982,0.0223979708,-0.1030222923,0.0341472998,-0.0081228446
6.4872922897,-0.0253214352,0.0207299460,0.0205473062,-0.0745112896,0.0665497184,0.0054582106
6.4972949028,-0.0306986533,0.0351508148,0.0217820164,-0.0502002239,0.0935091600,0.0116422046
6.5073757172,-0.0352337770,0.0564581044,0.0172497984,-0.0343176648,0.1096548438,0.0104640219
6.5172872543,-0.0377387367,0.0827000588,0.0070227142,-0.0075983042,0.1118625998,-0.0055046915
6.5272789001,-0.0409596525,0.1041193455,-0.0077197794,0.0448241569,0.1067242995,-0.0288805868
6.5374689102,-0.0458527915,0.1198301166,-0.0200034026,0.1005602553,0.0856333971,-0.0457806103
6.5473251343,-0.0513326637,0.1201050133,-0.0335462950,0.1755071878,0.0657425150,-0.0648270026
6.5572853088,-0.0544867925,0.0991896838,-0.0384364985,0.2450758964,0.0501017682,-0.0817716345
6.5673041344,-0.0535642616,0.0658767670,-0.0338654779,0.2995988131,0.0429783426,-0.0892002508
6.5772752762,-0.0515920781,0.0288439859,-0.0268658046,0.3422698081,0.0444177836,-0.0849919245
6.5872602463,-0.0439242534,-0.0041420585,-0.0225472692,0.3538732231,0.0542810671,-0.0670033395
6.5972900391,-0.0336439423,-0.0282408129,-0.0142573956,0.3622983694,0.0598734394,-0.0457984544
6.6074900627,-0.0255416296,-0.0454562418,-0.0050211791,0.3643956184,0.0558051951,-0.0234633200
6.6173791885,-0.0177260749,-0.0499904864,0.0021716710,0.3514956832,0.0580377206,-0.0000936808
6.6273660660,-0.0179998614,-0.0409333222,0.0109917875,0.3258174658,0.0590441301,0.0158535950
6.6372737885,-0.0184088685,-0.0281053316,0.0174967404,0.2638325393,0.0629453883,0.0275551248
6.6472368240,-0.0227606557,-0.0146120917,0.0155011769,0.1943956763,0.0688301772,0.0286278464
6.6572332382,-0.0261086486,-0.0024056563,0.0021093842,0.1174271181,0.0831819549,0.0275295582
6.6672911644,-0.0274400450,0.0008126369,-0.0117943529,0.0705019534,0.0795762986,0.0233361442
6.6784138680,-0.0268244185,0.0020038357,-0.0220219139,0.0545237884,0.0751844794,0.0244392250
6.6874089241,-0.0263425000,0.0149381030,-0.0283864979,0.0748008341,0.0753503963,0.0254863799
6.6972150803,-0.0248405822,0.0221404303,-0.0324760936,0.1164147183,0.0798910856,0.0179875847
6.7073531151,-0.0223299228,0.0266076196,-0.0293410067,0.1591278315,0.0801760480,0.0126439519
6.7174558640,-0.0177456774,0.0224589575,-0.0228522662,0.2030437589,0.0654759333,0.0042114519
6.7272391319,-0.0129588423,0.0125621427,-0.0179690961,0.2213071734,0.0517137796,0.0032255498
6.7371902466,-0.0139357476,-0.0012597570,-0.0159563664,0.2202990353,0.0442289636,0.0032725548
6.7472667694,-0.0168628655,-0.0150926244,-0.0081682447,0.1946730316,0.0430073701,0.0086103287
6.7571191788,-0.0189307891,-0.0212339293,-0.0016854649,0.1487399042,0.0437908731,0.0171377696
6.7671871185,-0.0211921521,-0.0226731431,0.0023534650,0.0984303877,0.0573687330,0.0255839862
6.7772040367,-0.0225310288,-0.0184738170,-0.0038202053,0.0631493703,0.0635193065,0.0266303420
6.7872519493,-0.0209844969,-0.0104240905,-0.0131050590,0.0652649850,0.0646317080,0.0298088249
6.7971081734,-0.0205441229,0.0026090017,-0.0153819565,0.1015799791,0.0617139488,0.0308654308
6.8071689606,-0.0210741647,0.0119423736,-0.0142911319,0.1634995490,0.0600734428,0.0329576135
6.8171701431,-0.0205572359,0.0166446436,-0.0135536436,0.2179826349,0.0572385080,0.0276282281
6.8271551132,-0.0180023722,0.0147331823,-0.0074229483,0.2628481090,0.0554025248,0.0222968459
6.8373188972,-0.0134353442,0.0080819596,-0.0019868258,0.2777878940,0.0544808023,0.0254774597
6.8484449387,-0.0098925335,0.0014213196,0.0014733429,0.2670755982,0.0565900244,0.0318456106
6.8582491875,-0.0073224632,-0.0053212172,0.0018467064,0.2457529902,0.0521761030,0.0350768231
6.8673710823,-0.0038473189,-0.0082491767,0.0048753377,0.2073427588,0.0486998782,0.0383133627
6.8789052963,-0.0061667664,-0.0104215872,-0.0022081977,0.1817391366,0.0463738739,0.0394084528
6.8872561455,-0.0095514385,-0.0068335063,-0.0056982283,0.1518502086,0.0471933261,0.0372992307
6.8972167969,-0.0089807687,-0.0023500451,-0.0122979525,0.1369370371,0.0428145602,0.0383991152
6.9069747925,-0.0094292713,-0.0008226165,-0.0160773639,0.1315702349,0.0459885150,0.0394446738
6.9169840813,-0.0088669835,-0.0012437233,-0.0188383702,0.1433655024,0.0417562202,0.0341533720
6.9270210266,-0.0073047681,-0.0006196031,-0.0185413603,0.1540708840,0.0396651067,0.0299098901
6.9369540215,-0.0057413755,0.0029852262,-0.0152808074,0.1509102583,0.0374400355,0.0224895254
6.9469399452,-0.0031362132,0.0006937853,-0.0091495160,0.1264443249,0.0286641195,0.0183139537
6.9569330215,-0.0013986855,-0.0075663454,-0.0071088318,0.1029243469,0.0317169018,0.0214972310
6.9670090675,-0.0016203552,-0.0130158793,-0.0052904133,0.0805370137,0.0293789133,0.0183408521
6.9769411087,-0.0028604597,-0.0058894879,-0.0066911224,0.0538951531,0.0248776376,0.0162647869
6.9870862961,-0.0059824092,-0.0008351334,-0.0102290753,0.0389585420,0.0247439463,0.0141513012
6.9970979691,-0.0080644814,-0.0016644129,-0.0118557457,0.0325967856,0.0224919766,0.0067343977
7.0071287155,-0.0091249151,-0.0005526075,-0.0154815558,0.0251583103,0.0192098971,0.0046360930
7.0171279907,-0.0091761379,0.0014962426,-0.0172254685,0.0230806451,0.0138148665,0.0004223066
7.0270853043,-0.0101506812,-0.0023371109,-0.0189818982,0.0166973136,0.0116188237,-0.0006213861
7.0374622345,-0.0120814247,-0.0042232401,-0.0188072566,0.0178039912,0.0073417863,-0.0016561575
7.0472149849,-0.0111270649,-0.0060666329,-0.0137408022,0.0135221602,0.0083865449,-0.0005975510
7.0570611954,-0.0150521947,-0.0060273535,-0.0117019061,0.0071259132,0.0072696153,-0.0005864988
7.0679888725,-0.0150455562,-0.0030635723,-0.0116377119,0.0028579310,0.0082781548,-0.0037772320
7.0778450966,-0.0150215058,0.0018163195,-0.0126022343,0.0007770704,0.0018468865,-0.0037328904
7.0872802734,-0.0149721159,0.0008797518,-0.0115431789,0.0060807560,0.0051124543,-0.0016329880
7.0980882645,-0.0178726502,-0.0000472197,-0.0084810499,0.0114630042,-0.0012394506,0.0005286997
7.1072311401,-0.0188369639,-0.0019090304,-0.0053846482,0.0103553962,0.0019946920,0.0047580660
7.1171650887,-0.0198019482,-0.0067346818,-0.0052195434,0.0081742667,0.0073287371,0.0057884431
7.1271281242,-0.0198625140,-0.0037362108,-0.0041236524,0.0113729900,0.0073625599,0.0068483814
7.1368861198,-0.0180129521,-0.0006883868,-0.0029759055,0.0188022777,0.0117141642,0.0089393612
7.1469440460,-0.0171017312,-0.0015555152,-0.0027492887,0.0241533667,0.0096270451,0.0100115500
7.1568641663,-0.0142843528,-0.0004033574,-0.0033952838,0.0379983410,0.0129522681,0.0110413954
7.1670722961,-0.0133946119,0.0027040711,-0.0049931649,0.0327018462,0.0075764116,0.0121423462
7.1772222519,-0.0144383041,-0.0010670552,-0.0056762937,0.0294716991,0.0107610188,0.0121223722
7.1872539520,-0.0125322668,-0.0038643011,-0.0112492088,0.0156008918,0.0095940223,0.0132020181
7.1970310211,-0.0126314713,-0.0038051733,-0.0111517552,0.0027978774,0.0094813704,0.0121515337
7.2069997787,-0.0107212989,-0.0037796625,-0.0140286926,0.0017390046,0.0104965670,0.0068337335
7.2170071602,-0.0098067848,0.0001346341,-0.0140358452,-0.0014452040,0.0083314171,0.0057845814
7.2270002365,-0.0068773730,0.0001630655,-0.0140097383,-0.0003181538,0.0019092043,0.0037006577
7.2370290756,-0.0078305928,-0.0008080730,-0.0149396900,0.0061021945,0.0008735012,0.0026441817
7.2469310760,-0.0107480390,-0.0008100399,-0.0149057750,0.0050347997,0.0008652452,0.0026449808
7.2570080757,-0.0117183132,-0.0017479786,-0.0128684882,0.0082068909,0.0041057803,0.0036838800
7.2669830322,-0.0117373122,-0.0036191472,-0.0078618173,0.0071376315,0.0051481407,0.0015530847
7.2770767212,-0.0117604835,-0.0006377229,-0.0058440808,0.0028743101,0.0050962097,-0.0016348521
7.2869892120,-0.0088218404,0.0003582707,-0.0058126096,-0.0088441307,0.0018082708,-0.0005429562
7.2969732285,-0.0077716662,0.0012838712,-0.0126797799,-0.0087762214,-0.0067324867,0.0016416349
7.3070678711,-0.0115659414,-0.0016995796,-0.0175803546,-0.0066166632,-0.0109637175,0.0048547387
7.3177399635,-0.0135069368,-0.0055943853,-0.0146272425,-0.0013069864,-0.0098060407,0.0101542966
7.3272132874,-0.0174030028,-0.0085218083,-0.0135975126,-0.0002574343,-0.0055681528,0.0048141256
7.3395991325,-0.0165184475,-0.0016537437,-0.0068213586,-0.0152153438,-0.0045995610,0.0069443877
7.3470878601,-0.0126337958,-0.0045847422,-0.0039373282,-0.0162931271,-0.0045806523,0.0101321917
7.3570790291,-0.0097304760,-0.0036283860,-0.0030567890,-0.0162586384,-0.0078094695,0.0069636963
7.3667950630,-0.0077973483,-0.0017000565,-0.0011863356,-0.0077125533,-0.0077615324,0.0048326347
7.3773040771,-0.0087525798,-0.0007119307,-0.0001790767,0.0018861443,-0.0066203675,0.0048194518
7.3870768547,-0.0097362725,0.0022836796,0.0028719660,0.0147175202,-0.0076262434,0.0005674490
7.3968281746,-0.0126642464,0.0043416494,0.0060039517,0.0221112557,0.0010031974,0.0036961304
7.4068021774,-0.0136209829,0.0034904948,0.0063049551,0.0316738673,0.0064211320,0.0036543191
7.4167819023,-0.0165217333,0.0026372543,0.0007701869,0.0423178561,0.0097170603,0.0036219612
7.4269170761,-0.0175233744,0.0018421880,-0.0027014855,0.0508008227,0.0162045211,0.0046363594
7.4369659424,-0.0175808184,-0.0008650550,-0.0051365737,0.0561041087,0.0205177758,0.0046061324
7.4469180107,-0.0186333992,0.0003416410,-0.0085684899,0.0571097210,0.0300992988,-0.0007686591
7.4568991661,-0.0167314075,0.0015159121,-0.0149405245,0.0539280400,0.0289738476,-0.0050108084
7.4669079781,-0.0138205169,0.0027060381,-0.0193665270,0.0561120994,0.0225870535,-0.0039085262
7.4769358635,-0.0138315810,0.0000132195,-0.0179144386,0.0561298057,0.0194045752,-0.0006990175
7.4868869781,-0.0128692267,-0.0036596188,-0.0115854982,0.0486966595,0.0150628239,-0.0017280630
7.4969048500,-0.0128894923,-0.0034829506,-0.0102426056,0.0401329994,0.0171523392,0.0003891501
7.5068902969,-0.0129286973,-0.0014085302,-0.0109859351,0.0188487489,0.0063633416,0.0079107154
7.5168871880,-0.0129129617,-0.0091521274,-0.0098790769,0.0006938465,0.0072925184,0.0079169748
7.5268840790,-0.0129666803,-0.0111279022,-0.0099309925,-0.0174691789,0.0071974434,0.0132422308
7.5368781090,-0.0101572825,-0.0121477377,-0.0081326012,-0.0281581730,0.0082003903,0.0153686330
7.5468831062,-0.0083678095,-0.0073328144,-0.0073648337,-0.0270907804,0.0082086455,0.0153678339
7.5568699837,-0.0095162643,-0.0005524883,-0.0056067351,-0.0185353737,0.0071867909,0.0132442284
7.5668501854,-0.0096572889,0.0033298007,-0.0047277454,-0.0068363734,0.0136628002,0.0100068897
7.5768709183,-0.0077926768,0.0043446892,-0.0056768302,0.0049338657,0.0126318904,0.0036303503
7.5868601799,-0.0058557717,0.0044091218,-0.0065114740,0.0156464316,0.0084304875,0.0025877226
7.5969238281,-0.0048922254,0.0015941730,-0.0062796716,0.0177681725,0.0095263785,0.0036407367
7.6068701744,-0.0029580698,-0.0012040266,-0.0031124598,0.0199519638,0.0052317642,-0.0005825041
7.6168479919,-0.0029434890,-0.0001225003,-0.0038637761,0.0199824572,0.0009683098,0.0005063294
7.6268420219,-0.0038657517,-0.0010240206,-0.0046544913,0.0168311391,-0.0044181999,-0.0015813226
7.6369080544,-0.0067086695,-0.0019626149,-0.0045053009,0.0115120066,-0.0055505754,-0.0036929431
7.6468582153,-0.0075834272,-0.0029056796,-0.0044055823,0.0093772169,-0.0055670873,-0.0036913452
7.6568431854,-0.0103984056,-0.0038893351,-0.0082413200,0.0093524493,-0.0034109922,-0.0015807902
7.6668682098,-0.0113314269,-0.0028814205,-0.0091077928,0.0125389211,-0.0022993889,0.0005345587
7.6768741608,-0.0123007176,-0.0037815699,-0.0099371914,0.0178965367,-0.0064954655,0.0048069349
7.6868271828,-0.0142498119,-0.0037154683,-0.0117063168,0.0221450776,-0.0043159341,0.0058522262
7.6968221664,-0.0142641319,-0.0065372712,-0.0105012897,0.0210597049,-0.0032306963,0.0090343039
7.7068209648,-0.0143500222,-0.0064212806,-0.0093340520,0.0178242307,-0.0000311746,0.0111405980
7.7168092728,-0.0144285513,-0.0063355095,-0.0082004908,0.0103515349,-0.0000849706,0.0122110555
7.7268352509,-0.0135771660,-0.0043203360,-0.0052001718,0.0007170169,0.0020053447,0.0153914019
7.7368078232,-0.0137185557,-0.0004013308,-0.0061969403,-0.0077825952,-0.0023486572,0.0132982917
7.7467951775,-0.0118759228,0.0034973493,-0.0062677506,-0.0141960196,0.0007627138,0.0079706367
7.7568597794,-0.0128849922,0.0063683861,-0.0092960838,-0.0088064466,-0.0045633418,0.0048125274
7.7667922974,-0.0109455017,0.0083352197,-0.0102602486,-0.0013698358,-0.0002306453,0.0047792383
7.7767877579,-0.0099406643,0.0083572138,-0.0082805399,-0.0024003470,-0.0024256227,-0.0005157918
7.7867832184,-0.0079003302,0.0073895925,-0.0101788882,-0.0002447842,-0.0024634397,-0.0068913996
7.7968440056,-0.0097021414,0.0034795275,-0.0120625142,-0.0002330663,-0.0056318026,-0.0026220861
7.8067588806,-0.0115249408,-0.0014327893,-0.0139894132,0.0008343281,-0.0056235464,-0.0026228852
7.8167572021,-0.0143472580,-0.0053432710,-0.0100656990,-0.0013364134,-0.0003166653,-0.0047795130
7.8267631531,-0.0132922633,-0.0043661124,-0.0081163887,-0.0045228861,-0.0014282688,-0.0068948613
7.8368272781,-0.0103067858,0.0005460253,-0.0051875357,-0.0002505099,-0.0014029688,-0.0079610581
7.8467559814,-0.0082530258,-0.0004030594,-0.0031453616,0.0072670612,-0.0077394275,-0.0058004353
7.8567609787,-0.0081186248,-0.0003633627,-0.0049812440,0.0115271872,-0.0076832352,-0.0036814916
7.8667469025,-0.0099930642,-0.0042127497,-0.0009380822,0.0114763211,-0.0023214931,-0.0015914426
7.8783397675,-0.0118791340,-0.0080753099,-0.0008043890,0.0093251523,-0.0012498371,0.0005272350
7.8870401382,-0.0118629662,-0.0089745652,0.0012978668,0.0071853022,-0.0022988564,0.0047850967
7.8967480659,-0.0109268902,-0.0069702393,0.0013976450,0.0060665081,0.0030578258,0.0079412088
7.9067149162,-0.0110149486,-0.0020275840,-0.0004774575,0.0092899986,-0.0011560939,0.0122158490
7.9167919159,-0.0110991849,0.0009486547,-0.0023365263,0.0092749512,0.0020210575,0.0090090036
7.9267401695,-0.0101631312,0.0029483906,-0.0061298851,0.0135304164,0.0041824789,0.0079296250
7.9372100830,-0.0082370592,0.0040029758,-0.0089044217,0.0178378131,0.0020247858,0.0015657349
7.9473781586,-0.0062582595,0.0050621503,-0.0116392616,0.0189613998,-0.0043883724,0.0005441462
7.9569401741,-0.0071515096,0.0041597956,-0.0143825654,0.0211107060,-0.0044094110,-0.0037061255
7.9669518471,-0.0080042211,0.0012985340,-0.0161194447,0.0189916268,-0.0055127591,-0.0058222734
7.9766740799,-0.0127490489,-0.0045363433,-0.0130644087,0.0093970578,-0.0077111982,-0.0047410298
7.9866881371,-0.0136275617,-0.0103854071,-0.0100954417,-0.0098509379,-0.0056770761,0.0005711773
7.9968729019,-0.0135869412,-0.0123907458,-0.0072947387,-0.0237497091,-0.0036325674,0.0026942492
8.0069513321,-0.0106949983,-0.0095446836,-0.0055616144,-0.0354662873,-0.0079711229,0.0059177396
8.0166873932,-0.0068413047,-0.0047740466,-0.0048689488,-0.0343580171,-0.0143451327,0.0091440259
8.0266819000,-0.0078326864,0.0009552708,-0.0080473665,-0.0225956310,-0.0164008271,0.0080867512
8.0367202759,-0.0088153211,0.0057988041,-0.0071720723,-0.0076528983,-0.0152388895,0.0048792395
8.0466823578,-0.0087867780,0.0077794068,-0.0042000655,0.0019288883,-0.0109168459,0.0016573472
8.0565567017,-0.0087132854,0.0078375209,-0.0021369106,0.0093741547,-0.0055609625,-0.0036944079
8.0666580200,-0.0105366660,0.0049581998,-0.0019675139,0.0125848614,-0.0045127422,-0.0090154037
8.0766382217,-0.0094103245,0.0021076074,-0.0008045082,0.0168445874,-0.0023619733,-0.0111563187
8.0866603851,-0.0072801365,-0.0007400641,-0.0025150422,0.0211141668,-0.0023289500,-0.0111595150
8.0966482162,-0.0100610955,-0.0055580265,-0.0013424997,0.0168350004,-0.0023364066,-0.0079685152
8.1066493988,-0.0109675853,-0.0064686663,-0.0002088194,0.0125534367,-0.0033838279,-0.0015843854
8.1167907715,-0.0119094430,-0.0054643876,-0.0049805883,0.0125174830,-0.0001520819,0.0015826460
8.1268844604,-0.0129165826,-0.0034731755,-0.0048892144,0.0114378370,0.0009174435,0.0026388557
8.1366329193,-0.0129727228,-0.0014618167,-0.0018925910,0.0071347021,0.0051561305,0.0026159524
8.1466302872,-0.0110363467,-0.0004556903,-0.0028291587,-0.0003194856,0.0029608868,0.0026353933
8.1566991806,-0.0080760224,-0.0024117359,-0.0057341699,-0.0013883458,0.0040024491,0.0005049976
8.1666336060,-0.0080893366,-0.0004589089,-0.0067262296,-0.0013619801,0.0007962694,0.0005257702
8.1768712997,-0.0090730144,0.0034500232,-0.0057525877,0.0018552514,-0.0002644677,-0.0015950379
8.1867198944,-0.0090206591,0.0034505597,-0.0066968445,0.0040038899,-0.0002841749,-0.0058459756
8.1966123581,-0.0099032996,0.0024914613,-0.0066383723,0.0061484003,-0.0002934958,-0.0090352446
8.2066850662,-0.0088302596,-0.0013726482,-0.0045759324,0.0061100507,0.0018982857,-0.0026750830
8.2168283463,-0.0087687923,-0.0023192891,-0.0035363680,0.0029002763,0.0029377171,-0.0037442087
8.2266407013,-0.0096777705,-0.0033133754,-0.0064438824,0.0018400718,0.0008191727,-0.0005425566
8.2366609573,-0.0096744327,-0.0013403425,-0.0054210071,0.0039430363,0.0040570442,0.0015612075
8.2466545105,-0.0106651066,0.0006375781,-0.0073210243,0.0103790974,-0.0001592727,0.0026464455
8.2568149567,-0.0106599582,0.0026599637,-0.0081523303,0.0167760104,0.0009563256,0.0026360592
8.2665843964,-0.0126389740,0.0017512313,-0.0080023054,0.0167533737,0.0020612709,0.0068784752
8.2765865326,-0.0126612289,-0.0001167187,-0.0058997516,0.0103531322,0.0030482386,0.0036918693
8.2866649628,-0.0116936816,-0.0020291933,-0.0048260335,0.0028813677,0.0029904481,0.0036974619
8.2970113754,-0.0088059856,-0.0029497871,-0.0047544483,0.0007214108,0.0051287003,0.0047434187
8.3068323135,-0.0097898049,-0.0049039251,-0.0057119969,-0.0024666591,0.0029755344,0.0058219992
8.3166418076,-0.0088692261,-0.0048894412,-0.0057295207,-0.0046015810,0.0029592889,0.0058234641
8.3265666962,-0.0079542277,-0.0029443034,-0.0057589654,-0.0078037661,0.0029345218,0.0058258604
8.3366203308,-0.0089548184,-0.0000486502,-0.0077688936,-0.0035347203,0.0040154988,0.0036924020
8.3465461731,-0.0079763709,-0.0000334510,-0.0067918543,-0.0013349494,-0.0034581302,0.0026769387
8.3566589355,-0.0070214523,0.0029154292,-0.0077262167,0.0018536542,-0.0033998070,0.0058583505
8.3665304184,-0.0070190160,0.0000313393,-0.0047219042,0.0050417241,-0.0012466414,0.0047797705
8.3765792847,-0.0089515699,-0.0028786191,-0.0027262811,-0.0002760766,-0.0023816805,0.0026694820
8.3865394592,-0.0079786135,-0.0028483400,-0.0007386451,-0.0002638260,-0.0034594620,0.0016140710
8.3965263367,-0.0069948686,-0.0008767971,-0.0006942992,0.0018588472,-0.0013206772,-0.0005275097
8.4065237045,-0.0089447750,0.0020432344,-0.0026294831,0.0050541079,-0.0012778003,0.0015947630
8.4167299271,-0.0089364229,0.0020792952,-0.0025526530,0.0082479026,-0.0001851053,0.0015858419
8.4271087646,-0.0118395565,0.0011077395,-0.0044484381,0.0039397073,0.0040658326,0.0026236756
8.4393024445,-0.0118306084,-0.0027596483,-0.0024329070,-0.0003172224,0.0029542288,0.0015718602
8.4468059540,-0.0088995649,-0.0017632970,-0.0033844358,-0.0002716826,-0.0013478415,-0.0015874481
8.4582157135,-0.0078946529,-0.0017755756,-0.0043633822,-0.0045565749,0.0007520611,-0.0015958368
8.4665908813,-0.0088371588,0.0001413098,-0.0073421244,-0.0066684624,-0.0024615754,-0.0005111312
8.4762172699,-0.0088071926,0.0020805469,-0.0083499197,-0.0002638251,-0.0024147036,-0.0015814558
8.4861516953,-0.0097487820,0.0011164418,-0.0053846482,0.0039618127,0.0029619520,-0.0016192727
8.4961738586,-0.0107025905,0.0011186472,-0.0092363600,0.0093200924,-0.0012354560,0.0026537690
8.5065641403,-0.0097116483,0.0002060405,-0.0081395749,0.0082297940,0.0019534130,0.0015714604
8.5163679123,-0.0106559498,-0.0017109641,-0.0061068777,0.0050293398,0.0019251837,0.0015755887
8.5263290405,-0.0067481427,-0.0016374120,-0.0050377492,0.0061300243,-0.0012908498,-0.0005291076
8.5362901688,-0.0057512028,-0.0025804767,-0.0039711241,0.0071936911,-0.0012730066,0.0005321619
8.5463342667,-0.0057474179,-0.0005908736,-0.0048669819,0.0061140456,-0.0002034812,0.0015883716
8.5565605164,-0.0067162989,0.0014026037,-0.0038155562,0.0093326094,-0.0023137699,0.0015986247
8.5672969818,-0.0085927648,-0.0024882087,-0.0047199968,0.0050401264,0.0008503317,0.0005187129
8.5767002106,-0.0075777574,-0.0044109351,-0.0046355966,0.0040048226,-0.0044714632,0.0037396732
8.5865201950,-0.0066078929,-0.0024263391,-0.0055449251,0.0040170727,-0.0055492446,0.0026842626
8.5963726044,-0.0066142408,-0.0014034638,-0.0045171026,0.0050662248,-0.0034000734,0.0037347465
8.6062917709,-0.0075680194,-0.0013857612,-0.0054234508,0.0082859863,-0.0055127591,0.0037461980
8.6163530350,-0.0066091819,-0.0003674158,-0.0053378586,0.0072301766,-0.0076443530,0.0048206504
8.6262826920,-0.0065981774,-0.0003325471,-0.0081652645,0.0114928326,-0.0075932206,0.0069421241
8.6365633011,-0.0085494323,-0.0022500881,-0.0080639962,0.0093500521,-0.0054957150,0.0048078671
8.6465702057,-0.0095356358,-0.0002657899,-0.0060754661,0.0029262416,-0.0023571795,0.0026672184
8.6563043594,-0.0066448404,0.0027026406,-0.0050648693,-0.0013360148,-0.0024091110,0.0005461436
8.6668643951,-0.0075511588,0.0026854149,-0.0060301069,0.0008477774,-0.0067037246,-0.0036770971
8.6765365601,-0.0055173365,0.0007475486,-0.0079496745,-0.0023703864,-0.0056411233,-0.0015572211
8.6865377426,-0.0054255826,-0.0021857747,-0.0069482569,-0.0023528095,-0.0077785766,-0.0015433725
8.6963243484,-0.0093018068,-0.0002532133,-0.0050198678,-0.0013156412,-0.0045542875,-0.0005030087
8.7062568665,-0.0102219982,-0.0012331137,-0.0049991254,0.0040021585,-0.0034171175,0.0026730769
8.7163000107,-0.0102184219,-0.0011984238,-0.0030004627,-0.0002706163,-0.0023968606,0.0005433473
8.7262306213,-0.0121368049,-0.0002280005,-0.0020107275,0.0018500593,-0.0002519507,-0.0005344341
8.7362813950,-0.0121220304,-0.0002108940,-0.0039245728,0.0028936183,0.0029574248,-0.0005534757
8.7462339401,-0.0101463897,-0.0001704225,-0.0038510207,0.0050635617,-0.0013009696,-0.0005273768
8.7567548752,-0.0101335747,-0.0001462826,-0.0037977342,0.0018214295,0.0029608870,0.0005083266
8.7662620544,-0.0111212907,-0.0020803341,-0.0008319860,0.0007505724,0.0029616861,0.0015714606
8.7763910294,-0.0111356257,-0.0001329311,-0.0027695540,0.0018308843,0.0008439401,0.0026456465
8.7863836288,-0.0101662455,0.0008633009,-0.0056606773,0.0029211827,-0.0023449289,0.0037279550
8.7964057922,-0.0082452325,0.0028591028,-0.0056087617,0.0071621323,0.0009009319,0.0047675204
8.8064155579,-0.0092224507,0.0028790107,-0.0065324549,0.0082471045,-0.0012282653,0.0047805696
8.8163671494,-0.0092257066,0.0019462577,-0.0064280871,0.0071773124,-0.0001848389,0.0026492418
8.8263912201,-0.0092187477,-0.0019126066,-0.0043957476,0.0039716656,-0.0002005517,0.0037139736
8.8363523483,-0.0082353158,-0.0057904250,-0.0014107471,-0.0002941862,-0.0002431623,0.0026551005
8.8463497162,-0.0072961999,-0.0038081536,-0.0023650173,0.0007716110,-0.0012764687,0.0058482313
8.8563880920,-0.0043775467,-0.0028077492,-0.0013544803,0.0008049002,-0.0045007579,0.0037443335
8.8664274216,-0.0043661250,-0.0008654126,-0.0042870287,-0.0013317531,-0.0034666525,0.0016143373
8.8763427734,-0.0033412233,0.0020862094,-0.0042556170,0.0029719155,-0.0056147585,-0.0036874837
8.8863344193,-0.0062031029,0.0059723728,-0.0061787013,0.0093709584,-0.0045055514,-0.0047615366
8.8963308334,-0.0071115894,0.0069885128,-0.0080151800,0.0147040710,-0.0054991767,-0.0005080688
8.9063358307,-0.0099533079,0.0050927275,-0.0078608040,0.0200548954,-0.0054941168,-0.0047614034
8.9163913727,-0.0098508922,0.0002741090,-0.0067018513,0.0136318831,-0.0034019374,-0.0037057260
8.9263191223,-0.0117036430,-0.0055462248,-0.0056146029,0.0061039259,0.0029616859,-0.0026793438
8.9364013672,-0.0107044829,-0.0064767725,-0.0006742125,0.0018532537,0.0007864158,-0.0037267650
8.9463167191,-0.0107240779,-0.0045047528,0.0012739653,0.0007387213,0.0040386682,0.0026272708
8.9563741684,-0.0088164685,-0.0025614032,0.0012608523,-0.0067249211,0.0029134825,0.0026391218
8.9663000107,-0.0097940667,-0.0035720596,-0.0017315989,-0.0056609875,0.0029307930,0.0037006577
8.9762992859,-0.0088632507,-0.0035899410,-0.0027423147,-0.0056841569,0.0050836927,0.0058128112
8.9863023758,-0.0089215292,-0.0006803998,-0.0037874228,-0.0088828793,0.0050498703,0.0047528730
8.9963245392,-0.0069856076,-0.0016823539,-0.0057865623,-0.0088642370,0.0029081565,0.0037019893
9.0062847137,-0.0060338108,-0.0036458501,-0.0058350805,-0.0088570472,0.0007978675,0.0069028428
9.0163030624,-0.0070737554,-0.0007494219,-0.0078537110,-0.0056443438,-0.0002495539,0.0069091008
9.0262775421,-0.0090813441,0.0011690131,-0.0079038385,-0.0013923403,0.0019209224,0.0068920567
9.0362749100,-0.0101189418,0.0031444302,-0.0059644226,-0.0003385274,0.0030096227,0.0079453373
9.0462961197,-0.0091768010,0.0002245179,-0.0049661044,-0.0003632950,0.0072573647,0.0047306353
9.0562763214,-0.0082421927,-0.0017048845,-0.0039533023,-0.0014233664,0.0072302008,0.0026071642
9.0662593842,-0.0063571064,0.0002584926,-0.0039783958,-0.0046359366,0.0072325971,0.0057965657
9.0764350891,-0.0083429618,0.0002432338,-0.0049836282,-0.0003443863,0.0051172487,0.0047458154
9.0861654282,-0.0093855066,0.0002690426,-0.0020149592,0.0028577987,0.0051420154,0.0047434187
9.0962924957,-0.0104241772,0.0012838116,-0.0029453880,0.0081985015,0.0030799301,0.0079368148
9.1062469482,-0.0085529787,0.0032975546,-0.0028349406,0.0124891205,0.0009664458,0.0068851328
9.1163120270,-0.0105268238,0.0013974777,-0.0046620015,0.0135401376,0.0031118880,0.0079374807
9.1262054443,-0.0105708716,-0.0014684924,-0.0035558587,0.0103326263,0.0041467929,0.0068706181
9.1362600327,-0.0096214144,-0.0043376810,-0.0015377646,-0.0003073681,0.0008364832,0.0037095796
9.1462287903,-0.0086823730,-0.0023867616,-0.0025251750,-0.0056283632,-0.0023838112,0.0069213519
9.1562614441,-0.0077551184,-0.0014314183,-0.0016018396,-0.0099004740,-0.0024096437,0.0079878140
9.1664876938,-0.0058198003,-0.0014477500,-0.0016563182,-0.0088226935,-0.0024285521,0.0048000105
9.1784448624,-0.0058201952,-0.0004968771,-0.0026858693,-0.0055956068,-0.0056070350,0.0048169214
9.1867446899,-0.0058483137,0.0014480224,-0.0017450099,-0.0024163248,-0.0023851427,0.0037314172
9.1963596344,-0.0058773113,0.0004838577,-0.0017125254,0.0018322151,-0.0012503696,0.0079722349
9.2065677643,-0.0049468381,0.0005390516,0.0002828593,0.0029065339,-0.0012602233,0.0058467663
9.2172479630,-0.0078888265,0.0005532971,0.0003520007,0.0103707090,-0.0001361032,0.0058354479
9.2290201187,-0.0069329096,0.0025498143,-0.0034548885,0.0125124231,-0.0001377009,0.0037091803
9.2364931107,-0.0069384156,0.0006728640,-0.0023437981,0.0103655159,0.0009233023,0.0047663217
9.2480239868,-0.0069436682,-0.0002797970,-0.0051989201,0.0039715325,0.0008466032,0.0015841105
9.2562599182,-0.0049555330,-0.0032024512,-0.0071056727,-0.0002901908,-0.0002532823,0.0015932983
9.2660255432,-0.0059273792,-0.0022502670,-0.0090913419,-0.0045158295,-0.0056299381,0.0016311156
9.2760858536,-0.0058972938,-0.0013016590,-0.0081639532,-0.0108938338,-0.0088856528,0.0016566818
9.2860231400,-0.0078352941,-0.0003829130,-0.0082581285,-0.0109130079,-0.0077897618,0.0048367623
9.2963256836,-0.0087866364,-0.0004164108,-0.0083351377,-0.0066526150,-0.0056424551,0.0016307158
9.3060102463,-0.0068205176,0.0005795828,-0.0025023464,-0.0076901829,-0.0088659450,0.0005899526
9.3160610199,-0.0087561561,-0.0023789534,0.0003731007,-0.0077413162,-0.0035036705,0.0026797350
9.3259906769,-0.0077671213,-0.0004584321,-0.0006628280,-0.0087807467,-0.0056765433,-0.0004926224
9.3360614777,-0.0077570630,0.0004975072,-0.0007025247,-0.0077865906,0.0018447561,0.0037095794
9.3459997177,-0.0068202419,0.0014762154,0.0002715940,-0.0003041727,-0.0002167968,0.0058425055
9.3563976288,-0.0068421839,0.0034497252,-0.0016612058,0.0039686034,-0.0001944264,0.0037109109
9.3662643433,-0.0088052405,0.0024888983,-0.0016151910,0.0050447867,-0.0012548970,0.0037170362
9.3762645721,-0.0088065071,0.0005529991,-0.0034951214,0.0028942833,-0.0001824419,0.0069021764
9.3859767914,-0.0088421507,-0.0013803372,-0.0044300798,0.0017970614,0.0030245364,0.0079445373
9.3960103989,-0.0098652346,-0.0023648271,-0.0054239277,-0.0013824869,-0.0001968232,0.0090297759
9.4059696198,-0.0079837097,-0.0023477206,-0.0054248217,-0.0056520663,-0.0002298465,0.0090329722
9.4194107056,-0.0070679812,-0.0033101568,-0.0054331664,-0.0045717545,-0.0023475920,0.0101071587
9.4262428284,-0.0061542867,-0.0033082494,-0.0035057312,-0.0056410134,-0.0013052307,0.0079763634
9.4359483719,-0.0042683063,-0.0003844031,-0.0035592562,-0.0077662161,-0.0013451782,0.0058559538
9.4459486008,-0.0052568121,0.0015134683,-0.0046364311,-0.0120288720,-0.0013963110,0.0037344801
9.4559450150,-0.0042937724,0.0014723411,-0.0047208313,-0.0077586258,-0.0013667499,0.0026661528
9.4662361145,-0.0062400652,0.0024179688,-0.0057471041,-0.0034855846,-0.0013427815,0.0016006220
9.4761209488,-0.0072439788,0.0033917299,-0.0038140065,-0.0013337508,-0.0045074159,0.0048078671
9.4860935211,-0.0081973178,0.0014304391,-0.0047779921,-0.0013566539,-0.0013102908,0.0037247597
9.4963798523,-0.0052686958,-0.0004869231,-0.0047411565,-0.0013647759,-0.0002450263,0.0026527040
9.5061492920,-0.0052654548,-0.0014617571,-0.0056978706,-0.0034628147,-0.0034948820,-0.0005119303
9.5170431137,-0.0062028049,-0.0024637112,-0.0067039374,-0.0034562899,-0.0045569502,0.0005585274
9.5272064209,-0.0061802370,-0.0005291232,-0.0067312960,-0.0077170813,-0.0056587001,0.0005686474
9.5362358093,-0.0081241680,0.0013961068,-0.0038826710,-0.0066558123,-0.0045870440,0.0005635873
9.5459308624,-0.0100436090,0.0003790728,-0.0029484874,-0.0077266693,-0.0045862454,0.0016267211
9.5562067032,-0.0100041358,-0.0025854835,-0.0020216946,-0.0098557333,-0.0046184696,-0.0004975493
9.5661907196,-0.0090128211,-0.0016319880,-0.0011155849,-0.0098733092,-0.0024810163,-0.0005113976
9.5761795044,-0.0099908588,-0.0016710886,-0.0002350454,-0.0088467952,0.0018178581,0.0015859748
9.5858783722,-0.0090492321,0.0012372604,-0.0032141453,-0.0056286305,-0.0013363899,0.0047913557
9.5965223312,-0.0071396558,0.0031948558,-0.0041893963,-0.0013550567,-0.0023603754,0.0058560874
9.6099815369,-0.0081429137,0.0032113066,-0.0041671041,0.0007709451,-0.0012751372,0.0058475658
9.6219396591,-0.0071765287,-0.0006794462,-0.0051079635,0.0007369900,0.0029973721,0.0058210664
9.6279859543,-0.0072027473,-0.0006757507,-0.0060842875,-0.0024670586,0.0040232223,0.0036918693
9.6361694336,-0.0042989729,-0.0016284713,-0.0041215066,-0.0035080882,-0.0002381022,0.0058431709
9.6460781097,-0.0053382842,0.0003229848,-0.0031728989,-0.0024337685,-0.0002479558,0.0037177021
9.6558599472,-0.0072689606,0.0002972952,-0.0041528586,0.0028872266,0.0019275805,0.0037014568
9.6658773422,-0.0092818839,0.0022726527,-0.0012009387,0.0028978791,-0.0001917630,0.0058399751
9.6758337021,-0.0083237542,-0.0006287226,-0.0011680966,-0.0003525093,0.0051377551,0.0068692872
9.6859102249,-0.0083612753,-0.0006538758,-0.0021797065,-0.0088722287,0.0018836386,0.0090211211
9.6961107254,-0.0064697145,-0.0026307830,-0.0003251677,-0.0205951966,-0.0003462264,0.0090445559
9.7058248520,-0.0045580519,-0.0017164478,-0.0004921799,-0.0216346271,-0.0025190995,0.0058721998
9.7165613174,-0.0026356608,0.0001690856,-0.0016283636,-0.0205258206,-0.0068025277,0.0037737617
9.7266311646,-0.0035937086,0.0020332804,-0.0037431961,-0.0151590183,-0.0099764839,0.0027282045
9.7382621765,-0.0045383601,0.0039173239,-0.0057974104,-0.0055633839,-0.0077823047,0.0005822293
9.7465353012,-0.0045038192,0.0048905485,-0.0048451070,-0.0013238974,-0.0024418682,-0.0037049274
9.7558994293,-0.0053799627,0.0009820929,-0.0028616434,0.0007999744,-0.0003054801,-0.0058453102
9.7658176422,-0.0052920012,-0.0009727606,-0.0038059596,0.0007999744,-0.0003054801,-0.0058453102
9.7758150101,-0.0062167970,-0.0000185498,-0.0057430509,0.0029219808,-0.0002548799,-0.0015965027
9.7858133316,-0.0062118871,0.0019734970,-0.0047273282,0.0082661454,-0.0023238899,0.0016003558
9.7961025238,-0.0081653325,0.0010281077,-0.0026939753,0.0104282340,-0.0065623112,0.0037501927
9.8057947159,-0.0101133389,-0.0028478631,-0.0025922901,0.0039554210,0.0008873497,0.0058311867
9.8158035278,-0.0091842739,-0.0037846097,-0.0006333237,-0.0056608543,0.0008388802,0.0090260487
9.8257837296,-0.0092406375,-0.0028557905,-0.0016926174,-0.0131046567,-0.0013835279,0.0058584842
9.8357954025,-0.0053606508,-0.0028874406,-0.0037505871,-0.0205493905,-0.0046509602,0.0048197182
9.8458442688,-0.0063428832,-0.0010405907,-0.0058766250,-0.0194697436,-0.0057204859,0.0037635085
9.8560905457,-0.0063357307,-0.0010928640,-0.0040564779,-0.0141225150,-0.0046592159,-0.0015573542
9.8663730621,-0.0082796020,0.0008051267,-0.0022364501,-0.0099003399,0.0007264949,-0.0005328362
9.8776407242,-0.0092308177,0.0027117005,-0.0023091678,-0.0067012180,0.0007595180,0.0005275013
9.8892202377,-0.0092231287,0.0026761761,-0.0043019298,-0.0045752171,0.0018447561,0.0005189793
9.8959846497,-0.0072995154,0.0036775342,-0.0033259040,-0.0003363974,0.0040501198,0.0047519407
9.9057626724,-0.0063362224,-0.0002136358,-0.0013509040,-0.0024360335,-0.0002412980,0.0047812355
9.9157552719,-0.0063706441,-0.0021695027,-0.0013702159,-0.0024601351,0.0019134658,0.0068924562
9.9257507324,-0.0054054512,-0.0031585225,-0.0052672867,-0.0003165565,0.0008612508,0.0068977824
9.9357481003,-0.0044664918,-0.0011956820,-0.0072109941,-0.0002768757,-0.0044717295,0.0079939403
9.9457979202,-0.0064750416,0.0007608405,-0.0062377695,0.0018616430,-0.0065564518,0.0122555308
9.9560489655,-0.0084741218,0.0007804504,-0.0052489284,-0.0002844650,-0.0034053996,0.0079882145
9.9657974243,-0.0085088415,-0.0021321306,-0.0023098832,-0.0024368325,-0.0012844582,0.0079759639
9.9757575989,-0.0066176457,-0.0001977810,-0.0033229832,-0.0078019025,0.0029307932,0.0058277245
9.9857263565,-0.0056957705,-0.0002128014,-0.0034008867,-0.0109811844,-0.0002910991,0.0069132294
9.9959411621,-0.0037955150,-0.0002114305,-0.0015034323,-0.0067094741,-0.0002644674,0.0058463672
10.0060768127,-0.0048071919,0.0026793948,-0.0025496131,-0.0077611571,-0.0013595592,0.0037294200
10.0175876617,-0.0048248721,0.0026610962,-0.0016159063,-0.0066729877,-0.0034972788,0.0026798684
10.0259160995,-0.0048434241,0.0026487580,-0.0006655698,-0.0013623787,-0.0002498201,0.0026551008
10.0359859467,-0.0048281429,0.0016888252,0.0003138537,0.0007994408,-0.0034408197,0.0026749414
10.0457210541,-0.0038297952,-0.0002536901,0.0013338084,0.0040120124,-0.0034432164,-0.0005144605
10.0559911728,-0.0047841845,0.0007478467,0.0004148836,0.0050598332,-0.0023382709,0.0026644219
10.0656948090,-0.0067446409,0.0017421714,0.0004504676,0.0060867481,0.0030045630,0.0015666669
10.0763139725,-0.0067301271,0.0007817022,-0.0004463439,0.0060978006,0.0019313090,0.0015758548
10.0893821716,-0.0047660870,0.0018023720,-0.0023370031,0.0072091375,-0.0034040678,0.0016096768
10.0985374451,-0.0067038490,0.0008491150,-0.0022683386,0.0093360711,-0.0023228247,0.0005362900
10.1099061966,-0.0056942878,-0.0000910291,-0.0031494144,0.0082809273,-0.0034088618,-0.0005183220
10.1175470352,-0.0075971885,-0.0020289549,-0.0040574316,0.0061313561,-0.0023404015,0.0016019535
10.1263790131,-0.0066100312,-0.0010432729,-0.0069337133,0.0039702007,0.0008492665,0.0015827790
10.1364440918,-0.0075857518,-0.0020116696,-0.0049634818,-0.0013269596,-0.0045252587,0.0026830642
10.1458826065,-0.0085803224,-0.0010336766,-0.0020739678,-0.0045222202,-0.0045681354,0.0005607910
10.1560087204,-0.0075655906,-0.0010674724,-0.0050356034,-0.0056146495,-0.0013750056,-0.0005236482
10.1668300629,-0.0075804470,0.0018520823,-0.0021540169,-0.0067084096,0.0018229184,-0.0005436221
10.1784429550,-0.0065749614,0.0008590093,-0.0031606799,-0.0045489846,-0.0013611573,0.0005396188
10.1863384247,-0.0085223345,0.0018120280,-0.0041681174,-0.0013609147,0.0007920086,-0.0005389615
10.1960783005,-0.0065836040,0.0008824340,-0.0021656398,0.0050477157,-0.0012607559,0.0037199657
10.2058591843,-0.0065909429,-0.0010407099,-0.0020950083,0.0029094638,-0.0012682128,0.0047838986
10.2158231735,-0.0085859923,-0.0000615248,-0.0011085515,0.0007544337,0.0008601854,0.0058347820
10.2257432938,-0.0066662310,-0.0000463256,-0.0020793921,-0.0024461532,0.0018769803,0.0026432499
