0.0000000000,-0.0095023671,-0.0083841439,0.0261723474,0.0276989955,-0.0184727665,0.0016632588
0.0097140074,-0.0055106445,-0.0081985351,0.0262161568,0.0330080092,-0.0162668694,0.0048324205
0.0197420120,-0.0064221187,-0.0080300029,0.0282010511,0.0297722667,-0.0109751672,0.0016131913
0.0297510624,-0.0044241711,-0.0088427123,0.0273225382,0.0297034234,-0.0034773042,0.0026231953
0.0398720503,-0.0024933978,-0.0038144642,0.0196480229,0.0285747759,0.0050418815,0.0004460611
0.0498870611,-0.0035324260,-0.0027065927,0.0168863609,0.0242138505,0.0157051794,0.0014423497
0.0599400997,-0.0074926778,-0.0025962943,0.0121780718,0.0241990685,0.0178349093,0.0003655003
0.0705610514,-0.0065670176,-0.0073477677,0.0104547823,0.0178122763,0.0156479217,0.0003841424
0.0799720287,-0.0105901519,-0.0043546013,0.0115470374,0.0135923652,0.0102576818,-0.0006381117
0.0925750732,-0.0135691324,-0.0033268684,0.0116284573,0.0136152683,0.0070605581,0.0004449957
0.0999360085,-0.0145585099,-0.0032286400,0.0097860778,0.0232596397,0.0028524969,-0.0005976318
0.1099179983,-0.0135965506,-0.0001302713,0.0040567596,0.0350132361,0.0018655295,-0.0016618310
0.1196260452,-0.0116437236,0.0050168582,0.0041981419,0.0329359695,-0.0024834126,-0.0080049485
0.1298230886,-0.0106470147,0.0033239371,0.0082417214,0.0168896243,0.0037598361,-0.0133461840
0.1397130489,-0.0066808625,-0.0023495012,0.0083960379,0.0018785829,0.0121863447,-0.0144533925
0.1497290134,-0.0047342344,-0.0041857711,0.0065793474,-0.0013433089,0.0174418259,-0.0219219606
0.1600511074,-0.0008732243,-0.0020716840,0.0067190011,0.0007414138,0.0238632392,-0.0230282396
0.1699270010,0.0125816306,0.0014702028,0.0004608116,0.0114031127,0.0250235796,-0.0219808165
0.1797280312,0.0147545179,-0.0027246529,0.0015763722,0.0198976658,0.0283429436,-0.0166972391
0.1896970272,0.0170209836,-0.0027728134,-0.0005854883,0.0209986158,0.0230347309,-0.0134764118
0.1996760368,0.0092408499,-0.0029101425,0.0045166691,0.0092086680,0.0251647271,-0.0028545277
0.2096951008,0.0050378279,-0.0105524715,0.0043577035,-0.0100108329,0.0208498724,0.0099355699
0.2197250128,0.0017409162,-0.0097098704,0.0046699126,-0.0185585152,0.0197582431,0.0141947642
0.2298910618,-0.0036190911,-0.0058516613,0.0012513481,-0.0259932615,0.0143749304,0.0163596477
0.2398180962,-0.0042683049,-0.0062024645,-0.0001991310,-0.0313139930,0.0142926378,0.0121166985
0.2498080730,-0.0049157306,-0.0028401071,0.0010736666,-0.0256369319,-0.0472085401,0.0645687208
0.2598460913,0.0151692471,0.0061846026,0.0045116623,0.0079838801,-0.3742758632,0.4098201394
0.2698520422,0.0777007788,0.0336988829,0.0148068154,0.0469757542,-0.4131047428,0.3335525393
0.2798620462,0.0037221150,0.0226235930,0.0046929796,0.0570496954,-0.0949307904,0.0340124108
0.2899320126,-0.0406526476,0.0112939123,-0.0052008550,0.0370653346,0.0230150241,-0.0294195600
0.2998000383,0.0240638684,0.0057293423,-0.0015610375,0.0199184380,0.0188794006,0.0024911026
0.3098120689,0.0136173805,-0.0017073208,0.0033178411,0.0017687296,0.0229324661,-0.0070840269
0.3198800087,0.0157797169,-0.0082274135,0.0033792935,-0.0185071155,0.0196256191,-0.0006749965
0.3298571110,0.0051187710,-0.0083869752,0.0041427691,-0.0313246399,0.0205952749,-0.0006723334
0.3398240805,-0.0013206168,-0.0064325384,-0.0036737241,-0.0355802402,0.0163424723,0.0057321694
0.3498270512,-0.0079088965,-0.0056798211,0.0028595410,-0.0334297419,0.0152721489,0.0036128259
0.3598090410,-0.0160202552,-0.0087385233,0.0053317030,-0.0280438960,0.0120494571,-0.0027426749
0.3697990179,-0.0132496515,-0.0074684373,0.0026876412,-0.0152002685,0.0099657997,-0.0080500888
0.3798130751,-0.0051431819,-0.0017629617,0.0022998534,0.0104477052,0.0079921316,-0.0123056872
0.3898100853,-0.0013602539,0.0015208370,0.0007217607,0.0296727978,0.0091551337,-0.0187010020
0.3997880220,-0.0013881489,-0.0017518455,0.0012484273,0.0446179286,0.0071758726,-0.0133853322
0.4097250700,0.0056376890,-0.0009617859,0.0025696836,0.0467670932,0.0029718066,-0.0069852239
0.4196960926,0.0077572302,-0.0012988800,-0.0010242382,0.0286292378,-0.0013739397,0.0004893374
0.4296880960,0.0040898160,-0.0020508522,0.0008001408,-0.0065995902,-0.0047710678,0.0100974906
0.4397090673,-0.0013539357,-0.0059289387,0.0052468260,-0.0450760052,-0.0017995130,0.0175422225
0.4497230053,-0.0079560438,-0.0042094640,0.0076778610,-0.0707217157,0.0022591446,0.0154090319
0.4597170353,-0.0089114467,-0.0056451014,0.0102617228,-0.0675335154,0.0085953372,0.0036800706
0.4696561098,-0.0061102076,-0.0040043048,0.0111220563,-0.0334162898,0.0194200203,-0.0112874275
0.4796990156,-0.0051818057,0.0010131246,0.0063661416,0.0210631974,0.0197308138,-0.0240753926
0.4896900654,-0.0003805919,0.0063195177,-0.0029677071,0.0659023076,0.0211010091,-0.0294275507
0.4996989965,0.0014040307,0.0089700166,-0.0003823557,0.0819798112,0.0137293786,-0.0315175988
0.5096729994,0.0015167432,0.0008771068,0.0010583481,0.0597245730,-0.0067316871,-0.0292445887
0.5196640491,0.0028331117,-0.0083873924,0.0011645637,0.0127265714,-0.0091000367,-0.0132588325
0.5296831131,-0.0065124794,-0.0153040942,-0.0012210527,-0.0576575808,-0.0223609805,-0.0003749917
0.5397061110,-0.0167781878,-0.0178173538,-0.0030979433,-0.1162212938,-0.0441027619,0.0104326485
0.5495769978,-0.0203324128,-0.0158120152,0.0016049824,-0.1749437302,-0.0434699953,0.0125943366
0.5596470833,-0.0337458998,-0.0082964059,0.0109633291,-0.2100871950,-0.0481379814,-0.0022273534
0.5696560144,-0.0463178307,-0.0009406263,0.0154677713,-0.2378154993,-0.0463238358,-0.0149684483
0.5796430111,-0.0460829884,0.0065452405,0.0131954039,-0.2237397581,-0.0582401529,-0.0457078516
0.5896360874,-0.0485107452,0.0116698686,0.0110675776,-0.1820319891,-0.0560342558,-0.0754982382
0.5996230841,-0.0420764238,0.0186271314,0.0210447982,-0.1104000211,-0.0589229874,-0.1031515673
0.6095271111,-0.0402200371,0.0321442746,0.0262859538,-0.0332551673,-0.0852368847,-0.1253450215
0.6196280718,-0.0292529631,0.0404606424,0.0249134377,0.0298015606,-0.0880981833,-0.1423700750
0.6295850277,-0.0200556088,0.0412382148,0.0255752876,0.0501236096,-0.0880499855,-0.1551332772
0.6395890713,-0.0203727651,0.0320270620,0.0162195638,0.0222833250,-0.0733938068,-0.1658324003
0.6495180130,-0.0176589657,0.0165428463,-0.0060486118,-0.0440288521,-0.0568241514,-0.1680183262
0.6595600843,-0.0210966635,0.0073526748,-0.0149111068,-0.1241600439,-0.0478319861,-0.1690839827
0.6696211100,-0.0266544987,0.0036660677,-0.0113708293,-0.1754429489,-0.0386912152,-0.1786689609
0.6795819998,-0.0332909375,-0.0012881809,-0.0020854392,-0.1989792883,-0.0293200854,-0.1861488521
0.6896950006,-0.0420105010,0.0023439473,0.0022439442,-0.2097610980,-0.0113429511,-0.1990066022
0.6996231079,-0.0401678234,0.0119342748,0.0058080037,-0.1969526261,-0.0039236499,-0.2181877345
0.7096040249,-0.0372301489,0.0051284381,-0.0000653782,-0.1682813019,0.0196935274,-0.2321719974
0.7196260691,-0.0286320616,-0.0011096054,0.0091881240,-0.1203940660,0.0392704271,-0.2355173230
0.7298520803,-0.0337826163,0.0038376099,0.0090494836,-0.0434750505,0.0334162638,-0.2397826463
0.7395520210,-0.0231443215,0.0103805307,-0.0130904829,0.0409556776,0.0222863834,-0.2429571450
0.7495640516,-0.0133970538,0.0204014722,-0.0301911756,0.0965598151,0.0151349958,-0.2546359003
0.7595330477,-0.0209442545,0.0167868081,-0.0464380309,0.0869958699,0.0076280776,-0.2492701560
0.7696410418,-0.0244823266,-0.0046362034,-0.0463051125,0.0102441050,-0.0089157457,-0.2395477593
0.7795370817,-0.0320707709,-0.0102519449,-0.0438908264,-0.1114880592,-0.0076350314,-0.2288441211
0.7895300388,-0.0427408367,-0.0107758399,-0.0361162946,-0.2427933365,-0.0075636590,-0.2266281098
0.7995290756,-0.0465608984,-0.0071930937,-0.0453970954,-0.3784990907,0.0085015940,-0.2255776227
0.8095090389,-0.0349615961,0.0094079021,-0.0618678853,-0.5239385962,0.0509702265,-0.2523112297
0.8195281029,-0.0257114340,0.0293496195,-0.0599316284,-0.6757771373,0.0975598246,-0.2907510400
0.8295340538,-0.0310733486,0.0241248552,-0.0592300817,-0.8082441092,0.1177386045,-0.3109748065
0.8397560120,-0.0112037817,0.0237826053,-0.0390557572,-0.8615570068,0.1213591695,-0.3396470547
0.8495340347,0.0050691799,0.0240208153,-0.0092106378,-0.7627677917,0.0641086623,-0.3744037151
0.8595650196,0.0073434548,0.0282649342,0.0012176714,-0.5754112601,0.0201609135,-0.4337440133
0.8695230484,0.0083978018,0.0348182581,-0.0279319808,-0.3090903461,-0.0429847687,-0.4345828891
0.8795130253,0.0270974468,0.0724022314,-0.0640488788,-0.0055493731,-0.0866539478,-0.4408839345
0.8895120621,0.0323592275,0.0909703001,-0.0865634009,0.2285909653,-0.1266258657,-0.4524745345
0.8994970322,0.0057801441,0.0692033693,-0.0756620690,0.2962078154,-0.1741345376,-0.4447771907
0.9094650745,-0.0313508064,0.0345893465,-0.0446963832,0.1994024515,-0.2196636647,-0.4316656590
0.9194880724,-0.0663301498,-0.0080109891,-0.0127783334,-0.0202047471,-0.2660095990,-0.4035924971
0.9295070171,-0.1013680249,-0.0318775214,0.0185765103,-0.3189227283,-0.2980010808,-0.3744918704
0.9394550323,-0.1218981892,-0.0352112092,0.0455313399,-0.6647263169,-0.3080795407,-0.3646215498
0.9494830370,-0.1073766500,-0.0422830917,0.0471643880,-1.0066001415,-0.2754081488,-0.3592827022
0.9594790936,-0.0748257786,-0.0492035188,0.0354925469,-1.2911094427,-0.2081084698,-0.3563339114
0.9695910215,-0.0596032888,-0.0291551407,0.0319587663,-1.4795461893,-0.1359008551,-0.3662320673
0.9794610739,-0.0427526981,0.0016588515,0.0449987128,-1.4746733904,-0.0666725188,-0.3996188045
0.9894580841,-0.0089111486,0.0122617129,0.0509836748,-1.2703096867,0.0148497717,-0.4257875383
0.9994341135,-0.0011428160,0.0040568062,0.0310823992,-0.8710734844,0.0419082865,-0.4984872937
1.0094370842,-0.0094784060,-0.0022939497,-0.0162168667,-0.3337751627,0.0272406600,-0.5752596259
1.0194420815,0.0113503775,0.0479199253,-0.0495469496,0.3018769026,-0.0163467638,-0.6221618652
1.0294790268,0.0303746890,0.1368451416,-0.0750604793,0.8575488925,-0.0680712089,-0.6742716432
1.0394639969,0.0229475331,0.1502122283,-0.0891957805,1.1941741705,-0.1083360761,-0.6880573630
1.0494300127,0.0015997724,0.0855421945,-0.0910343453,1.2564530373,-0.1590202898,-0.6718363166
1.0593841076,-0.0112015167,0.0421768986,-0.0720271394,1.0815186501,-0.1784613729,-0.6620264649
1.0694100857,-0.0184008647,0.0099922959,-0.0503108427,0.6959106922,-0.1566617936,-0.6385259032
1.0795040131,-0.0162765551,-0.0179011282,-0.0231737420,0.1766140312,-0.1069672108,-0.6066132188
1.0894230604,-0.0145899216,-0.0548384823,0.0005609474,-0.3428315222,-0.0474719293,-0.5535167456
1.0994009972,-0.0019751950,-0.0643147901,0.0259590819,-0.7587851882,0.0181707330,-0.5005338192
1.1092309952,0.0252354573,-0.0297927316,0.0595379546,-0.9741877913,0.1086843833,-0.4701609910
1.1191360950,0.0297824573,-0.0019682699,0.0562144592,-0.8981207013,0.2023123354,-0.4644469023
1.1294670105,0.0376170725,-0.0172134992,-0.0082021272,-0.6089034081,0.2266341895,-0.5062371492
1.1395100355,0.0500825495,-0.0135035273,-0.0419163033,-0.1825173497,0.1930767596,-0.5668742061
1.1493830681,0.0724475831,0.0276133958,-0.0462651774,0.2881407142,0.0968287885,-0.6239479184
1.1593860388,0.1022591442,0.0930662081,-0.0393701717,0.6884923577,-0.0327521004,-0.6403846741
1.1693710089,0.1125105470,0.1320176721,-0.0362943932,0.9423720837,-0.1419249326,-0.6377292275
1.1793481112,0.0828360170,0.1039494202,-0.0376353785,0.9910374880,-0.2320961058,-0.6021196842
1.1893939972,0.0406946987,0.0545272790,-0.0203816220,0.8526705503,-0.3000825942,-0.5527122021
1.1993880272,0.0102298697,0.0111867134,-0.0081981933,0.5208281279,-0.3374685943,-0.5001837611
1.2093890905,0.0133707365,-0.0227159616,0.0197284892,0.0228905268,-0.2980958819,-0.4448469877
1.2193840742,0.0265390705,-0.0510168709,0.0264599398,-0.4842054248,-0.1808297038,-0.3963817060
1.2293530703,0.0357600302,-0.0669444278,0.0287117437,-0.9024930000,-0.0895842239,-0.3467489183
1.2393730879,0.0615018457,-0.0254168566,0.0246222690,-1.1326433420,-0.0028354824,-0.3683988154
1.2493580580,0.0687413067,-0.0277445968,0.0011993131,-1.2336800098,0.0965228006,-0.4072186351
1.2593610287,0.0610007495,-0.0566733517,0.0371001437,-1.2002038956,0.1958198249,-0.4503833055
1.2693400383,0.0428172201,-0.0815450028,0.0412279442,-0.9972217083,0.1927422732,-0.4940631390
1.2793600559,0.0744726509,-0.0612959005,0.0333967879,-0.6883070469,0.1469279230,-0.5056641698
1.2893460989,0.1070950478,0.0341031216,0.0168484524,-0.2914574146,0.0421580896,-0.4925131798
1.2993810177,0.0925223082,0.1214008257,-0.0006037870,0.0786222294,-0.0584135205,-0.4644986987
1.3093260527,0.0486801714,0.1230972931,-0.0077971737,0.3128432333,-0.1205570549,-0.4440738559
1.3193190098,0.0050640539,0.0793256685,0.0174860433,0.3804232180,-0.1773819923,-0.4012588859
1.3293260336,0.0043758587,0.0277053658,0.0583898500,0.3049223423,-0.2351813763,-0.3423998356
1.3393191099,0.0253019165,-0.0200652834,0.0848917440,0.0848859847,-0.2396187335,-0.2869724035
1.3492580652,0.0448726267,-0.0494062938,0.0978956893,-0.2872566879,-0.1706244797,-0.2563505769
1.3592650890,0.0474707335,-0.0843865350,0.0809760168,-0.7772849798,-0.0448319316,-0.2260123789
1.3692541122,0.0422377437,-0.1213043407,0.0929102376,-1.3390487432,0.1039876342,-0.1883390397
1.3792130947,0.0348573774,-0.1426128745,0.1461582333,-1.8846374750,0.2274030447,-0.1367029995
1.3892511129,0.0196793508,-0.1609328389,0.2288765460,-2.3512277603,0.3461725712,-0.0744662657
1.3992030621,-0.0080911675,-0.1671156287,0.2974109054,-2.6376476288,0.4941010475,-0.0146667128
1.4092400074,-0.0446123034,-0.1542977095,0.3348426223,-2.7001025677,0.6630778313,0.0533365719
1.4192330837,-0.0615914613,-0.1200876012,0.3353577256,-2.5103833675,0.8123839498,0.0926067457
1.4292280674,-0.0597288162,-0.0649901107,0.3054150939,-2.1302039623,0.9232545495,0.0894975066
1.4392250776,-0.0466236025,-0.0056555620,0.2650318742,-1.6101247072,1.0245633125,0.0916651860
1.4492070675,-0.0268706251,0.0299203936,0.2117057592,-1.0674641132,1.1078332663,0.0886214599
1.4592010975,-0.0112371007,0.0700177476,0.1363569647,-0.5479208827,1.1596393585,0.0518009961
1.4692460299,0.0083965501,0.0911910161,0.0610443428,-0.2116603255,1.1757531166,0.0068412423
1.4791830778,0.0174907278,0.0757759735,0.0217144564,-0.1568926871,1.1596223116,-0.0547131971
1.4891830683,0.0133796772,0.0212739650,0.0072341044,-0.3763741851,1.1275898218,-0.1021598056
1.4991610050,0.0017645197,-0.0579546727,0.0079569304,-0.7239770293,1.0862914324,-0.1165197045
1.5091990232,-0.0147141377,-0.1155265644,0.0184512213,-1.0426503420,1.0281947851,-0.1222947687
1.5191431046,-0.0194484163,-0.1120677665,-0.0051060240,-1.2052673101,0.9414551258,-0.1194956526
1.5291579962,-0.0084183970,-0.0582693256,-0.0377733037,-1.1871783733,0.8050890565,-0.0835650861
1.5391160250,0.0146502098,0.0161052886,-0.0731573626,-0.9942309856,0.6664016843,0.0223751944
1.5491250753,0.0633232445,0.0962190852,-0.1131953523,-0.6015995741,0.5112688541,0.1495315433
1.5591109991,0.0657355636,0.1843734980,-0.1822389215,-0.1416488886,0.3784258366,0.1978811026
1.5691000223,0.0434101671,0.1257606149,-0.2375064939,0.0770142153,0.2647781074,0.2090892792
1.5792530775,0.0540866703,-0.0304693636,-0.2210520357,0.0498282686,0.1930187196,0.2170120627
1.5892500877,0.0841094106,-0.1250465512,-0.2013031691,0.0191936586,0.1814853698,0.1459280252
1.5992310047,0.0958673805,-0.1691604853,-0.2314257473,0.1442129463,0.2207901478,0.0032208085
1.6092090607,0.1025618166,-0.1390043497,-0.2541105747,0.4337491691,0.2327730507,-0.1075477824
1.6192270517,0.0936547369,-0.0161275025,-0.1645636410,0.7777156830,0.2253273875,-0.1640436798
1.6292220354,0.0607643574,0.0841214284,-0.0314202830,0.9249232411,0.1161985025,-0.1846866310
1.6392281055,0.0429860801,0.0876905844,0.0682707503,0.8251163960,0.0345638245,-0.1415930986
1.6492140293,0.0599895567,0.0124002043,0.0091784680,0.5714148879,-0.0163904391,-0.1209000722
1.6592060328,0.0670973510,-0.0359808244,-0.0250851437,0.3859591484,-0.0561825931,-0.1067018285
1.6691930294,0.0759931058,-0.0225459989,-0.0585961267,0.2958683968,-0.1192055047,-0.1455387175
1.6791900396,0.0752696246,0.0326586328,-0.0853149220,0.2313176394,-0.1797346175,-0.1652841866
1.6891961098,0.0751972049,0.0068837353,-0.0749294087,0.1962171793,-0.1855589449,-0.1896568984
1.6991460323,0.0608495325,-0.0405353047,-0.0462059304,0.1492202282,-0.1879315674,-0.1747358888
1.7090660334,0.0333241075,-0.0039676181,-0.0223255679,-0.0696852133,-0.2071675807,-0.1011532694
1.7191450596,0.0047997073,0.0321491621,-0.0232997462,-0.2797497809,-0.1678569168,0.0612841100
1.7290560007,-0.0210303236,0.0636805519,-0.0102502620,-0.4045684040,-0.1233216822,0.2576248646
1.7390580177,-0.0471421629,0.0538583957,-0.0310693309,-0.5171089172,-0.0999689549,0.3404178917
1.7490500212,-0.0585153252,-0.0566600002,-0.0552253649,-0.6475609541,-0.1035122946,0.4191489220
1.7590110302,-0.0326820761,-0.1466166973,-0.0628587529,-0.6976314187,-0.1282048523,0.4522803724
1.7690070868,-0.0219360758,-0.1462435722,-0.0680699870,-0.5586881638,-0.1286530644,0.3990666866
1.7790590525,-0.0240047146,-0.1280067265,-0.1049401090,-0.2241838425,-0.1428261399,0.3139345944
1.7889990807,-0.0001567765,-0.0671848133,-0.1807747930,0.2481735796,-0.1762200594,0.2309547663
1.7989950180,0.0456243604,0.0193276647,-0.2386623472,0.7518875599,-0.2606233656,0.1535934061
1.8090350628,0.0765621513,0.0835385844,-0.2436982840,1.2150428295,-0.3568476439,0.1060863361
1.8189830780,0.0900021642,0.1141520962,-0.2429309338,1.5789201260,-0.4674100876,0.0959222466
1.8291490078,0.0982969850,0.1259431243,-0.2368761748,1.7973613739,-0.5511968732,0.0995002091
1.8390800953,0.1160732955,0.1053638086,-0.2308421582,1.8054950237,-0.6312991381,0.1000167206
1.8491400480,0.1460624784,0.0764504001,-0.2287356108,1.5967303514,-0.6874132752,0.1015887856
1.8590570688,0.1812536567,0.0214036051,-0.2221776098,1.2104417086,-0.7147351503,0.1317857057
1.8691350222,0.2036702484,-0.0363881029,-0.2067608684,0.7663361430,-0.7315831184,0.1885118335
1.8790611029,0.2101328224,-0.0738579109,-0.1952926368,0.3679684401,-0.7372015715,0.2663780153
1.8890661001,0.1898690909,-0.0839411095,-0.2099273056,0.0891927183,-0.7493283153,0.3505802453
1.8990480900,0.1525194496,-0.0694665387,-0.2168481797,-0.0369608253,-0.7518687248,0.4176150560
1.9090920687,0.1293749064,-0.0507615246,-0.2044360489,-0.0445766672,-0.7620071173,0.4888663292
1.9190460443,0.1341901869,-0.0380035080,-0.1741949171,0.0525629334,-0.7978740335,0.5814594030
1.9290580750,0.1545153707,-0.0397014059,-0.1454444975,0.2510909438,-0.8329198956,0.6782255769
1.9390470982,0.1668198556,-0.0400151052,-0.1249087974,0.5040120482,-0.8569706082,0.7621361017
1.9490380287,0.1710911840,-0.0338884927,-0.1086354777,0.7270978689,-0.8845266104,0.8375887871
1.9590229988,0.1790740937,-0.0351542868,-0.0974908993,0.8997975588,-0.8857548833,0.9129070640
1.9689980745,0.1965403408,-0.0576132871,-0.0718845651,1.0244672298,-0.8915456533,0.9978488088
1.9791260958,0.2224974483,-0.0762094334,-0.0498298928,1.1002135277,-0.9117749929,1.0627298355
1.9891400337,0.2326618284,-0.0988611355,-0.0073173563,1.1665865183,-0.9567384720,1.1192817688
1.9990420341,0.2261779755,-0.1169941500,0.0281048492,1.2233116627,-1.0016680956,1.1885890961
2.0090250969,0.1998864263,-0.1024447158,0.0456207469,1.2851976156,-1.0251814127,1.2577538490
2.0189929008,0.1694526523,-0.0843850449,0.0553544238,1.3513164520,-1.0537928343,1.3524483442
2.0290050507,0.1738622040,-0.0831505731,0.0588394478,1.4535429478,-1.0711870193,1.4757272005
2.0388600826,0.2082344145,-0.0752476528,0.0402949527,1.5615881681,-1.1326751709,1.5621043444
2.0489521027,0.2362287492,-0.0371882953,0.0518173650,1.6139962673,-1.1743768454,1.6377680302
2.0589509010,0.2534161508,-0.0212346371,0.0632402375,1.5819987059,-1.2081524134,1.7166256905
2.0687642097,0.2538787425,-0.0074573508,0.0525518134,1.4816201925,-1.2349584103,1.7976113558
2.0788979530,0.2382758707,0.0128574315,0.0402745679,1.3351850510,-1.2324254513,1.8508142233
2.0888519287,0.2107832283,0.0143927876,0.0331230238,1.1367566586,-1.2593388557,1.8829990625
2.0988700390,0.1704048961,0.0145145301,0.0402245000,0.8297360539,-1.3118838072,1.8909912109
2.1089169979,0.0997091383,0.0002691990,0.0756484941,0.5131682158,-1.3709330559,1.8969072104
2.1189169884,0.0076078610,-0.0253193434,0.0947237685,0.2948047519,-1.4292328358,1.9016877413
2.1288819313,-0.0319782048,-0.0045834533,0.0668950155,0.1950877309,-1.5006444454,1.8905341625
2.1388731003,-0.0190861989,0.0370678268,0.0407113507,0.1870364547,-1.5438153744,1.8493877649
2.1490271091,-0.0004782243,0.0549411140,0.0605198815,0.2322087288,-1.5767802000,1.8283221722
2.1591072083,0.0256633591,0.0802640244,0.0942199901,0.3083021641,-1.6000063419,1.7933615446
2.1688580513,0.0369143933,0.1197276041,0.1281476170,0.3691964149,-1.5923534632,1.7582105398
2.1788392067,0.0403925627,0.1525248289,0.1272274405,0.3487004638,-1.5490717888,1.7133232355
2.1890192032,0.0458031744,0.1599926353,0.1099754050,0.2351515144,-1.4809143543,1.6619658470
2.1988260746,0.0579118580,0.1359736323,0.0724341348,0.1115393043,-1.3708547354,1.6443369389
2.2088232040,0.0597633570,0.1009660289,0.0226239637,0.1064145863,-1.2598941326,1.6255604029
2.2188138962,0.0433140844,0.0877405331,-0.0328701064,0.2526583374,-1.1221346855,1.6043817997
2.2290182114,0.0291162562,0.0883558914,-0.0735542104,0.5146167278,-1.0285463333,1.5621587038
2.2388291359,0.0127470931,0.0650042817,-0.0940778181,0.7946099043,-0.9261611104,1.5326156616
2.2487969398,-0.0107627073,0.0458094440,-0.0949214622,0.9832815528,-0.8748771548,1.4843437672
2.2587618828,-0.0364679247,0.0267131273,-0.0572771952,1.0843224525,-0.8198166490,1.4562906027
2.2689609528,-0.0201471616,-0.0061780266,-0.0213622376,1.1623860598,-0.8342304230,1.4499552250
2.2788410187,0.0000410514,-0.0116511639,-0.0147529161,1.1456599236,-0.8802490234,1.4587662220
2.2888131142,0.0161623191,0.0401114188,-0.0442412421,1.0350148678,-0.9270266891,1.4633964300
2.2987840176,0.0216911864,0.0668541119,-0.0680190250,0.8624752164,-0.9858231544,1.4936459064
2.3089590073,0.0497005433,0.0588994585,-0.0705199167,0.6558836699,-1.0577071905,1.5240032673
2.3187820911,0.0628778785,0.0646196529,-0.0720046684,0.4653366506,-1.1326922178,1.5522449017
2.3287591934,0.0691286772,0.0755259320,-0.0691971108,0.3197613657,-1.2171115875,1.5613931417
2.3388051987,0.0755754560,0.0744004175,-0.0618207976,0.2138168067,-1.3089045286,1.5471885204
2.3488070965,0.0616620630,0.0594754182,-0.0281624123,0.1643517911,-1.3906064034,1.5371289253
2.3587870598,0.0547965616,0.0291090552,0.0089556063,0.1672212034,-1.4698952436,1.5121448040
2.3687171936,0.0567903370,0.0205936376,0.0390234664,0.2137572765,-1.5339536667,1.4785312414
2.3788161278,0.0658333749,0.0037764257,0.0693029836,0.2602183819,-1.5915423632,1.4512486458
2.3887510300,0.0738066286,0.0038452095,0.1129676178,0.2169513404,-1.6423282623,1.4261108637
2.3987569809,0.0854160041,0.0361375771,0.1655479223,0.0878926963,-1.6467155218,1.4049819708
2.4087209702,0.1058737487,0.0378984772,0.2171840221,-0.1265261173,-1.6581202745,1.3903322220
2.4187231064,0.1137932986,0.0242616478,0.2395334989,-0.4405046999,-1.6276990175,1.3574208021
2.4287872314,0.0990127176,0.0186375920,0.2594826818,-0.7663125992,-1.5908643007,1.3350992203
2.4387350082,0.0907645077,0.0202624146,0.2529694438,-1.0312879086,-1.5566732883,1.3233755827
2.4487581253,0.1004621238,0.0569182001,0.2352006584,-1.2151887417,-1.5102269650,1.2966430187
2.4587669373,0.0895709842,0.0780213401,0.2175957114,-1.2676887512,-1.4682840109,1.2496640682
2.4687161446,0.0808665007,0.0821584985,0.1798704416,-1.2026532888,-1.4309817553,1.1781965494
2.4786839485,0.0733556002,0.0901755616,0.1460049897,-1.0766526461,-1.3998078108,1.0844142437
2.4886980057,0.0505616516,0.0992363617,0.1338281184,-0.9292533398,-1.3727834225,0.9863961339
2.4986839294,0.0300155710,0.0966769978,0.1525500566,-0.7434958220,-1.3484215736,0.9170520306
2.5086898804,0.0115188798,0.1173167750,0.1688093096,-0.6143916845,-1.3169637918,0.8540768027
2.5186691284,-0.0048162504,0.1393532157,0.1721488982,-0.6253074408,-1.2777212858,0.8283328414
2.5286610126,-0.0248974133,0.1194944307,0.1791783720,-0.7849455476,-1.2031443119,0.8194615841
2.5386340618,-0.0356762558,0.1075454876,0.2044821531,-1.0451761484,-1.1046181917,0.8275038004
2.5486931801,-0.0663466603,0.0749387071,0.2432524711,-1.1360311508,-0.9704258442,0.8532568216
2.5587170124,-0.1064605862,0.0619854890,0.2903876901,-0.8342386484,-0.8056025505,0.8562287688
2.5686988831,-0.1356042773,0.1658919454,0.3295469284,-0.1589571685,-0.5947560668,0.7778977752
2.5786840916,-0.2017867118,0.2605890632,0.3361629844,0.6785477400,-0.3606394231,0.6493713260
2.5886890888,-0.2328496724,0.2922967076,0.3116293550,1.4748557806,-0.1551635116,0.4583771229
2.5986819267,-0.2414610535,0.2789974213,0.2956893444,2.0994000435,0.0445730463,0.2516039610
2.6086840630,-0.2395835668,0.2510294318,0.2949375510,2.4400961399,0.2366788387,0.0344548933
2.6186830997,-0.2466756850,0.2665322423,0.2470733672,2.4011764526,0.3893038034,-0.2066096514
2.6286439896,-0.2569619417,0.2843119502,0.1949165612,2.0362768173,0.4498797953,-0.4171011150
2.6386198997,-0.2492397875,0.2834962606,0.1750753671,1.4442566633,0.4589348137,-0.5718539357
2.6485900879,-0.2346593291,0.2600857615,0.1596269757,0.7914972305,0.4264668822,-0.6529916525
2.6585731506,-0.2099243551,0.2566079497,0.1490348130,0.1115167961,0.3223287463,-0.7166494727
2.6686120033,-0.2040422112,0.2462139726,0.1386885196,-0.5824936628,0.2205787003,-0.7378152609
2.6785960197,-0.1841936857,0.1772675514,0.1453322917,-1.1732434034,0.1329031736,-0.7060229182
2.6886091232,-0.1509355456,0.1319212317,0.1404358894,-1.6060209274,0.0485454164,-0.6796762347
2.6985800266,-0.1392551810,0.0829527304,0.1348231584,-1.9344936609,-0.0018029751,-0.6461894512
2.7085762024,-0.1111361533,0.0144120995,0.1367942840,-2.1309382915,-0.0115730483,-0.6109299660
2.7185602188,-0.0846369416,-0.0041063479,0.1442912370,-1.9199601412,0.0328500755,-0.6060505509
2.7285561562,-0.0605890900,0.0359949432,0.1819258481,-1.2755893469,0.0930934399,-0.6440748572
2.7385470867,-0.0189271141,0.1321802735,0.2223221809,-0.4242426455,0.1865680069,-0.7334552407
2.7485520840,-0.0160440374,0.1864709854,0.2526704669,0.3982586861,0.3008024096,-0.8686316609
2.7585439682,0.0112438044,0.1954515576,0.2113002688,1.1021723747,0.4468174279,-1.0549267530
2.7685399055,0.0419289321,0.2013812661,0.1494954377,1.6459965706,0.5904970765,-1.2442815304
2.7785911560,0.0306513142,0.1807083488,0.1348014623,2.0106792450,0.6883965135,-1.3747804165
2.7885479927,0.0207698774,0.1607286930,0.1458367258,2.1182575226,0.7598933578,-1.4858077765
2.7985138893,0.0062185363,0.1487072110,0.1694211513,1.9613838196,0.7805531025,-1.5527631044
2.8085122108,-0.0032795831,0.1038305089,0.1975757629,1.5367851257,0.7536737919,-1.5618538857
2.8185710907,-0.0249383617,0.0582322441,0.2379776984,0.9413278699,0.7162576914,-1.5240137577
2.8285651207,-0.0453332216,0.0316211544,0.2566182017,0.2677928209,0.6849277020,-1.4532223940
2.8385682106,-0.0496933609,0.0042259642,0.2449415475,-0.4050264657,0.6984491348,-1.3869684935
2.8485522270,-0.0585689694,-0.0112848934,0.2074407488,-0.9608039260,0.7629982829,-1.3349417448
2.8585550785,-0.0554683954,-0.0036525184,0.1428846866,-1.3054238558,0.8516293168,-1.2832205296
2.8685069084,-0.0354967862,0.0240547601,0.0888976529,-1.4963023663,0.9570415020,-1.2827084064
2.8784880638,-0.0335741788,0.0537012778,0.0825601295,-1.5997508764,1.0769776106,-1.2876628637
2.8885021210,-0.0269629527,0.0483867489,0.1015202478,-1.6224678755,1.2424831390,-1.2865954638
2.8984680176,-0.0254777241,0.0431697927,0.1062110141,-1.5317354202,1.3746008873,-1.2928274870
2.9084792137,-0.0133161703,0.0548763238,0.0668598488,-1.3582787514,1.4505311251,-1.3200007677
2.9184589386,-0.0047861501,0.0643766448,0.0221688226,-1.1362460852,1.3437887430,-1.3800228834
2.9284539223,-0.0013103648,0.0538123809,0.0277867988,-0.9487643242,1.1795910597,-1.5023263693
2.9383711815,0.0222679209,0.0504975878,0.1512203962,-0.9940001369,1.2231816053,-1.4877004623
2.9485092163,-0.0407132059,0.0267034117,0.3322550654,-1.1995650530,1.2650607824,-1.4038995504
2.9584321976,-0.0975931436,-0.0243179258,0.3502350450,-1.3770091534,1.2497197390,-1.2878777981
2.9685540199,-0.0544560105,-0.0201522764,0.2634977698,-1.4090033770,1.2358049154,-1.2612054348
2.9785010815,-0.0235903431,0.0659592077,0.1523646861,-1.3390648365,1.3087918758,-1.2893517017
2.9887819290,-0.0261547733,0.1309642196,0.0808672383,-1.1961742640,1.4584231377,-1.2946714163
2.9984540939,-0.0015974804,0.1361287236,0.0433688834,-1.0136203766,1.5796822309,-1.2785854340
3.0084140301,0.0310504865,0.1392381191,0.0696321204,-0.8316870928,1.6715282202,-1.3271156549
3.0185132027,0.0472534746,0.1440565586,0.0809878781,-0.6805909276,1.7638746500,-1.4138722420
3.0284218788,0.0361357778,0.1172931120,0.1124735549,-0.5840734243,1.8551235199,-1.4549021721
3.0383970737,0.0279601645,0.0959314629,0.1147719100,-0.4545580745,1.8374018669,-1.5196835995
3.0484099388,0.0530751795,0.0882508680,0.0953700617,-0.3943900764,1.8159191608,-1.5865169764
3.0586431026,0.0795194954,0.0951244161,0.1705518514,-0.4505693018,1.7830829620,-1.6255724430
3.0683860779,0.0542626828,0.0740639493,0.2380464226,-0.6182731390,1.7946568727,-1.6202183962
3.0784330368,0.0289202761,0.0394148789,0.2606337667,-0.8230604529,1.7654838562,-1.5965133905
3.0884280205,0.0372707099,0.0295071546,0.2550080419,-0.9511092305,1.7466144562,-1.5623050928
3.0984659195,0.0618600100,0.0267750565,0.2148060352,-1.0119854212,1.7368233204,-1.5271397829
3.1083810329,0.0848037452,0.0569298826,0.1764097959,-0.9864987731,1.7446837425,-1.5059607029
3.1183671951,0.1064562052,0.0722907111,0.1308095604,-0.9248988032,1.7710676193,-1.4764289856
3.1283421516,0.1335942596,0.0661445782,0.0869189575,-0.8557365537,1.7878615856,-1.4500263929
3.1383509636,0.1620154232,0.0698492453,0.0573876575,-0.7782225609,1.8292642832,-1.4280380011
3.1483421326,0.1889455765,0.0705495402,0.0217428878,-0.7220375538,1.8652234077,-1.3985633850
3.1583340168,0.1995889395,0.0680730864,0.0079147900,-0.7554800510,1.8993555307,-1.3764505386
3.1683259010,0.1755351871,0.0493359528,0.0231226161,-0.8517836928,1.9201500416,-1.3573951721
3.1783289909,0.1580439657,0.0213468615,0.0495447591,-0.9193139076,1.8192729950,-1.3439465761
3.1883339882,0.1541308016,0.0154786054,0.0700518563,-0.9871190786,1.7557169199,-1.3402998447
3.1983110905,0.1458608955,0.0297925714,0.1298100501,-1.0528115034,1.6870062351,-1.3164360523
3.2083511353,0.1233280748,0.0177206937,0.1475934535,-1.0948961973,1.5888693333,-1.2552139759
3.2183210850,0.1342542619,0.0039805123,0.1042979434,-1.0675792694,1.4859865904,-1.1865718365
3.2283349037,0.1667976230,0.0072557875,-0.0068034451,-0.9860391021,1.4102270603,-1.1202691793
3.2382988930,0.1939864606,0.0250649694,-0.1031355783,-0.8336013556,1.4025194645,-1.0342704058
3.2483680248,0.2001436204,0.0233316068,-0.1762124747,-0.6344161034,1.4218872786,-0.9495438337
3.2583351135,0.1998025030,0.0228833500,-0.2221001834,-0.4295203686,1.3984885216,-0.8719828725
3.2683091164,0.1891030520,0.0139763299,-0.2079648226,-0.2895520627,1.3500552177,-0.7878376245
3.2782769203,0.1704747528,-0.0117225703,-0.1754682511,-0.2537879348,1.2579358816,-0.7182092667
3.2900319099,0.1403770298,-0.0604103841,-0.1301230639,-0.3160595596,1.1593976021,-0.6856550574
3.2996060848,0.1114336103,-0.0981027558,-0.0927783176,-0.4488449097,1.0793088675,-0.6818567514
3.3090040684,0.1109467000,-0.1188439801,-0.0662087128,-0.5860139728,1.0057605505,-0.6589738131
3.3190321922,0.1389077157,-0.1403757632,-0.0560076758,-0.6659185290,0.9660573602,-0.6044771075
3.3290791512,0.1706238836,-0.1247850433,-0.1174857542,-0.6009597778,0.9533647299,-0.5226360559
3.3389160633,0.2069626302,-0.0469138660,-0.2608684301,-0.3618971109,0.9343865514,-0.4589383006
3.3491220474,0.2322580069,0.0126297418,-0.3389610648,-0.0850702971,0.8728086948,-0.4109247029
3.3582470417,0.2350206822,0.0528485738,-0.3163772821,0.0867583156,0.7323125601,-0.3718863428
3.3682231903,0.2167757601,0.0651650354,-0.2319748849,0.1550915688,0.5783563256,-0.3135665953
3.3782229424,0.1787527055,0.0426934920,-0.1399286836,0.0984169766,0.4268924594,-0.2254280895
3.3882222176,0.1275101155,0.0321508609,-0.0741304085,-0.1538200676,0.3017060459,-0.1373240650
3.3981900215,0.1001328081,0.0046053180,-0.0451752469,-0.5197449327,0.2387651503,-0.0421087258
3.4081840515,0.1051665992,-0.0578121282,-0.0333240554,-0.8953042030,0.1726862788,0.0701331347
3.4181809425,0.1180237979,-0.1157583073,-0.0243173167,-1.1691735983,0.0951374173,0.1239469647
3.4281721115,0.1303810924,-0.1583919525,-0.0588451549,-1.2419737577,-0.0038637291,0.1118910983
3.4381930828,0.1413778514,-0.1743885279,-0.1128801629,-1.1652356386,-0.0967510566,0.0540064909
3.4481410980,0.1462340206,-0.0517683066,-0.2028219551,-0.9706065059,-0.1212963462,0.0072845258
3.4582710266,0.1384272426,0.0363109373,-0.2389320582,-0.6847358346,-0.1060343087,0.0335464887
3.4683830738,0.1227825135,0.0546223782,-0.2292713970,-0.3630073965,-0.0349795707,0.0519840866
3.4783360958,0.0872215480,0.0515516065,-0.1812846512,0.0409580767,0.0585493147,0.0001042441
3.4883000851,0.0548307747,0.0181117300,-0.1385425180,0.4549115598,0.1312834471,-0.1185819283
3.4983010292,0.0368758291,0.0053962418,-0.0246598050,0.7147888541,0.1162938327,-0.2323440313
3.5082969666,0.0376009792,0.0453408919,0.0821186975,0.5498944521,0.0487350337,-0.2339155674
3.5180740356,0.0588250011,0.1025949046,0.1423840076,0.1974226534,0.0006021257,-0.0442534983
3.5282311440,0.0619923919,0.1317023635,0.1592297107,-0.0405145474,0.0222355165,0.2011847496
3.5382490158,0.0363260955,0.1050144956,0.0386703685,-0.2159562707,0.0449062064,0.2617182732
3.5481929779,0.0099428138,-0.0162292179,-0.0332181975,-0.4049330950,0.0529819801,0.2522363663
3.5581722260,0.0212285947,-0.1247361973,-0.0264874026,-0.5571818948,0.0288241766,0.1898181289
3.5681772232,0.0290318560,-0.1247992590,-0.0013279237,-0.5515695810,0.0135048749,0.1431683302
3.5781521797,0.0210553240,-0.0639810935,-0.0046452801,-0.3550539911,-0.0082821799,0.1676085591
3.5881500244,0.0286563467,0.0280492846,-0.0578139946,-0.0230595227,-0.0329944491,0.2270308733
3.5981650352,0.0151460012,0.0588326417,-0.1075957343,0.2821335495,-0.0293757468,0.2480382919
3.6081581116,-0.0251873899,0.0155873839,-0.1607803553,0.5424258113,-0.0154604642,0.2647645175
3.6180880070,-0.0264843870,-0.0214701947,-0.2332426757,0.7636348009,-0.0520730726,0.2829087675
3.6281762123,0.0139772734,-0.0209687408,-0.2864444852,0.9465617537,-0.0987721309,0.2809590697
3.6381840706,0.0439169258,-0.0212129410,-0.2974600196,1.0786688328,-0.1730934978,0.2207973301
3.6481242180,0.0480285734,-0.0193452891,-0.2591054440,1.1319280863,-0.2536221445,0.1299166977
3.6581060886,0.0694341511,-0.0003507191,-0.2216111273,0.9803802967,-0.3664126098,0.0755053908
3.6680841446,0.1083166450,0.0058488199,-0.2140627950,0.6693174839,-0.4405004382,0.0677039325
3.6780641079,0.1443025321,-0.0516122617,-0.2617346048,0.3460555077,-0.4800180197,0.1138687655
3.6880800724,0.1796421260,-0.0630452707,-0.2846125960,0.1410651058,-0.5055228472,0.1917318553
3.6984629631,0.2221023291,-0.0220247563,-0.2976729870,0.0715514049,-0.5224435329,0.2758189142
3.7082040310,0.2399688214,0.0006210750,-0.2973775268,0.1163542941,-0.5492136478,0.3545781672
3.7181971073,0.2460938543,0.0093572084,-0.3095732331,0.2603728473,-0.5688048601,0.4332222641
3.7281789780,0.2509445846,0.0147529189,-0.2948433757,0.5017274022,-0.6111826897,0.5087582469
3.7381830215,0.2361038774,0.0276284460,-0.2620660067,0.7079805732,-0.6583361030,0.5577909350
3.7481751442,0.2115918249,0.0420173071,-0.2348159999,0.8512043357,-0.6901520491,0.5823322535
3.7581691742,0.2068983763,0.0048384317,-0.1925464123,0.8397850990,-0.7569668293,0.6539541483
3.7681760788,0.2198111266,-0.0398249663,-0.1478483528,0.7738351226,-0.8124548197,0.7244778275
3.7781639099,0.2309924811,-0.0766837075,-0.1464733332,0.6812105179,-0.8639928102,0.7811837792
3.7881622314,0.2399806827,-0.0724255517,-0.1355149001,0.6219536066,-0.9442384243,0.8253036141
3.7981901169,0.2490535825,-0.0610752441,-0.1196693107,0.5724059343,-1.0445487499,0.8886679411
3.8081278801,0.2473223060,-0.0359544493,-0.1091380045,0.5485121012,-1.1562577486,0.9712131619
3.8181619644,0.2045617551,-0.0059055141,-0.0841292068,0.5800160766,-1.2567998171,1.0600235462
3.8281621933,0.1218029708,0.0252642576,-0.0812984034,0.6517528892,-1.3091125488,1.1272432804
3.8381772041,0.0603848547,0.0525487624,-0.0822032019,0.7128037214,-1.3531109095,1.1763554811
3.8481931686,0.0562508553,0.0558037423,-0.0483427569,0.7352355123,-1.3738955259,1.2253446579
3.8581318855,0.0803254694,0.0373646878,-0.0191950724,0.7011730075,-1.3974136114,1.2552657127
3.8680691719,0.1111770123,0.0273166839,-0.0138389980,0.6651716232,-1.4329622984,1.2555212975
3.8780620098,0.1465923041,0.0368090533,0.0145823443,0.6590967774,-1.4715187550,1.2525911331
3.8880591393,0.1694369763,0.0490598641,0.0240808800,0.6657885313,-1.4994100332,1.2347066402
3.8980321884,0.1639154404,0.0720422789,0.0361469463,0.6981188059,-1.5261132717,1.2072337866
3.9080581665,0.1537812799,0.0717208907,0.0355897620,0.7420873046,-1.5482723713,1.2009724379
3.9180569649,0.1553425640,0.0638336167,0.0198357180,0.8263787627,-1.5391689539,1.1891677380
3.9280560017,0.1412301511,0.0503511988,-0.0099914586,0.9640199542,-1.5316915512,1.1890231371
3.9380340576,0.1316600889,0.0443396531,-0.0291199014,1.1399842501,-1.5131887197,1.1940943003
3.9480381012,0.1126561016,0.0546961389,0.0073608835,1.2989287376,-1.5075206757,1.2130696774
3.9579582214,0.0708440989,0.0553687178,0.0726509765,1.3158737421,-1.5028598309,1.2417074442
3.9679520130,0.0326728672,0.0485696159,0.1452991515,1.0830026865,-1.4989628792,1.2832781076
3.9781680107,0.0342100114,0.0217736308,0.1973909885,0.7112385631,-1.4895198345,1.3493454456
3.9879190922,0.0480608791,-0.0187593158,0.2232908159,0.3127764165,-1.4771119356,1.4111618996
3.9979481697,0.0670586675,-0.0279189404,0.2257163674,0.0053600012,-1.4993394613,1.4657056332
4.0079441071,0.0788387507,-0.0180132445,0.1854246408,-0.1706477851,-1.5271390676,1.4989429712
4.0180811882,0.0684447140,0.0059581348,0.1657126099,-0.1962362230,-1.5410070419,1.5256117582
4.0279588699,0.0606754869,0.0144550148,0.1520598084,-0.0967660993,-1.5669121742,1.5310223103
4.0379729271,0.0528461784,0.0020638055,0.1344120055,0.0944802910,-1.5774155855,1.5043964386
4.0479202271,0.0420736521,-0.0327812470,0.1260630637,0.3806822300,-1.5881183147,1.4936420918
4.0579218864,0.0379134268,-0.0529416837,0.1010755971,0.7096361518,-1.5996820927,1.4690546989
4.0679140091,0.0265489649,-0.0301786717,0.0747245029,0.9370522499,-1.6012202501,1.4582819939
4.0779180527,0.0179009270,-0.0128045138,0.0686631277,0.8891662359,-1.6145267487,1.4445869923
4.0879092216,-0.0036575361,-0.0026596242,0.0973316506,0.4804956317,-1.6295623779,1.4311587811
4.0979051590,-0.0076053306,-0.0367756523,0.1306191236,-0.2166042179,-1.6273964643,1.4401290417
4.1079211235,0.0065666870,-0.0980855897,0.1634337455,-0.9479098320,-1.6337310076,1.4863636494
4.1179080009,0.0170423221,-0.1358315945,0.1699614078,-1.5711807013,-1.6617871523,1.5199165344
4.1279268265,0.0134753427,-0.1150056794,0.1995328814,-1.9991093874,-1.6904484034,1.5554602146
4.1379537582,0.0272608828,-0.0484724678,0.2159639150,-2.1463944912,-1.7125436068,1.6045752764
4.1479282379,0.0521137565,0.0233672205,0.1911822110,-2.0184066296,-1.6903775930,1.5809695721
4.1579141617,0.0505829304,0.0835024044,0.1341335326,-1.6087281704,-1.6385759115,1.5187312365
4.1678290367,0.0416740030,0.0953247473,0.0598425940,-1.0316077471,-1.5568802357,1.4253703356
4.1779031754,0.0106160482,0.0784105584,0.0151301110,-0.3883560002,-1.4672292471,1.3276629448
4.1879100800,-0.0223058630,0.0660212561,0.0226492360,0.2283037305,-1.3916223049,1.2364387512
4.1978259087,-0.0405423194,0.0519654118,0.0778110698,0.6112263203,-1.3335694075,1.1784236431
4.2078218460,-0.0545934588,0.0238609854,0.1408739835,0.5894443393,-1.2677631378,1.1440155506
4.2179107666,-0.0696962625,-0.0334491171,0.2286480814,0.2749388814,-1.1983188391,1.1745921373
4.2278947830,-0.0648297220,-0.0940399840,0.3044641614,-0.1325822771,-1.1260558367,1.2445259094
4.2379021645,-0.0395074636,-0.0909752324,0.3072962165,-0.4878631532,-1.0500873327,1.3260878325
4.2478322983,-0.0256076027,-0.0437340774,0.2472866327,-0.7717401385,-0.9450402856,1.3681005239
4.2578330040,-0.0375775248,-0.0113121923,0.1987728626,-0.9146544337,-0.8401240110,1.3919539452
4.2678318024,-0.0370439440,0.0097464267,0.1526892930,-0.8352724910,-0.7478116751,1.3658025265
4.2779169083,-0.0532092601,0.0391211472,0.1399583369,-0.4954186976,-0.6493737698,1.3203068972
4.2878360748,-0.0671132952,0.0671757981,0.1480992585,0.0390468575,-0.5775272846,1.2387260199
4.2978239059,-0.0696616322,0.1311217546,0.1463832408,0.5437955260,-0.5042650700,1.0997883081
4.3078341484,-0.0799275786,0.2086175680,0.1555981785,0.9343470335,-0.4266948700,0.9428410530
4.3176097870,-0.0943357497,0.2440602779,0.1584801823,1.1916692257,-0.3715825975,0.7797566056
4.3277821541,-0.1109227091,0.2658244967,0.1451328546,1.1749312878,-0.3401868641,0.5915215015
4.3377451897,-0.1299180537,0.2992634177,0.1200180724,0.9415459633,-0.3241506517,0.4279714227
4.3477048874,-0.1436085850,0.3140462041,0.1033184007,0.6079943180,-0.3375666142,0.2859309316
4.3576741219,-0.1512140185,0.3139265180,0.0945271924,0.2809142172,-0.3647002280,0.1599154770
4.3680419922,-0.1616517454,0.3045625687,0.0889967158,0.0445956886,-0.4027245641,0.0519631803
4.3777079582,-0.1710500270,0.2741972804,0.0837789252,-0.0796779245,-0.4387549758,-0.0497079194
4.3877220154,-0.1698532254,0.2503046989,0.0817781165,-0.0940363631,-0.4675900936,-0.1589372158
4.3979368210,-0.1677608639,0.2279439569,0.0807628110,-0.0540750995,-0.4841938615,-0.2619093955
4.4076919556,-0.1717069894,0.1982830763,0.0909587815,0.0304805338,-0.4799639583,-0.3438000083
4.4177322388,-0.1517982036,0.1732376814,0.1276258379,0.1469641328,-0.4679214060,-0.4162032306
4.4277319908,-0.1509623677,0.1583040357,0.1818413287,0.2297059000,-0.3770423532,-0.4880305529
4.4379558563,-0.1554362923,0.1368402243,0.2381998450,0.3024113774,-0.2432832420,-0.5356924534
4.4477009773,-0.1570903808,0.1027727053,0.2385037690,0.3853904307,-0.0477422364,-0.6177601814
4.4576759338,-0.1720395237,0.1218189523,0.2304783612,0.4766994119,0.1745555401,-0.7031942606
4.4676723480,-0.1640475541,0.1376793981,0.2374232560,0.5785179734,0.4099148214,-0.7706598639
4.4779191017,-0.1390551478,0.1366202831,0.2615076303,0.7210139632,0.6275044084,-0.8284788132
4.4877099991,-0.1293774992,0.1359356046,0.2868482471,0.8797969818,0.8110331893,-0.8839617968
4.4976758957,-0.1115688235,0.1348107457,0.3017711639,1.0207064152,0.9592000246,-0.9338915348
4.5076799393,-0.0985326916,0.1263016462,0.3153941631,1.1032782793,1.0526149273,-0.9589899778
4.5179452896,-0.0825943500,0.1425536275,0.3033388257,1.1458995342,1.0782386065,-1.0006177425
4.5276479721,-0.0701863319,0.1561074257,0.2416929752,1.1385823488,1.0746395588,-1.0398977995
4.5377030373,-0.0750812441,0.1505615711,0.1969854981,1.0365862846,1.0370534658,-1.0927003622
4.5476608276,-0.0701889545,0.1523705721,0.1724452525,0.8514950275,0.9785308838,-1.1442487240
4.5576682091,-0.0639256388,0.1300277710,0.1547029763,0.6046043038,0.9025090933,-1.1871448755
4.5676422119,-0.0624782592,0.1146199629,0.1616723090,0.3225879967,0.8134103417,-1.2267409563
4.5776681900,-0.0609309822,0.1030791327,0.1787029058,0.0488733873,0.7480078936,-1.2516188622
4.5876479149,-0.0679281503,0.0815154836,0.1905293018,-0.1919900924,0.7117164731,-1.2777750492
4.5979251862,-0.0621194988,0.0657686517,0.1880497485,-0.3893505633,0.7067693472,-1.3031045198
4.6076240540,-0.0415741354,0.0521560274,0.1912186891,-0.5470464230,0.6922700405,-1.3560198545
4.6177053452,-0.0129744569,0.0369862281,0.2110504657,-0.6975769997,0.7152315378,-1.4091820717
4.6275968552,0.0243451428,0.0144110862,0.2722067833,-0.8364733458,0.7417007089,-1.4379411936
4.6376700401,0.0450951904,-0.0073064021,0.3183045983,-0.9097433090,0.8276395798,-1.4469493628
4.6476020813,0.0773587078,-0.0025667006,0.3306823373,-0.8890497088,0.9110838771,-1.4570664167
4.6576619148,0.1094595045,0.0324822031,0.2962503433,-0.7883625627,1.0047190189,-1.4726166725
4.6676049232,0.1298241466,0.0580602847,0.2487492114,-0.6384827495,1.0869886875,-1.4870659113
4.6776270866,0.1305560321,0.0645314977,0.2196869403,-0.4576191008,1.1652363539,-1.5004506111
4.6875920296,0.1028219312,0.0508620106,0.2060772926,-0.2616162896,1.2200829983,-1.5136917830
4.6976389885,0.0641692132,0.0356908999,0.1940395981,-0.1145498827,1.2563464642,-1.5299615860
4.7075862885,0.0327969044,0.0357765518,0.2142600566,-0.0453716218,1.2835559845,-1.5354982615
4.7176427841,0.0137676438,0.0341481529,0.2302940637,-0.0306908097,1.3115482330,-1.5250657797
4.7275681496,0.0042375163,0.0373437367,0.2144050151,-0.0458117053,1.3317656517,-1.5219991207
4.7375969887,0.0042452649,0.0435060225,0.1723618060,-0.0705684572,1.3613957167,-1.5349248648
4.7475910187,0.0060245232,0.0312107746,0.1267272979,-0.0933331549,1.4008285999,-1.5277278423
4.7576289177,0.0198943447,0.0307385270,0.0882418230,-0.1268572956,1.4550426006,-1.5323060751
4.7676229477,0.0311419796,0.0566580258,0.0568025187,-0.1669466645,1.5263599157,-1.5306158066
4.7775549889,0.0427939743,0.0678197667,0.0375029519,-0.2251469791,1.5838514566,-1.5043879747
4.7875537872,0.0530316681,0.0641322657,0.0289638117,-0.2525881827,1.5462223291,-1.5051872730
4.7975292206,0.0662600845,0.0635414645,0.0033807240,-0.2712870240,1.4997625351,-1.5463048220
4.8075089455,0.0855956525,0.0682635233,0.0567293838,-0.3450451493,1.5036579370,-1.5239684582
4.8175468445,0.0547889918,0.0554479919,0.1074816063,-0.4382430017,1.5236829519,-1.4730397463
4.8275117874,0.0130821308,0.0338517986,0.0993245319,-0.4616900086,1.5014473200,-1.4271962643
4.8375859261,0.0158840250,0.0376265608,0.0532603934,-0.4038203061,1.4699192047,-1.4164071083
4.8475070000,0.0106120547,0.0659931824,-0.0092377579,-0.2937742472,1.4663136005,-1.4377083778
4.8575677872,-0.0230348874,0.0703169629,-0.0671619102,-0.1562472731,1.4918655157,-1.4496592283
4.8675060272,-0.0462386757,0.0548602901,-0.1083961055,-0.0400093421,1.5129172802,-1.4679375887
4.8775310516,-0.0513107330,0.0480852090,-0.1217551753,0.0116065778,1.4861749411,-1.5166683197
4.8874812126,-0.0554074794,0.0244895760,-0.0980927274,0.0165837593,1.4195213318,-1.5661718845
4.8975090981,-0.0467522293,-0.0143809970,-0.0612276718,-0.0137094297,1.3401657343,-1.5698885918
4.9074821472,-0.0354657322,-0.0261252578,-0.0300730392,-0.0591967553,1.2812209129,-1.5471643209
4.9175200462,-0.0156864095,-0.0207934733,-0.0190556571,-0.1358814240,1.2488182783,-1.5160868168
4.9274649620,0.0104366383,-0.0082072672,-0.0006716170,-0.2171539068,1.2475385666,-1.4671517611
4.9375309944,0.0467564911,-0.0058859340,0.0352928117,-0.2279997468,1.2479043007,-1.4150916338
4.9474611282,0.0884950608,-0.0076963357,0.0618417934,-0.1451903582,1.2831821442,-1.3643834591
4.9575171471,0.1354565471,0.0118967239,0.0635628179,0.0051566698,1.2784783840,-1.3007152081
4.9674429893,0.1526830643,0.0472733937,0.0702932552,0.1825301200,1.2469446659,-1.2740747929
4.9774470329,0.1436512321,0.0752051398,0.0487729385,0.3429601490,1.2107427120,-1.2782022953
4.9875831604,0.1424935907,0.1145269200,0.0037547431,0.3916533887,1.1476881504,-1.3213853836
4.9974308014,0.1387535185,0.1346856952,-0.0379757211,0.2717340291,1.0874195099,-1.3857150078
5.0074310303,0.1168947667,0.1005763635,-0.0301451012,-0.0304037221,0.9726503491,-1.4091948271
5.0174198151,0.1033016294,0.0579955541,-0.0117165362,-0.4401775301,0.8252286315,-1.4037023783
5.0274229050,0.1174588054,0.0238405410,-0.0033981719,-0.9067236781,0.6831218004,-1.3503979445
5.0374541283,0.1446544975,-0.0125518497,-0.0255436823,-1.2724976540,0.5664538145,-1.1634682417
5.0473990440,0.1763282269,-0.0238539036,-0.0425527021,-1.4797765017,0.4974132180,-0.9249001741
5.0574622154,0.1652090400,0.0177240316,-0.0473309085,-1.6198271513,0.4582194686,-0.7566903830
5.0673999786,0.1415370554,0.0034804887,-0.0516728088,-1.8391621113,0.4693877101,-0.6269978881
5.0775160789,0.1471748203,-0.1015280560,-0.0508122370,-2.0333776474,0.5364351869,-0.4849359393
5.0885300636,0.1825266331,-0.2159885764,-0.0789112970,-2.0493543148,0.6059495807,-0.3408903480
5.0975513458,0.2139072269,-0.2507861257,-0.1244683191,-1.7966885567,0.6202102304,-0.2774181962
5.1074600220,0.2016060799,-0.1785537899,-0.1572791785,-1.3392899036,0.5836032033,-0.3476180434
5.1173729897,0.1486091465,-0.0777220502,-0.1466193646,-0.8310420513,0.4870418012,-0.4748313725
5.1272759438,0.0965707749,0.0102244560,-0.1078453586,-0.3375200033,0.3594670594,-0.5912117958
5.1373653412,0.0730547756,0.0828916952,-0.1110409424,0.1576647162,0.2718352377,-0.6632335186
5.1472830772,0.0562997907,0.1282252669,-0.1434174031,0.6056047082,0.2159439921,-0.7301145196
5.1577620506,0.0400535315,0.1372279525,-0.1503389329,0.9625779986,0.1808885336,-0.7779440880
5.1676440239,0.0464262813,0.1382853985,-0.1507752389,1.1977993250,0.1157915667,-0.7288162112
5.1774940491,0.0905862302,0.1683879495,-0.1336697787,1.2727484703,0.0572038852,-0.6477444172
5.1873607635,0.1163390726,0.1752824187,-0.1374360770,1.1988265514,0.0698935837,-0.5967803001
5.1974258423,0.1308675855,0.0995819345,-0.1745232791,0.8994662762,0.1096457839,-0.5522102118
5.2074370384,0.1428018659,0.0025226420,-0.1253150553,0.4967917800,0.1208252013,-0.5052562952
5.2173528671,0.1618797034,-0.0479845144,-0.0441320464,0.0859152973,0.1038683280,-0.4910469651
5.2274217606,0.1630921215,-0.0695183799,0.0630112961,-0.2736476660,0.0714153126,-0.4608384669
5.2373819351,0.1417055577,-0.0436281897,0.1442625672,-0.5756316185,0.0364285670,-0.4040941000
5.2473158836,0.0961177200,-0.0043327413,0.1736901551,-0.6644243002,0.0352178961,-0.3402807415
5.2573232651,0.0624080747,-0.0234204587,0.0279614404,-0.4608292878,0.0542509742,-0.2991147935
5.2675561905,0.0456491560,0.0324181430,-0.0930793211,-0.0546934828,-0.0077769780,-0.2958090305
5.2772369385,0.0383727998,0.1651970446,-0.1818057150,0.3177464008,-0.0942799151,-0.3741243482
5.2873048782,0.0141622862,0.1265455633,-0.2015335411,0.4702688158,-0.1792576611,-0.4501719773
5.2973179817,0.0062988834,0.0196943823,-0.1792012304,0.4984302819,-0.2240352482,-0.4626514316
5.3073310852,0.0190140437,-0.0454082079,-0.2235596627,0.5069111586,-0.2415942699,-0.3988000154
5.3172760010,0.0397061557,-0.0207554754,-0.2734555602,0.3914734721,-0.2703039646,-0.2763563693
5.3272628784,0.0674728006,0.0288360808,-0.2381204814,0.2354940027,-0.3150647581,-0.1197856739
5.3373031616,0.0540440530,0.0273845140,-0.1369392723,-0.0447236747,-0.2885750830,-0.0188373551
5.3472433090,0.0028765039,-0.0831633732,-0.0017947473,-0.4669217765,-0.2579087913,0.0747490600
5.3572621346,0.0115169128,-0.2884153426,0.1248133257,-0.9040005803,-0.2568009198,0.2259103358
5.3672170639,0.0579155535,-0.3012719154,0.1746062189,-1.1186759472,-0.2654434144,0.2845478356
5.3772192001,0.0234980416,-0.2311584949,0.2359803468,-1.1393802166,-0.1933830678,0.2299102694
5.3873071671,-0.0364577323,-0.1939649731,0.2902904153,-0.9770238400,-0.0850480646,0.2524669766
5.3972620964,-0.0478567630,-0.1372544318,0.2360028177,-0.6150637269,0.0154178236,0.2993716598
5.4071941376,-0.0391884595,-0.1107848808,0.2021590620,-0.2037669867,0.0968208089,0.3219291568
5.4172248840,-0.0458392650,-0.0647865012,0.1864047199,0.1434891224,0.2049094588,0.2731777132
5.4272990227,-0.0656228215,-0.0808159038,0.1005002931,0.4194647670,0.3588888943,0.0308236722
5.4372138977,-0.0488601476,-0.0546729006,-0.0664333627,0.7674913406,0.2770653963,-0.1038144305
5.4472031593,-0.0003929897,0.0678727999,-0.1570375413,1.1719338894,0.2264150083,-0.2684390843
5.4571518898,-0.0096159140,0.1143689677,-0.1322207302,1.5523470640,0.1355213374,-0.4922781289
5.4672622681,-0.0333556682,0.1113594100,-0.1323649734,1.9572644234,0.1178011820,-0.5561894774
5.4771680832,-0.0116981426,0.1134849712,-0.1911508888,1.9164180756,0.0108598229,-0.5257204175
5.4871630669,0.0352755636,0.0754026696,-0.1454845518,1.4190589190,-0.0485342629,-0.3964385688
5.4972181320,0.0696252435,-0.1264837086,-0.0873892829,0.6404529810,-0.1338337064,-0.0426301695
5.5071539879,0.1481212825,-0.1265677810,-0.0367618129,0.0851828009,-0.2076035291,0.2078979164
5.5172810555,0.2098840922,-0.0211606678,-0.1031551883,-0.1346793920,-0.2271372974,0.2474864721
5.5272808075,0.2479996532,0.0765207633,-0.1192211434,-0.1902803332,-0.2314974219,0.2879244387
5.5373048782,0.2858657539,0.1358892620,-0.0550777242,-0.1882480830,-0.2510793805,0.3719828725
5.5472359657,0.3097426593,0.0987629518,0.0218371227,-0.1647541970,-0.2979853451,0.4901960492
5.5572900772,0.3212743700,0.0539324395,0.0341408923,-0.0412043035,-0.2942361832,0.5665765405
5.5672440529,0.3214358985,0.0031469262,-0.0257039592,0.1082552224,-0.3067383766,0.5941754580
5.5772042274,0.3269788921,-0.0194916036,-0.0405259058,0.2897922695,-0.3327329755,0.6399003267
5.5872259140,0.3246910274,-0.0395294018,-0.0416248366,0.4426957965,-0.3688491583,0.6527764797
5.5972747803,0.3072205484,-0.0601235963,-0.0684270188,0.5500427485,-0.4386314452,0.6446545720
5.6072049141,0.3063411415,-0.0460221209,-0.0888236687,0.6294923425,-0.5082485676,0.6811718345
5.6172289848,0.3143835366,-0.0046978495,-0.1312098950,0.6597844362,-0.5665917993,0.7059653997
5.6271672249,0.3101420105,0.0187900607,-0.2040791363,0.6480465531,-0.5666916966,0.7049118280
5.6372728348,0.3149651587,-0.0106709506,-0.2756765485,0.5571062565,-0.5448787212,0.7133334875
5.6471991539,0.3446397483,-0.0472346433,-0.2864192128,0.4244323671,-0.5168386102,0.7376793027
5.6572241783,0.3572162092,-0.0747334734,-0.2418555468,0.2898567021,-0.5124318600,0.7494292259
5.6671571732,0.3400563896,-0.0777083561,-0.1762821525,0.2298964262,-0.5050871372,0.7876695395
5.6771960258,0.3102051318,-0.0844703242,-0.1410952657,0.2391438633,-0.4894336164,0.8598035574
5.6871609688,0.2684040368,-0.0841460451,-0.1322085112,0.3092997968,-0.4912618697,0.9575063586
5.6971569061,0.2340322584,-0.0764662400,-0.1154025123,0.4585216343,-0.5240560770,1.1127258539
5.7072191238,0.1962055415,-0.0457592644,-0.0993881747,0.6578919888,-0.5449104905,1.2433960438
5.7171459198,0.1561266631,-0.0180227812,-0.0723540708,0.8553043008,-0.5861130357,1.3710117340
5.7271423340,0.1513237804,-0.0410303511,-0.0514550135,1.0207360983,-0.6349913478,1.5050745010
5.7372050285,0.1680649370,-0.0956963971,-0.0506752059,1.1007198095,-0.6697434783,1.6178545952
5.7472329140,0.1920827478,-0.1274681985,-0.0392549559,1.1252118349,-0.7028654814,1.7221666574
5.7571182251,0.2086833566,-0.1414652467,-0.0201026723,1.1483447552,-0.6986308098,1.8219898939
5.7671470642,0.2131386846,-0.1437847018,-0.0292749330,1.1362482309,-0.6946552396,1.9228997231
5.7771410942,0.2131388038,-0.1295102239,-0.0502580926,1.0965416431,-0.7038162351,2.0122265816
5.7871041298,0.1725900024,-0.1221878305,-0.0520092770,1.0396940708,-0.7003957033,2.0887362957
5.7970333099,0.1128628701,-0.1119047776,-0.0315971896,0.9659287930,-0.7215792537,2.1781661510
5.8070268631,0.0974974483,-0.1024311855,-0.0141400611,0.9019668102,-0.7798042297,2.3018257618
5.8170309067,0.0893798321,-0.0920873359,0.0106057609,0.8498793840,-0.8518802524,2.4202563763
5.8270587921,0.0592995733,-0.0742327645,0.0295981243,0.7594051361,-0.9201745987,2.5153152943
5.8370141983,0.0597367138,-0.0494568981,0.0597756580,0.6432073116,-0.9810691476,2.6241555214
5.8470010757,0.0955025405,-0.0197593030,0.0875485614,0.5419046879,-1.0323102474,2.7233610153
5.8570327759,0.1238505691,0.0166771356,0.0882175043,0.4739122987,-1.0974684954,2.7896988392
5.8670129776,0.1251720637,0.0788366124,0.0724687055,0.4463645518,-1.1274987459,2.8026614189
5.8770561218,0.1103745550,0.1352781653,0.0692857578,0.4283781052,-1.1353774071,2.7719130516
5.8869962692,0.1162511557,0.1432852745,0.0341329649,0.3796499968,-1.1628737450,2.7253801823
5.8970580101,0.1121684164,0.1419731975,0.0104768956,0.3425907791,-1.1723097563,2.6564159393
5.9069709778,0.1078073233,0.1452438831,-0.0082472479,0.3427915573,-1.1728348732,2.5948004723
5.9170398712,0.1284802407,0.1620928645,-0.0285215899,0.3846640587,-1.1857022047,2.5512933731
5.9269838333,0.1460554451,0.1639769673,-0.0464402363,0.4649271965,-1.2054975033,2.5386171341
5.9370203018,0.1289443225,0.1574835181,-0.0337067768,0.5225315094,-1.2007769346,2.5385463238
5.9469618797,0.0846792907,0.1688987613,0.0162876919,0.5384478569,-1.1920399666,2.5459153652
5.9570221901,0.0573527664,0.1698982120,0.0823263004,0.5042676926,-1.2006065845,2.5757448673
5.9669508934,0.0581041425,0.1481697559,0.1014612988,0.3557197452,-1.1876887083,2.5959501266
5.9770150185,0.0523965210,0.1325697899,0.1028490737,0.0694333911,-1.1642181873,2.5991818905
5.9869251251,0.0509099811,0.1395911574,0.0905848816,-0.2785818279,-1.1573816538,2.5887565613
5.9969429970,0.0557404608,0.1332316995,0.0898890570,-0.6157972813,-1.1664770842,2.5805528164
6.0069313049,0.0425904840,0.1165074632,0.0995712355,-0.8994372487,-1.1945217848,2.5575602055
6.0169219971,0.0026607350,0.1054255888,0.1228421405,-1.0558691025,-1.2398533821,2.5229053497
6.0269141197,-0.0374225527,0.0831612274,0.1472793967,-1.0554547310,-1.2733551264,2.4795641899
6.0369482040,-0.0463863164,0.0583251081,0.1599807292,-0.8417289257,-1.2754871845,2.4114344120
6.0469079018,-0.0553133637,0.0448247157,0.1457157880,-0.4658757150,-1.2624644041,2.3441569805
6.0569238663,-0.0605651289,0.0400686823,0.1617771536,-0.1639039963,-1.2201248407,2.2724921703
6.0669031143,-0.0514930636,0.0438169800,0.2232257873,-0.0254992452,-1.1501457691,2.2060735226
6.0769581795,-0.0403663665,0.0461787544,0.2637737393,-0.1551283449,-1.0767029524,2.1621289253
6.0868883133,-0.0039645000,0.0387375318,0.2720336318,-0.4373975694,-1.0159362555,2.1491832733
6.0969519615,0.0161113869,0.0769172832,0.2916070819,-0.7248928547,-0.9607290030,2.1160929203
6.1068859100,0.0378033370,0.1599627137,0.2925693393,-0.9224847555,-0.9274229407,2.0650203228
6.1169281006,0.0303995740,0.2334647775,0.2934446931,-0.9598006010,-0.9058622718,1.9958534241
6.1268577576,-0.0220224429,0.2644782662,0.2703781724,-0.7951751947,-0.8979156613,1.9011341333
6.1369447708,-0.0648502856,0.2958446145,0.2320339233,-0.4821791649,-0.8700062633,1.7562475204
6.1468720436,-0.1211170703,0.3190483451,0.2049614936,-0.0722153485,-0.8074488640,1.5760114193
6.1569190025,-0.1785833389,0.2941702008,0.1840687543,0.3174656928,-0.7460885644,1.3989838362
6.1668462753,-0.1975910217,0.2836305499,0.1547466666,0.5117622614,-0.6725099683,1.2028909922
6.1769027710,-0.2126011997,0.3035542965,0.1596264392,0.4764052927,-0.5950511098,1.0430527925
6.1868319511,-0.2155478746,0.2996425629,0.1792873889,0.2084164470,-0.5289599895,0.8898270726
6.1968660355,-0.2271539718,0.3015874624,0.2039823085,-0.1481123865,-0.4772882760,0.7558814883
6.2068071365,-0.2113279253,0.3113597631,0.2063545734,-0.4789989591,-0.4307130575,0.6272612214
6.2168989182,-0.2013522238,0.3465436101,0.2042626292,-0.6731712818,-0.3843546212,0.4751770198
6.2266459465,-0.2252791375,0.3800783753,0.2077058107,-0.5089160204,-0.3095581532,0.3237177134
6.2366890907,-0.2399902791,0.4139313102,0.2140176445,0.0782511160,-0.2467171252,0.1412312686
6.2466249466,-0.2422069460,0.4672797322,0.2096958905,0.9205352068,-0.1620589644,-0.0957567692
6.2569971085,-0.2625837624,0.4895966649,0.2058790475,1.7914900780,-0.0631960258,-0.3232988417
6.2668857574,-0.2777729630,0.4656235576,0.2088723928,2.4874575138,0.0247327629,-0.5453324318
6.2767581940,-0.2707509398,0.4490495324,0.2263452560,2.7275767326,0.1166389808,-0.7649503946
6.2868022919,-0.2602236271,0.3976926208,0.2583561540,2.3987808228,0.1706665307,-0.8989324570
6.2968220711,-0.2388491482,0.3068961501,0.2804624438,1.5681825876,0.2211462110,-0.9932312965
6.3068170547,-0.2010215372,0.2552270293,0.2873923182,0.5407035947,0.2912302315,-0.9919058084
6.3168091774,-0.1744592041,0.2145584226,0.2906706929,-0.3693534136,0.3527876139,-0.9693605304
6.3267550468,-0.1706364602,0.1763972640,0.2696277499,-0.9888576865,0.3877775371,-0.9415326715
6.3367681503,-0.1825723797,0.1495686173,0.2346028835,-1.3423608541,0.4169298410,-0.9616578817
6.3468360901,-0.1904685646,0.1450478435,0.2063296586,-1.4779778719,0.4484504759,-1.0276358128
6.3567543030,-0.1814040691,0.1616247296,0.1848442107,-1.4088580608,0.5145054460,-1.1152284145
6.3667469025,-0.1628606170,0.1715748310,0.1665671021,-1.1007829905,0.6036939025,-1.2137619257
6.3767471313,-0.1464747638,0.1878553629,0.1431474239,-0.6686875224,0.6776226759,-1.3345950842
6.3868150711,-0.1321688443,0.2147350907,0.1375181228,-0.2384362817,0.7267241478,-1.4818239212
6.3967299461,-0.1126924306,0.2004240751,0.1512821466,0.0831526667,0.7409675717,-1.6064372063
6.4067249298,-0.0759238452,0.1797401309,0.1772633344,0.2615684867,0.7565659881,-1.6937791109
6.4167041779,-0.0495694727,0.1733996272,0.1962729245,0.2829532623,0.7744096518,-1.7523453236
6.4267921448,-0.0306494404,0.1554442048,0.1837034971,0.1473120749,0.7923990488,-1.7757399082
6.4367489815,-0.0079864422,0.1353975534,0.1726592332,-0.1026554182,0.8171272874,-1.7820981741
6.4466910362,0.0006902055,0.1138083264,0.1692447811,-0.4093168378,0.8469645977,-1.7650792599
6.4567050934,0.0089212498,0.0857147500,0.1725178510,-0.6968994141,0.8856666684,-1.7290098667
6.4667778015,0.0087615689,0.0618162714,0.1712374240,-0.8906638622,0.9389852881,-1.6930989027
6.4766912460,0.0032314495,0.0521422587,0.1498389989,-0.9274679422,0.9881510139,-1.6593931913
6.4866552353,0.0069644288,0.0690781400,0.1269975454,-0.8227865696,0.9845765233,-1.6721918583
6.4966802597,0.0263317656,0.1025797054,0.1161921695,-0.6312348247,0.9450386763,-1.7198784351
6.5067391396,0.0469179600,0.1127791926,0.1497681290,-0.5017204881,0.9220910072,-1.7708148956
6.5166730881,0.0510686487,0.1002913043,0.2222852260,-0.4463399649,0.9489895105,-1.7997102737
6.5265889168,0.0426792353,0.0644438788,0.2565013766,-0.3998491168,1.0070638657,-1.8001194000
6.5366711617,0.0420562476,0.0473113619,0.2328601629,-0.3477462828,1.0404062271,-1.8237477541
6.5467410088,0.0461432189,0.0540068708,0.1816065460,-0.2914782166,1.0897425413,-1.8549163342
6.5566620827,0.0462082475,0.0543127619,0.1320681125,-0.2853571773,1.1365476847,-1.8860306740
6.5665569305,0.0368769020,0.0706646368,0.1352874786,-0.3914396763,1.1922279596,-1.9033159018
6.5766382217,0.0319630355,0.0674824044,0.1780699641,-0.6042320728,1.2344565392,-1.8970664740
6.5867118835,0.0355936736,0.0130020920,0.2346094996,-0.8575908542,1.2617449760,-1.8513835669
6.5966768265,0.0367350429,-0.0259448942,0.2545910478,-1.1013071537,1.2879674435,-1.8142004013
6.6067762375,0.0509136766,-0.0198015030,0.2323545963,-1.2798451185,1.3082439899,-1.7812730074
6.6166219711,0.0644373745,0.0034841842,0.2212698609,-1.3676930666,1.3355972767,-1.7527039051
6.6266899109,0.0833057016,0.0364519916,0.2201056629,-1.3497936726,1.3541595936,-1.7230898142
6.6366138458,0.1028437465,0.0587707125,0.2167703658,-1.2711107731,1.3838005066,-1.7031527758
6.6468238831,0.1114157885,0.0693954155,0.2016901523,-1.1936273575,1.4284201860,-1.6801235676
6.6565709114,0.1253819913,0.0673637316,0.1876437813,-1.1536343098,1.4793697596,-1.6326735020
6.6666569710,0.1406089514,0.0573102795,0.1870485097,-1.1607283354,1.5417771339,-1.5778288841
6.6765928268,0.1453370303,0.0459419452,0.1868097335,-1.2150017023,1.6263402700,-1.5145974159
6.6868062019,0.1472973675,0.0268033687,0.1929348260,-1.2735949755,1.7110029459,-1.4354261160
6.6966090202,0.1424927562,0.0116988365,0.1840230972,-1.3025248051,1.8247164488,-1.3607137203
6.7066440582,0.1474603266,0.0194788519,0.1583228856,-1.3130290508,1.9169238806,-1.3177461624
6.7165470123,0.1541370600,0.0174508039,0.1280054599,-1.3497251272,1.9689437151,-1.3254927397
6.7267761230,0.1614240259,-0.0023856813,0.1186339334,-1.3817757368,1.9771372080,-1.3382722139
6.7365059853,0.1684386581,0.0042528459,0.1150476411,-1.3258379698,1.9366947412,-1.3688595295
6.7465991974,0.1755219549,0.0454334579,0.0831451491,-1.1766825914,1.8552606106,-1.4024322033
6.7565269470,0.1850139350,0.1132634208,0.0552232936,-0.9601644874,1.7594012022,-1.4338328838
6.7667031288,0.1749173850,0.1677437425,0.0290584639,-0.7588199377,1.6838963032,-1.4462325573
6.7764978409,0.1476226300,0.1738662720,0.0073208292,-0.6504735351,1.6174370050,-1.4416279793
6.7866139412,0.1251903623,0.1683802605,-0.0172528550,-0.6449179053,1.5855342150,-1.4276138544
6.7965121269,0.1128569096,0.1573521495,-0.0460428521,-0.7121146321,1.5733829737,-1.4126137495
6.8067941666,0.1145477146,0.1336194873,-0.0839126632,-0.8377867937,1.5308914185,-1.3931273222
6.8165049553,0.1277629584,0.1063437983,-0.1138478443,-1.0105466843,1.5050889254,-1.3790272474
6.8265790939,0.1376256198,0.0949260220,-0.1223323867,-1.1695251465,1.4953269958,-1.3767281771
6.8365149498,0.1461604089,0.0863915011,-0.1520510167,-1.2494153976,1.4691793919,-1.3626933098
6.8464798927,0.1529574841,0.0702368841,-0.1557428092,-1.2607969046,1.4294551611,-1.3730517626
6.8564872742,0.1537713856,0.0590506159,-0.1381201595,-1.2050696611,1.3958383799,-1.3548115492
6.8665342331,0.1620660871,0.0509468876,-0.1035711095,-1.0800760984,1.3609656096,-1.2962411642
6.8764681816,0.1630176157,0.0475679897,-0.0801695511,-0.8802827597,1.3107692003,-1.2227516174
6.8865399361,0.1671144217,0.0611081980,-0.1138895079,-0.6345890760,1.2661511898,-1.1631399393
6.8964619637,0.1681325287,0.0760904178,-0.1643604487,-0.3910673559,1.2247507572,-1.1003607512
6.9065442085,0.1642752141,0.0642007217,-0.2063708752,-0.2047635466,1.1378813982,-1.0531823635
6.9164447784,0.1612318605,0.0245841090,-0.2126280516,-0.0470633879,1.0282638073,-1.0153976679
6.9265131950,0.1686364263,-0.0125999805,-0.2371702641,0.0650373101,0.8955496550,-1.0124906301
6.9366331100,0.1782430261,-0.0278217550,-0.2526410818,0.1162797287,0.7655477524,-1.0116807222
6.9466528893,0.1960052103,-0.0343773402,-0.2720809579,0.0296119433,0.6538680792,-0.9938977361
6.9565420151,0.2134914845,-0.0191469248,-0.2824901938,-0.1266351938,0.5568121076,-0.9527878761
6.9666190147,0.2198719233,-0.0345222987,-0.2763946056,-0.3182118237,0.4681251049,-0.9010841846
6.9765200615,0.2243872732,-0.0557411648,-0.2471415251,-0.4383061230,0.3915797472,-0.8696967959
6.9865818024,0.2291810364,-0.0794895962,-0.2169113606,-0.4555833936,0.2709992528,-0.8306567669
6.9967203140,0.2415631860,-0.0770214871,-0.1790397614,-0.3726411164,0.1420849413,-0.7321394682
7.0066013336,0.2334620208,-0.0361548103,-0.1483891457,-0.2081352323,0.0698222071,-0.5819885731
7.0164918900,0.2012421936,0.0579351746,-0.1208687350,-0.0780804306,0.0503521040,-0.4767768383
7.0265831947,0.1389425844,0.0840322599,-0.0978413150,-0.1085632369,0.0945544541,-0.4047995806
7.0366110802,0.1078499407,-0.0127643999,-0.0789819285,-0.2449465096,0.1437670141,-0.2754092216
7.0465660095,0.1350024790,-0.0970184281,-0.0811718032,-0.3050354123,0.1556311250,-0.2085135430
7.0565090179,0.1457793564,-0.1005637124,-0.0837749168,-0.2539533079,0.1804797500,-0.2235830426
7.0665979385,0.1288302392,-0.0706426576,-0.0600342080,-0.1846072823,0.1811069250,-0.2130116224
7.0764970779,0.1132233590,-0.0404083766,-0.0098351156,-0.1015091836,0.1685695499,-0.1301247329
7.0864610672,0.1045999974,-0.0194671210,0.0194482282,-0.0367682762,0.1815444678,-0.0463251732
7.0963582993,0.0958615392,-0.0116151925,0.0343173817,-0.0176222790,0.1693200320,0.0068608169
7.1064410210,0.0722135156,-0.0640325919,0.0041394313,-0.0632044151,0.1210805997,0.0316404663
7.1163759232,0.0779131502,-0.1221923605,-0.0209444687,-0.1242555231,0.0221505612,0.0174519420
7.1264472008,0.0712833256,-0.1364359856,-0.0272768065,-0.0873060226,-0.0357598774,-0.0385050662
7.1363573074,0.0446367115,-0.1004200652,-0.0936844870,0.0764984936,-0.0744798407,-0.0904272497
7.1464490891,0.0340998024,0.0026860184,-0.1340560764,0.3614759147,-0.0607278123,-0.1151504442
7.1563768387,0.0324156135,0.0616087280,-0.1521763057,0.6048209071,-0.0514687970,-0.1270643622
7.1664409637,0.0298119020,0.0532646142,-0.0941142365,0.7219744325,-0.0341947339,-0.0879497156
7.1763639450,0.0226104092,0.0182595495,0.0279008821,0.6751859188,0.0190189499,0.0519706383
7.1864261627,0.0392111391,0.0219781939,0.0942162946,0.4782211483,0.0576675422,0.1251625717
7.1963500977,0.0533944815,-0.0511795618,0.1017590240,0.2322286963,0.0947019979,0.1792774647
7.2064061165,0.0511905402,-0.1912990212,0.1166521385,0.0089005399,0.1092971861,0.2133352906
7.2163400650,0.0461578816,-0.2354977727,0.1299789697,-0.1960672587,0.1004653424,0.2411584109
7.2263851166,0.0279329251,-0.2128869891,0.1147731021,-0.3595909178,0.0945286229,0.3199280500
7.2363839149,0.0084269485,-0.1849014163,0.0900964811,-0.5039177537,0.0919200554,0.3954752684
7.2463831902,0.0073611573,-0.1776663065,0.0571869090,-0.6492336988,0.0744582415,0.4849308431
7.2563052177,0.0284734797,-0.2136525512,0.0532679632,-0.8365170956,0.0941621661,0.5837358236
7.2664771080,0.0339850038,-0.2076328993,0.0540259555,-0.7316098809,0.1628616154,0.6480229497
7.2763772011,0.0190369915,-0.1822305322,-0.0665193126,-0.4673537612,0.2131647319,0.6666352749
7.2862930298,0.0176136922,-0.1139530018,-0.0477085635,0.0165551305,0.2033645660,0.5824319720
7.2962808609,-0.0090116421,-0.1093343571,0.0072760065,0.5750851035,0.1131643578,0.4030828476
7.3063769341,-0.0320001394,0.1005125567,0.0309862569,1.1373859644,0.0786798820,0.2361183763
7.3162579536,-0.0273690391,0.2346929908,0.0145056928,1.3097037077,0.0683289766,0.1192005426
7.3262691498,-0.0253759790,0.1126217768,0.0569129661,1.1785579920,0.0522970110,0.1130217463
7.3362703323,-0.0198394228,-0.0659503415,0.0637824014,1.1158649921,0.0081950640,0.1377891302
7.3463249207,-0.0274125505,-0.0722320750,-0.0044348161,1.0367624760,-0.0764820054,0.0565893576
7.3562531471,-0.0421047360,0.0108119193,-0.0248084590,0.7708420753,-0.1594051272,-0.0255545136
7.3662791252,-0.0632980615,-0.0273840483,-0.0122741377,0.3472982943,-0.2238901109,0.0665250793
7.3762531281,-0.0721989423,-0.0641595200,-0.0105433976,-0.0522995666,-0.2688283026,0.2976332605
7.3862681389,-0.0384829193,0.0104392711,-0.0639702007,-0.2483945042,-0.2139685005,0.3909049034
7.3961319923,-0.0593871027,0.0472569726,-0.2175035924,-0.3816498816,-0.1216622666,0.4318338037
7.4062128067,-0.0577685386,0.0413503014,-0.2443338484,-0.5565053821,-0.0307986736,0.4664256275
7.4162211418,-0.0572988540,0.0536267124,-0.1504868120,-0.7102587819,-0.0161741916,0.4409408867
7.4262990952,-0.0762387663,-0.0106996950,-0.1096093580,-0.8189876676,0.0097926948,0.3261101544
7.4362812042,-0.0806344301,-0.0738727823,0.0027072511,-0.7890514731,0.0454516225,0.2196206152
7.4462380409,-0.0756736547,-0.1081451848,0.0802481845,-0.5779440403,-0.0073814988,0.0997655913
7.4562063217,-0.0677188784,-0.0344076194,0.1061710194,-0.2719452381,-0.0686137006,0.0362031236
7.4662890434,-0.0476512462,0.0894949362,0.0536828712,-0.0315917581,-0.0881668925,0.0319125056
7.4763822556,-0.0480311662,0.0830924436,0.0070921262,0.0025482355,-0.0920420587,0.0478497930
7.4862551689,-0.0585017949,0.0406141542,0.0464806631,-0.0905939639,-0.0637960434,0.0604803711
7.4961671829,-0.0678852946,-0.0219142493,0.0614669994,-0.1805460900,-0.0177166928,0.0304962378
7.5062751770,-0.0714396983,-0.0554246344,0.0323507860,-0.2554680109,0.0230235457,-0.0122112781
7.5163960457,-0.0513389856,-0.0278971847,0.0231875852,-0.4167162776,0.0449709222,-0.0494241565
7.5262141228,-0.0252060462,-0.0164536294,0.0135874236,-0.6400969028,0.0638862848,-0.0100823473
7.5361700058,0.0056860880,-0.0315547027,0.0083450759,-0.7406550646,0.0668312088,0.0505257398
7.5462388992,0.0200089049,-0.0562081970,-0.0302998349,-0.6489035487,0.0498799272,0.1100654975
7.5562119484,0.0222848486,-0.0338054933,-0.0797187015,-0.4671086073,0.0085703041,0.1144561172
7.5661811829,0.0120253405,0.0130994264,-0.0882499740,-0.3993026614,-0.0404784679,0.0669192299
7.5761580467,-0.0139169255,-0.0121510383,-0.0352269933,-0.3754661679,-0.0705026835,0.0341635421
7.5862102509,-0.0282959510,-0.0779033974,-0.0459932610,-0.2624738514,-0.0483164154,0.0265040267
7.5961170197,0.0002445416,-0.0342246033,-0.0859424397,-0.0237752479,0.0204551928,-0.0219162367
7.6062240601,0.0205917191,-0.0085249599,-0.0733222291,0.1903831065,0.0931941047,-0.0841561705
7.6161570549,0.0066113309,-0.0282707866,0.0188203529,0.3523403406,0.1422583312,-0.1175202578
7.6261568069,0.0002052622,-0.0528952517,0.0959279016,0.5429406166,0.1815490127,-0.0701005459
7.6361360550,0.0169574451,-0.0160539206,0.0228281096,0.7647020817,0.2006683797,-0.0353223234
7.6461839676,0.0493377298,0.0484570824,-0.1315458864,0.9612468481,0.1850787699,-0.0364208780
7.6562051773,0.0946044773,0.0370004736,-0.2836182117,1.1134883165,0.1092021018,-0.0477209352
7.6662530899,0.1332947463,0.0090706889,-0.3528975844,1.2095562220,-0.0152127901,-0.0597299300
7.6762919426,0.1613324732,0.0167241935,-0.3541305661,1.1648825407,-0.1714479327,-0.0406249426
7.6862010956,0.1914190501,0.0462335013,-0.3129888773,0.9809896350,-0.2940952778,0.0325414129
7.6961860657,0.2132992595,0.0501461588,-0.2751187086,0.6372932792,-0.4679304659,0.1390854418
7.7062220573,0.2297239751,-0.0066425554,-0.3306275606,0.2753432691,-0.6238462925,0.2327773124
7.7161860466,0.2447996587,-0.0867015198,-0.3938065171,-0.1248812228,-0.8118289709,0.3606991768
7.7262420654,0.2396204323,-0.1119292453,-0.3704491854,-0.5320652723,-0.9252066612,0.4700826705
7.7362580299,0.1720358580,-0.1382351220,-0.3442099094,-0.8516209126,-1.0465396643,0.5698955655
7.7462449074,0.1074088663,-0.1663472652,-0.3162142634,-1.0183326006,-1.1881471872,0.6601710916
7.7561621666,0.0961087793,-0.1364817619,-0.2936557531,-1.0706850290,-1.3365787268,0.7238512635
7.7662138939,0.1024940461,-0.1058253124,-0.2664201856,-1.0558842421,-1.4633328915,0.7618466020
7.7761511803,0.1198100895,-0.1049366072,-0.2268501967,-0.8981969357,-1.5603686571,0.7708643079
7.7862272263,0.1557932943,-0.0930862501,-0.2083669156,-0.6147166491,-1.6204568148,0.7370594740
7.7961449623,0.2069942802,-0.0255596694,-0.1906087250,-0.2025866657,-1.6102517843,0.6825240850
7.8061981201,0.2456379980,0.0284619872,-0.1851482838,0.2904081345,-1.5673747063,0.6255950332
7.8161339760,0.2812619507,0.0623125397,-0.1583198756,0.7191278934,-1.5034731627,0.5855726600
7.8261308670,0.3049665391,0.0536628328,-0.0900790021,0.9640266299,-1.4341177940,0.5998253822
7.8362112045,0.2786572874,0.0068621286,-0.0061981003,0.9952513576,-1.3481243849,0.6289957762
7.8459792137,0.2332389206,-0.0417990424,0.0604356006,0.9046863317,-1.2763891220,0.7252714038
7.8559989929,0.2133295387,-0.0586097874,0.0743470863,0.7713774443,-1.2017219067,0.8279313445
7.8660478592,0.2052026838,-0.0543535985,0.0646111444,0.6136335731,-1.1411398649,0.9307006001
7.8760042191,0.1982992142,-0.0719522312,0.0634484962,0.4624199569,-1.0965226889,1.0356944799
7.8859977722,0.2061316818,-0.0847734287,0.0679791644,0.3871973753,-1.0727736950,1.1312083006
7.8959832191,0.2306820005,-0.0748490170,0.0695763305,0.3739460409,-1.0508005619,1.2128789425
7.9059858322,0.2476718873,-0.0565668978,0.0707801059,0.5303167105,-1.0094918013,1.2773077488
7.9160408974,0.2507455647,-0.0334183015,0.0148623670,0.8383218050,-0.9661349654,1.3182417154
7.9259672165,0.2482605428,-0.0014779621,-0.0027787008,1.1540031433,-0.9410306811,1.3433557749
7.9359688759,0.2299425453,-0.0000396424,0.0154355848,1.3663952351,-0.9518859386,1.3815237284
7.9459562302,0.1577939838,-0.0339340605,0.0604940131,1.4379684925,-0.9839019775,1.4475495815
7.9560251236,0.0698067397,-0.0704006627,0.0877715424,1.4114350080,-1.0357449055,1.5339591503
7.9659609795,0.0484878272,-0.0760926679,0.0942305401,1.3113286495,-1.1071839333,1.6449810266
7.9759302139,0.0458713621,-0.0582624711,0.1124094203,1.1856050491,-1.1725467443,1.7400466204
7.9859461784,0.0525282472,-0.0335546173,0.1159994081,1.0640861988,-1.2251582146,1.8222767115
7.9959888458,0.0829744190,-0.0036255771,0.1141284183,0.9775855541,-1.2466325760,1.8894078732
8.0060129166,0.1178477257,0.0180854741,0.1102512553,0.9892570972,-1.2557709217,1.9351418018
8.0159673691,0.1417922825,0.0085884277,0.1118177846,1.0928047895,-1.2644106150,1.9553079605
8.0259027481,0.1546568722,0.0112155024,0.1123408750,1.2442986965,-1.2494443655,1.9434187412
8.0359535217,0.1519352049,0.0259777848,0.0710001662,1.3786047697,-1.2155004740,1.9165452719
8.0459136963,0.1277612299,0.0197365824,0.0336831287,1.4156248569,-1.1641299725,1.8906888962
8.0559005737,0.1093622297,-0.0076011471,0.0115366662,1.3352838755,-1.1294887066,1.8905240297
8.0658826828,0.1226134151,-0.0223055538,0.0018176517,1.1268124580,-1.0988647938,1.9106564522
8.0759391785,0.1156523079,-0.0066499761,0.0087699974,0.7614854574,-1.0737748146,1.9245556593
8.0858840942,0.0866266936,0.0008233732,0.0414171889,0.3118128777,-1.0639187098,1.9842996597
8.0958623886,0.0744222850,-0.0078969654,0.0760908797,-0.1312549710,-1.0921828747,2.0804092884
8.1058654785,0.0719014257,0.0277671162,0.0765391067,-0.4450272620,-1.1240001917,2.1435158253
8.1159267426,0.0638648719,0.0566189848,0.0603454784,-0.6552909017,-1.1507591009,2.2043919563
8.1258497238,0.0416015238,0.0558174811,0.0547205880,-0.7233247757,-1.1980308294,2.2376801968
8.1358470917,0.0180020761,0.0367997251,0.0547641590,-0.6577103734,-1.2574045658,2.2348332405
8.1458454132,0.0125577291,0.0284227673,0.0575739220,-0.4940921664,-1.2872703075,2.2189767361
8.1558980942,-0.0194766689,0.0335603319,0.0598053411,-0.2537971139,-1.2857559919,2.1784276962
8.1658267975,-0.0413919240,-0.0051519922,0.0361284688,-0.0083538145,-1.2669749260,2.1526372433
8.1758432388,-0.0325185210,-0.0484895743,0.0345679000,0.2013641298,-1.1969592571,2.1509745121
8.1858243942,-0.0341468006,-0.0706012920,0.0582600906,0.3333450556,-1.1510308981,2.1527092457
8.1958789825,-0.0511079580,-0.0647391751,0.1267149597,0.3770354390,-1.1410907507,2.1504888535
8.2057876587,-0.0285180379,-0.0612887777,0.2004622370,0.2894349992,-1.1447112560,2.1813828945
8.2157974243,-0.0002563162,-0.0395601429,0.2144582421,0.0920196623,-1.1505594254,2.1762468815
8.2258081436,-0.0104590217,0.0325319134,0.2125543505,-0.1287526488,-1.1673754454,2.1595118046
8.2358913422,-0.0049437447,0.0765286013,0.2199096233,-0.3270827830,-1.1819971800,2.1289353371
8.2457847595,0.0065439180,0.1149268076,0.2249437124,-0.4611764252,-1.2112679482,2.0771617889
8.2557811737,-0.0097914496,0.1585277915,0.2222559005,-0.4691198170,-1.2400811911,1.9647408724
8.2658090591,-0.0409351140,0.2137410045,0.2297275811,-0.3576465547,-1.2425280809,1.8276304007
8.2757978439,-0.0456859022,0.2732786536,0.2393786460,-0.0735778213,-1.1925991774,1.6592494249
8.2858476639,-0.0526179820,0.3369968534,0.2049482018,0.3779670000,-1.1107724905,1.4448628426
8.2972593307,-0.0495468527,0.4061282873,0.1232124045,0.7676873207,-1.0254614353,1.1943771839
8.3067417145,-0.0541255921,0.4506334066,0.1004958823,0.9757214785,-0.9106293321,0.9353262186
8.3165082932,-0.0994589180,0.4327239394,0.1491427571,0.8999201059,-0.8285594583,0.7266176343
8.3264141083,-0.1362033933,0.3763012886,0.2123336941,0.6556890607,-0.8027443886,0.5916970968
8.3364763260,-0.1366185993,0.3266960979,0.2312459499,0.3484768867,-0.7899524570,0.4909020364
8.3457717896,-0.1577856988,0.2904464006,0.2550657988,0.0753321648,-0.7735260725,0.4091821611
8.3560400009,-0.1888794750,0.2412217259,0.2680377960,-0.0942451507,-0.7636979222,0.3369939625
8.3657369614,-0.1960598379,0.2175222039,0.2596899867,-0.1305594742,-0.7335922122,0.2656438947
8.3756933212,-0.2007532865,0.2125543952,0.2366682440,-0.1146028936,-0.6967250109,0.1878396571
8.3859920502,-0.2020717710,0.2168411613,0.2395734340,-0.0562887155,-0.6168137193,0.1054766029
8.3958797455,-0.2135356218,0.2136716843,0.2512809634,0.0422250740,-0.4917218089,0.0206685085
8.4057397842,-0.2280275375,0.2001154423,0.2374508530,0.2344712168,-0.3361042440,-0.0792772621
8.4156684875,-0.2357661277,0.2027919888,0.1918878704,0.4556680620,-0.1837432086,-0.2110930830
8.4257411957,-0.2357589751,0.2268102169,0.1542789489,0.5810174346,-0.0525652207,-0.3586412668
8.4356718063,-0.2553831041,0.1976745129,0.1636573821,0.5804159641,0.0473051816,-0.4294101298
8.4457225800,-0.2752984166,0.1639931798,0.1940693408,0.4597491920,0.0810154751,-0.5028494000
8.4555387497,-0.2348451167,0.1678584218,0.2353174835,0.2931101620,0.1061996594,-0.5315801501
8.4656162262,-0.2309072465,0.1515219808,0.2434261590,0.0805989653,0.1257320791,-0.5549310446
8.4755439758,-0.2394541651,0.1435451508,0.2386521846,-0.1447200477,0.1482999772,-0.5867921710
8.4855709076,-0.2139162570,0.1639352441,0.2428780347,-0.3401023149,0.1646949351,-0.6175713539
8.4955215454,-0.2144444138,0.1752669811,0.2591886520,-0.4683978558,0.2050343603,-0.6581111550
8.5055732727,-0.2021064609,0.2101930976,0.2720461488,-0.4909439087,0.2397124469,-0.7071903348
8.5155792236,-0.1687033325,0.2386800647,0.2708422542,-0.4336405098,0.3131911755,-0.7916387916
8.5255069733,-0.1548569649,0.2626451850,0.2501947284,-0.3146816492,0.4306887686,-0.9082844257
8.5355157852,-0.1436449736,0.2775380611,0.2125557214,-0.2051411718,0.5455290675,-1.0769624710
8.5455074310,-0.1185302287,0.2865975499,0.1850379258,-0.1706753373,0.6973255277,-1.2309552431
8.5554943085,-0.0932089239,0.2788848281,0.1653401405,-0.1607526839,0.8510056138,-1.3923795223
8.5655555725,-0.0863307267,0.2698947787,0.1511038095,-0.1667370498,0.9886039495,-1.5451896191
8.5754652023,-0.0699097067,0.2482090592,0.1784511954,-0.2032924145,1.0674444437,-1.6667875051
8.5855684280,-0.0555351228,0.1989616156,0.2360299379,-0.2973661721,1.1298364401,-1.7850518227
8.5954704285,-0.0596379191,0.1741371155,0.2940883040,-0.4287766516,1.1688743830,-1.8510829210
8.6055412292,-0.0582584888,0.1768988967,0.2932795286,-0.5399242043,1.1955672503,-1.8788006306
8.6154785156,-0.0468902141,0.1866731048,0.2560971379,-0.5666236281,1.2131763697,-1.9203295708
8.6255540848,-0.0313684791,0.1940113902,0.2152092010,-0.5857797265,1.2275190353,-1.9756535292
8.6354780197,-0.0151648680,0.2025530934,0.1962324530,-0.6221914291,1.2547427416,-2.0087378025
8.6455316544,-0.0083097378,0.1941084266,0.1817869693,-0.6938448548,1.2775567770,-2.0258338451
8.6554422379,-0.0169853140,0.1663374305,0.1795236021,-0.8102325201,1.2924519777,-2.0534715652
8.6655168533,-0.0325114280,0.1249725148,0.1775751859,-0.9448425174,1.3094985485,-2.0630495548
8.6754274368,-0.0426814705,0.1018860862,0.1586606652,-1.0355066061,1.3044443130,-2.0725169182
8.6855020523,-0.0528461486,0.0960801765,0.1538133174,-1.0600939989,1.3116720915,-2.0799832344
8.6953296661,-0.0611421019,0.0818846151,0.1513407975,-1.0560485125,1.3457556963,-2.0972034931
8.7054920197,-0.0591391474,0.0828058645,0.1621971875,-1.0555698872,1.4173686504,-2.0976681709
8.7154207230,-0.0373314768,0.0798996016,0.1707315594,-0.9902639389,1.5216000080,-2.0920145512
8.7254085541,0.0033972100,0.0776697323,0.1045627072,-0.8100020289,1.5484273434,-2.1178119183
8.7353658676,0.0294400286,0.0979533121,0.0517929271,-0.5972700715,1.5534145832,-2.2274200916
8.7454891205,0.0407999009,0.1030578539,0.0975797251,-0.7426615953,1.6135355234,-2.3148243427
8.7552976608,0.0129968366,0.0921057984,0.2362697870,-1.0199444294,1.6836261749,-2.2417800426
8.7654609680,0.0127171716,0.0403692089,0.2443474084,-1.1475832462,1.7323665619,-2.1761388779
8.7754602432,0.0302413534,0.0821587965,0.1646209508,-1.1244149208,1.7919323444,-2.2307219505
8.7852277756,0.0152117452,0.1829341650,0.0639529899,-1.0478817225,1.8540148735,-2.2896096706
8.7951793671,-0.0057098432,0.1865330338,0.0171427205,-0.9947932363,1.9022215605,-2.3250181675
8.8051977158,-0.0257610250,0.1719982624,0.0284841731,-0.9561054707,1.9007890224,-2.4025905132
8.8157033920,-0.0534675866,0.1348989010,0.0530304387,-0.9267960787,1.8714959621,-2.4799757004
8.8253879547,-0.0518579632,0.0939811990,0.0780688003,-0.8876582384,1.8145077229,-2.5550632477
8.8354368210,-0.0273377467,0.0965809748,0.0940645412,-0.8037343025,1.7475247383,-2.5897471905
8.8453388214,-0.0001447959,0.1264707446,0.0874903873,-0.6751800179,1.6970988512,-2.6033210754
8.8554983139,0.0355316252,0.1363754869,0.0671089366,-0.5703355074,1.6638170481,-2.5904297829
8.8654127121,0.0804673284,0.1134045050,0.0532704070,-0.5157854557,1.6336163282,-2.5467138290
8.8753280640,0.1135969609,0.0926481411,0.0430885628,-0.5417114496,1.6363164186,-2.4574725628
8.8853950500,0.1350872964,0.0643547103,0.0175253823,-0.6551977992,1.6342455149,-2.3468911648
8.8954839706,0.1634498090,0.0346534215,-0.0341494605,-0.8956475258,1.6289533377,-2.2478854656
8.9054222107,0.1873377413,0.0297920946,-0.0429053828,-1.2199878693,1.6863727570,-2.1141700745
8.9153232574,0.1833853573,-0.0080688652,-0.0049020569,-1.5414061546,1.7591915131,-1.9316846132
8.9253778458,0.1998095959,-0.0763953701,0.0262217000,-1.7782001495,1.7827261686,-1.7149441242
8.9354686737,0.2500353158,-0.1341308653,0.0532285646,-1.8643153906,1.7944145203,-1.5205444098
8.9455280304,0.2909292877,-0.1456983984,0.0880682543,-1.7432878017,1.8054356575,-1.3411562443
8.9554309845,0.3271753490,-0.1436913610,0.0853983834,-1.4318341017,1.7979798317,-1.2446461916
8.9655342102,0.3475593030,-0.1537284255,0.0602009967,-0.9676080346,1.7808938026,-1.1630554199
8.9755935669,0.3892221749,-0.1393970847,-0.0383901522,-0.3971071541,1.6908903122,-1.0810695887
8.9855318069,0.4155047834,-0.0778138712,-0.0998145863,0.0047838269,1.6109869480,-1.0393987894
8.9954366684,0.3730003536,-0.0307988580,-0.0796424672,0.1058513150,1.5084112883,-1.0016195774
9.0054664612,0.3204560578,-0.0906551555,-0.0404809043,-0.0919965133,1.3659936190,-0.8528854847
9.0154657364,0.3306321204,-0.1147876456,-0.0062380354,-0.4812798202,1.2429393530,-0.6414627433
9.0254955292,0.3400438726,-0.0704141930,-0.0217358395,-0.8953098059,1.1453073025,-0.4344365597
9.0354213715,0.3279500902,-0.0869202390,-0.0428507254,-1.3081284761,1.0420784950,-0.2581848502
9.0454425812,0.3304081857,-0.1278303862,-0.0257286951,-1.6407035589,0.9400202036,-0.1425524950
9.0554094315,0.3496195376,-0.1646219194,-0.0328256413,-1.7853769064,0.8623174429,-0.0983881056
9.0656003952,0.3619551361,-0.1628252864,-0.0632715747,-1.6775028706,0.8525183201,-0.0920255482
9.0755043030,0.3642881811,-0.1235924140,-0.1351982802,-1.2227971554,0.8612744808,-0.1051506698
9.0855321884,0.3619228899,-0.0526824035,-0.2154905051,-0.5383328795,0.8575096130,-0.1650981605
9.0954990387,0.3221790493,0.0434592329,-0.2016722411,0.1134198904,0.8148558736,-0.2428289056
9.1055727005,0.2525960505,0.0820513293,-0.0981650874,0.4449221790,0.7572586536,-0.2788082361
9.1154651642,0.1807262152,0.0366119705,0.0084506953,0.4699087739,0.6705560088,-0.1911476105
9.1255073547,0.1448743194,0.0250963513,0.0881898478,0.3378095925,0.6019305587,-0.0971199125
9.1354799271,0.1273441166,0.0086027030,0.0318446830,0.1023451313,0.5163674951,-0.0156602040
9.1454439163,0.1442471594,-0.0271635111,-0.0415856168,-0.1712661684,0.3942221105,0.0724390298
9.1553850174,0.1490710825,-0.0330008902,-0.0638791248,-0.3891010284,0.2550629079,0.1202385053
9.1654224396,0.1344714016,-0.0536675490,-0.0810901448,-0.5370028615,0.1024469957,0.0310282074
9.1753606796,0.1355138868,-0.0602164008,-0.1335421652,-0.4687864184,0.0084033236,-0.0289660227
9.1854152679,0.1655340642,-0.0220191535,-0.2643101811,-0.1859917194,-0.1154363304,-0.0177365392
9.1953430176,0.1538112015,0.0921601579,-0.3114926219,0.0664213598,-0.1660569012,-0.0409561060
9.2053937912,0.0757009834,0.0799934492,-0.2641444802,0.0739964545,-0.1620863974,-0.0834827870
9.2152833939,0.0361161679,-0.0505949892,-0.1310269684,-0.0061423238,-0.1530747861,-0.0824244544
9.2253856659,0.0605617017,-0.1052087620,-0.0585527942,-0.0114697106,-0.1604613215,-0.0664369687
9.2352828979,0.0718749613,-0.0837612823,-0.0473739430,0.0013564713,-0.1708638966,-0.0440660119
9.2453508377,0.0391084999,-0.0302795824,-0.0347338244,-0.0436269827,-0.1802225113,0.0272063017
9.2552928925,-0.0075056716,0.0906223580,0.0087106908,-0.1084766835,-0.1284141839,0.1448411942
9.2653083801,-0.0392769724,0.0969113037,0.0265085772,-0.2910425067,-0.0254811402,0.2229181528
9.2752389908,-0.0589901358,-0.0591796078,0.0126984799,-0.5419232845,0.0779738724,0.2989147604
9.2853012085,-0.0325145274,-0.1874491274,0.0133884633,-0.7706488967,0.1052347943,0.3190831542
9.2952995300,-0.0141316215,-0.1819746792,0.0147793973,-0.8863258958,0.1461686492,0.3358966410
9.3052825928,-0.0263470579,-0.1408693492,-0.0056567113,-0.8213817477,0.1669780463,0.3357163370
9.3153209686,-0.0282571483,-0.0749951676,-0.0053286473,-0.7327212095,0.1978150606,0.2366516739
9.3252410889,-0.0066715046,-0.0842596963,0.0224278644,-0.6969605684,0.1559001058,0.1774045974
9.3352890015,0.0612741560,-0.1049496606,0.0073412140,-0.6871545911,0.1272178590,0.1892703027
9.3452901840,0.0603107661,-0.0049081496,-0.0361480638,-0.5686260462,0.1342840195,0.1583323628
9.3553133011,-0.0134732882,0.0194113199,-0.0399100706,-0.2921080291,0.1613561213,0.0740349293
9.3654079437,-0.0549141318,0.0575464629,-0.0531498715,0.1963527203,0.1226156503,-0.0237949621
9.3753862381,-0.0320469290,0.0989314839,-0.1109219715,0.7046386003,0.0196775496,-0.1477840096
9.3852853775,-0.0034854575,0.0895283744,-0.1402589530,0.9094255567,-0.0668882355,-0.2068595886
9.3952312469,0.0151980957,-0.0012071186,-0.1189076230,0.7935350537,-0.1390431225,-0.1648757905
9.4052972794,0.0353483409,-0.0414860882,-0.0989957377,0.7113440037,-0.1950989366,-0.0210320670
9.4152193069,0.0119128665,0.0717314407,-0.1096668169,0.6841960549,-0.1804989427,0.0861945227
9.4252576828,-0.0566346794,0.1299646497,-0.0730361268,0.5612309575,-0.1808869690,0.1521511674
9.4352188110,-0.0753849894,0.0470372401,0.0530812219,0.4701361954,-0.1523986012,0.1902719289
9.4452800751,-0.0868567377,0.0685552284,0.1233487204,0.4709649682,-0.0994792059,0.1283094883
9.4552297592,-0.1277769953,0.1144313142,0.1558271199,0.4693069160,-0.0163739286,0.0990884826
9.4651937485,-0.1238133460,0.0274437014,0.1214320138,0.3757641613,0.0589322783,0.1156637296
9.4752197266,-0.0846973211,-0.0786798671,0.0453193858,0.1778098047,0.1067815572,0.1409901232
9.4852209091,-0.0326510817,-0.1146875694,-0.0328885838,-0.0901960805,0.1028525978,0.1741368920
9.4952058792,0.0006784038,-0.1563237607,-0.0997977182,-0.2844220102,0.0813750029,0.2126555294
9.5051488876,0.0142621836,-0.1695365012,-0.1502920836,-0.3569636047,0.0827971250,0.1946363151
9.5152225494,0.0287300181,-0.1643148661,-0.1548493356,-0.2146691680,0.0652530193,0.1394078135
9.5251731873,0.0649432987,-0.1730714738,-0.1349801272,0.0130028743,0.0515422709,0.0798438191
9.5352430344,0.0917742699,-0.0679361895,-0.1000171229,0.2939479947,0.0447722487,0.0340097472
9.5452060699,0.0684083551,-0.0280398782,-0.0454233214,0.5276387930,0.0561716445,0.0305854548
9.5552444458,0.0352505296,-0.0108070131,0.0209166482,0.6630052924,0.0713194385,0.0548288748
9.5650739670,0.0185886454,0.0212119762,0.0516077355,0.6808961034,0.0888582170,0.0897615626
9.5752391815,0.0223262142,0.0244117323,0.0708072856,0.5951547027,0.0953853577,0.1800796092
9.5851564407,0.0395607799,0.0191197339,0.0675727800,0.4273180068,0.1041695327,0.2343218029
9.5952062607,0.0382470936,-0.0175366458,0.0667494014,0.3409428000,0.0813230723,0.2664050162
9.6051101685,0.0252364706,-0.0564951934,0.0636842921,0.3559150994,0.0729974955,0.2791972458
9.6152124405,0.0212275814,-0.0041223816,0.0203189924,0.4827875495,0.0701812059,0.3343686461
9.6255874634,0.0255402755,-0.0168028530,-0.0340828821,0.6739548445,0.0462902524,0.3673242033
9.6352157593,0.0391490310,-0.0405612923,-0.1348453015,0.9078497291,0.0257852431,0.3832324743
9.6454429626,0.0547622293,-0.0491592623,-0.2066691369,1.2161159515,-0.0661023408,0.3581156433
9.6551170349,0.0530696958,-0.0747676864,-0.1799874157,1.5491073132,-0.1739427894,0.3203378916
9.6651153564,0.0329637378,-0.0430124439,-0.1231821701,1.7764458656,-0.2983385026,0.3167362511
9.6751956940,0.0244202446,-0.0041301898,-0.0936008617,1.6837882996,-0.4707611501,0.3604114354
9.6852302551,0.0432603210,-0.0138653275,-0.1038771197,1.3055133820,-0.5935615897,0.4666486681
9.6950902939,0.0720109791,-0.1148392633,-0.1711105555,0.6792007089,-0.6408883929,0.4981993735
9.7052059174,0.1032990068,-0.1842765808,-0.2044893354,-0.0475255847,-0.6741435528,0.5169832110
9.7152500153,0.1399004310,-0.2121842504,-0.1893228740,-0.6845489144,-0.7036758661,0.5154971480
9.7256584167,0.1615778059,-0.2134581804,-0.1746584028,-1.0220668316,-0.6827002764,0.5240959525
9.7352542877,0.1798540801,-0.1533823013,-0.2300951928,-0.9435303211,-0.6443081498,0.5684148073
9.7451648712,0.1894024462,-0.0387217142,-0.2768039107,-0.6066510677,-0.5966860056,0.5827442408
9.7552289963,0.1781458706,0.0486913882,-0.2495826930,-0.2702414989,-0.6029231548,0.5485522747
9.7651166916,0.1204025000,0.0362614058,-0.1262239665,-0.0964531824,-0.5623695850,0.5088594556
9.7751588821,0.0345280617,-0.0002316588,-0.0246408507,-0.0583179072,-0.5247109532,0.5032760501
9.7851772308,0.0059956745,0.0004975146,0.0256031230,-0.0456319414,-0.5253365040,0.5436421037
9.7951469421,0.0494377464,0.0307077710,0.0362675861,0.0046938118,-0.5577823520,0.5778104663
9.8050575256,0.0998768657,0.0639601871,0.0148407901,0.1138376072,-0.5942460895,0.5896570086
9.8150053024,0.1367016882,0.0899005458,0.0083919251,0.2783762217,-0.6163960695,0.6013765335
9.8250560760,0.1656846851,0.1263611317,-0.0041978280,0.4844564199,-0.6170850396,0.5842388272
9.8351097107,0.1873425692,0.1217633411,-0.0264683291,0.6584997773,-0.6169362068,0.5692434907
9.8450222015,0.2189985365,0.0623191856,-0.0300131962,0.7810506821,-0.5987332463,0.5871005058
9.8550863266,0.2415530533,0.0100299660,-0.0241227672,0.8992446661,-0.5751072168,0.6176722646
9.8649997711,0.2501914203,-0.0150786098,-0.0646597669,1.0120648146,-0.5587447882,0.6791060567
9.8750743866,0.2585347593,-0.0230647679,-0.1411058158,1.0194280148,-0.5814101100,0.7716754079
9.8850069046,0.2488459200,-0.0495692827,-0.1702720374,0.8966816664,-0.6273368597,0.8867971897
9.8950576782,0.1979138106,-0.0973672345,-0.1677767485,0.6739200950,-0.7083420157,0.9894648790
9.9049940109,0.1574188918,-0.1391298175,-0.1630799025,0.4641916454,-0.8306170702,1.1295775175
9.9150514603,0.1584246010,-0.1649033427,-0.1482853144,0.3240436912,-0.9832023382,1.2879024744
9.9249897003,0.1589867920,-0.1695780754,-0.1233737990,0.2296703458,-1.0932824612,1.3747359514
9.9350662231,0.1623578519,-0.1741302013,-0.0995716378,0.1200936437,-1.1567869186,1.4219683409
9.9449882507,0.1928381771,-0.1921160221,-0.0986730382,0.0869511366,-1.1872299910,1.5167416334
9.9549922943,0.2284450382,-0.1745558381,-0.1300862879,0.2064982951,-1.2187205553,1.6007913351
9.9650554657,0.2378437370,-0.1100619510,-0.1630403847,0.3952719569,-1.2074415684,1.6239589453
9.9751224518,0.2055923194,-0.0478465594,-0.1326073259,0.5488259196,-1.1933072805,1.6386365891
9.9849367142,0.1782504171,-0.0477917828,-0.0943109319,0.6236357093,-1.2232968807,1.6887111664
9.9950170517,0.1624303907,-0.0556470789,-0.0791069195,0.6653985977,-1.2547017336,1.7271273136
10.0049314499,0.1315140575,-0.0410702862,-0.0533059165,0.7115736008,-1.2958550453,1.7475473881
10.0150737762,0.1176857203,-0.0165053066,-0.0048372666,0.7781605721,-1.3664743900,1.8042687178
10.0249443054,0.1366323084,0.0238013808,0.0283646062,0.8916224241,-1.4302210808,1.8715335131
10.0349845886,0.1562514156,0.0640452430,0.0289476588,1.0218900442,-1.4586132765,1.9332454205
10.0448932648,0.1511834711,0.0778151080,0.0234752372,1.1317223310,-1.4679341316,1.9937855005
10.0549783707,0.1457493752,0.0662458465,0.0236223415,1.1464197636,-1.4514909983,2.0276615620
10.0648784637,0.1398104280,0.0564458333,0.0191126540,1.0820732117,-1.4250508547,2.0530323982
10.0749263763,0.1160354465,0.0392219983,-0.0082250154,0.9633935690,-1.4045295715,2.0614860058
10.0849056244,0.0565301627,0.0344008170,0.0172359422,0.7990278006,-1.3995605707,2.0413832664
10.0949592590,-0.0053528114,0.0323379003,0.0895511582,0.5972149372,-1.3852394819,2.0233685970
10.1050271988,-0.0373284370,0.0242147390,0.1669649631,0.4123995304,-1.3705734015,2.0308392048
10.1173782349,-0.0432677418,0.0195044223,0.2046522647,0.2701196074,-1.3373806477,2.0413465500
10.1250009537,-0.0244657565,0.0693073198,0.1990199238,0.2304198742,-1.3089119196,2.0316281319
10.1349315643,-0.0058866306,0.1114626452,0.1752948910,0.2780518532,-1.2593860626,2.0312771797
10.1447191238,-0.0043018623,0.1434092522,0.1682914048,0.4099587500,-1.1892119646,1.9935463667
10.1547727585,-0.0191229749,0.1509317756,0.1601976901,0.6306935549,-1.1356989145,1.9261112213
10.1648960114,-0.0247590709,0.1257174015,0.1422233135,0.9430767298,-1.0643559694,1.8616869450
10.1750869751,-0.0350441486,0.1156415269,0.1026621535,1.2803113461,-1.0291650295,1.7974822521
10.1848974228,-0.0607189685,0.1216448471,0.0579374507,1.5780344009,-0.9952797890,1.7407478094
10.1949110031,-0.0910791308,0.1181849763,0.0414341763,1.6795567274,-0.9989929795,1.7141393423
10.2048339844,-0.0978241116,0.1144712493,0.0485005453,1.5271117687,-1.0038144588,1.6632822752
10.2148427963,-0.1084122807,0.0958184525,0.0939239934,1.2026629448,-1.0137456656,1.6710119247
10.2248353958,-0.1140824705,0.0789486691,0.1218483523,0.7779834867,-1.0320478678,1.6650527716
