0.0000000000,-0.0118527329,-0.1175950468,0.0012051731,-0.0342962295,-0.0463139638,0.0678740442
0.0098860264,-0.0252764132,-0.1283036172,-0.0197753645,-0.1100181565,-0.0523984879,0.0498396493
0.0199570656,-0.0474795327,-0.1276344359,-0.0390253998,-0.1411475837,-0.0358520001,0.0254344400
0.0302730799,-0.0649763867,-0.1250637174,-0.0465090014,-0.1607388556,-0.0011661914,-0.0000331034
0.0402500629,-0.0738467202,-0.1176801324,-0.0431976058,-0.1822886169,0.0186943319,-0.0170051623
0.0503391027,-0.0690815970,-0.1072994173,-0.0300393440,-0.1759689450,0.0260664951,-0.0339918695
0.0605760813,-0.0564684495,-0.0889776051,-0.0178065635,-0.1600148529,0.0303472597,-0.0499215648
0.0708460808,-0.0457801744,-0.0654718578,-0.0035325617,-0.1247889549,0.0283943638,-0.0711674690
0.0806341171,-0.0349682197,-0.0454625785,0.0050006774,-0.0798971131,0.0212813262,-0.0828608796
0.0905970335,-0.0280395653,-0.0250723939,0.0117164524,-0.0383328870,0.0269429404,-0.0839304030
0.1006571054,-0.0261011031,-0.0074264989,0.0127410563,-0.0300255045,0.0504432730,-0.0711797848
0.1108230352,-0.0332662389,0.0051305606,0.0089656385,-0.0623056814,0.0778882131,-0.0499219000
0.1207920313,-0.0368673131,0.0102473516,-0.0006628365,-0.1674172729,0.1312174201,-0.0296943262
0.1310560703,-0.0351926610,-0.0015075193,-0.0133248297,-0.3505876064,0.2010015547,0.0149825979
0.1410750151,-0.0253427234,-0.0202971082,-0.0274787284,-0.6196431518,0.2172082961,0.0946946666
0.1509920359,-0.0079935109,-0.0523886979,-0.0347745754,-0.9035632610,0.2246933728,0.1584784538
0.1610031128,0.0330370441,-0.0351799726,-0.0429385044,-1.1244016886,0.2187707722,0.1967547238
0.1711590290,0.0453949943,-0.0421643555,-0.0554609634,-1.2884405851,0.1900331229,0.2403157800
0.1812340021,0.0519891158,-0.0279777627,-0.0609985329,-1.3745400906,0.1576833725,0.2764227092
0.1912620068,0.0448490158,-0.0181189757,-0.0776605904,-1.3875331879,0.1767249703,0.2849299014
0.2013390064,0.0295423660,-0.0188561659,-0.0777631104,-1.3826807737,0.2244540900,0.2753966749
0.2114050388,0.0176288281,-0.0253047924,-0.0728189051,-1.3876858950,0.2976052761,0.2722491026
0.2214760780,0.0140458131,-0.0310268085,-0.0717776120,-1.4521235228,0.3396511078,0.2977708280
0.2315380573,0.0159114096,-0.0306918602,-0.0672101676,-1.5590814352,0.3643215597,0.3190462887
0.2416270971,0.0176062379,-0.0360673070,-0.0758638680,-1.6551573277,0.3678660393,0.3403075635
0.2516590357,0.0152226472,-0.0286869984,-0.0949613154,-1.7554194927,0.3652140498,0.3934216499
0.2617501020,0.0370060280,-0.0133998673,-0.1223980486,-1.8420257568,0.3886029422,0.5166254044
0.2718340158,0.1826017052,0.0292620379,-0.1462250054,-1.9147769213,0.4143333137,0.6546906233
0.2818670273,0.0932729319,0.0334340930,-0.1612417996,-2.0458335876,0.5968527794,0.5061610341
0.2919650078,-0.0625712797,0.0327526629,-0.1809082329,-2.2092440128,0.7140883207,0.4786543250
0.3020000458,-0.0746918842,0.0524750352,-0.1852204502,-2.3651371002,0.8307774663,0.5201630592
0.3120940924,-0.0753979608,0.0595611930,-0.1648506820,-2.4976701736,0.9605775476,0.5882166624
0.3221430779,-0.0663323626,0.0818241835,-0.1613403857,-2.6343946457,1.0853042603,0.6976801157
0.3323510885,-0.0670384988,0.1144407392,-0.1660050452,-2.8339824677,1.2011880875,0.8368843198
0.3422861099,-0.0753637180,0.1367003322,-0.1663199961,-3.0357468128,1.3212897778,0.9750298262
0.3523370028,-0.0852219090,0.1363160610,-0.1818206608,-3.1795520782,1.4078669548,1.1014636755
0.3624380827,-0.0785234794,0.1535258293,-0.2000475228,-3.3125212193,1.4787201881,1.2427512407
0.3724850416,-0.0677274689,0.1664179564,-0.2212809026,-3.3265643120,1.5039714575,1.3914192915
0.3825271130,-0.0542243645,0.1837070584,-0.2434121072,-3.2702617645,1.5370836258,1.5124679804
0.3926750422,-0.0496047661,0.2214668393,-0.2496404946,-3.1871764660,1.5574418306,1.5942155123
0.4026780128,-0.0518734679,0.2521657348,-0.2270492017,-3.0444862843,1.5919643641,1.6525940895
0.4127650261,-0.0506482646,0.2600943446,-0.2067060769,-2.8462033272,1.6150497198,1.6727293730
0.4228399992,-0.0458079800,0.2651385665,-0.1847859919,-2.6497008801,1.6043090820,1.7151467800
0.4329230785,-0.0346758291,0.2641798258,-0.1534976065,-2.4702851772,1.5968730450,1.7989795208
0.4429070950,-0.0176474806,0.2499662638,-0.1265754998,-2.3048219681,1.5979371071,1.9029927254
0.4530520439,-0.0061459155,0.2325316668,-0.1048034132,-2.1444013119,1.5691200495,1.9878815413
0.4630560875,0.0058205663,0.2166029811,-0.0844083726,-1.9849352837,1.5285104513,2.0557770729
0.4731670618,0.0126847113,0.2128528357,-0.0751286447,-1.8294996023,1.4622209072,2.0960528851
0.4832150936,0.0170976091,0.2109627724,-0.0511247851,-1.6654407978,1.3863323927,2.1172091961
0.4933220148,0.0163593832,0.2034627199,-0.0431630351,-1.4875128269,1.3105164766,2.1309297085
0.5033860207,0.0109432125,0.1887205243,-0.0274663307,-1.3363165855,1.2397512197,2.1414742470
0.5134170055,0.0036478091,0.1665756106,-0.0050450298,-1.1958701611,1.1774851084,2.1679525375
0.5234760046,-0.0053160139,0.1544501781,0.0065937904,-1.0885494947,1.1191251278,2.1870093346
0.5335301161,-0.0085840700,0.1444131732,0.0324694775,-0.9461665154,1.0758996010,2.2018167973
0.5436890125,-0.0108020818,0.1394797564,0.0476956628,-0.7963424325,1.0359710455,2.2240562439
0.5536870956,-0.0150247132,0.1434493661,0.0569665693,-0.6954459548,0.9808979630,2.2675368786
0.5637511015,-0.0244819950,0.1436054111,0.0736580789,-0.6530748010,0.9094871283,2.3248276711
0.5738160610,-0.0369391441,0.1289473772,0.1048670709,-0.6489519477,0.8207370043,2.3778722286
0.5838980675,-0.0513340309,0.0984584689,0.1234335005,-0.6331602931,0.7383436561,2.4139292240
0.5939590931,-0.0636352524,0.0696461797,0.1400206983,-0.6494908333,0.6650961041,2.4308855534
0.6040080786,-0.0713228956,0.0579882264,0.1435966790,-0.7308217883,0.5817456841,2.4499759674
0.6140940189,-0.0772439465,0.0426654816,0.1598462164,-0.8289930820,0.4748615921,2.4626891613
0.6241650581,-0.0768501088,0.0141357798,0.1823393404,-0.8940570951,0.3649858236,2.4605278969
0.6342530251,-0.0778593943,0.0015406623,0.1849946082,-0.9453935027,0.2689626217,2.4488132000
0.6442900896,-0.0743347630,0.0049442663,0.1825442016,-0.9827677011,0.1634569168,2.4285950661
0.6544250250,-0.0721317455,0.0020790114,0.1831543148,-0.9944494367,0.0508094579,2.4179236889
0.6644350290,-0.0694195554,0.0036595478,0.1723671854,-0.9796491861,-0.0413769297,2.4178740978
0.6745721102,-0.0711490139,-0.0018247948,0.1535958350,-0.8988209367,-0.1203223467,2.4071962833
0.6846030951,-0.0734778866,-0.0024930821,0.1448614895,-0.7658046484,-0.1881103814,2.4103136063
0.6947100163,-0.0775607750,0.0105571765,0.1465055048,-0.6009123325,-0.2406406999,2.4325432777
0.7047560215,-0.0864570364,0.0296155829,0.1498824656,-0.4338862300,-0.2919954360,2.4696390629
0.7148081064,-0.1041468307,0.0468997359,0.1529932320,-0.2755485177,-0.3285627663,2.5078053474
0.7248390913,-0.1247157380,0.0419813395,0.1644490063,-0.1461727023,-0.3516986370,2.5289959908
0.7349110842,-0.1431127340,0.0243102331,0.1701960862,-0.0564896800,-0.3551389277,2.5321569443
0.7449730635,-0.1591105014,-0.0081933718,0.1797747910,0.0249100737,-0.3853593171,2.5077002048
0.7550330162,-0.1657129675,-0.0440266132,0.1988206804,0.0338620245,-0.4278703034,2.4853789806
0.7651720047,-0.1658113152,-0.0698159933,0.2063730657,-0.0082351472,-0.4866062105,2.4842994213
0.7751060724,-0.1692021042,-0.0915246606,0.1992445886,-0.0748447999,-0.5499103665,2.4662342072
0.7853831053,-0.1718647629,-0.1043622494,0.2027900517,-0.1413028985,-0.6292190552,2.4343569279
0.7953590155,-0.1736612469,-0.0929089189,0.2072031200,-0.2282300740,-0.6896488667,2.3961241245
0.8053910732,-0.1795503646,-0.0728685856,0.1909389198,-0.2972086072,-0.7308076024,2.3600192070
0.8154370785,-0.1865965277,-0.0722723603,0.1700086296,-0.2765342295,-0.7734237909,2.3058409691
0.8254840374,-0.1878446490,-0.0764045715,0.1460776031,-0.1886091679,-0.8175961375,2.2484600544
0.8355600834,-0.1862353235,-0.0695812702,0.1242482960,-0.0729533955,-0.8604922295,2.1868247986
0.8459260464,-0.1828224808,-0.0662832260,0.1211591065,0.0532318875,-0.8883725405,2.1358132362
0.8555541039,-0.1796159297,-0.0665977597,0.1084099114,0.1494449675,-0.9068948030,2.0954313278
0.8656330109,-0.1777342111,-0.0753508210,0.1119776666,0.1966260672,-0.9311162233,2.0603678226
0.8757640123,-0.1712902933,-0.0976040959,0.1237269342,0.1829318255,-0.9505085945,2.0338165760
0.8876160383,-0.1623052508,-0.1170674562,0.1334145367,0.1114811078,-0.9576780200,2.0062232018
0.8962290287,-0.1546098143,-0.1253371239,0.1172228158,0.0015018741,-0.9546849132,1.9616571665
0.9061061144,-0.1579321772,-0.1225868464,0.0789820254,-0.0669533759,-0.9429722428,1.8969111443
0.9162011147,-0.1557874829,-0.1153278947,0.0531532429,-0.0767620653,-0.9253237247,1.8502032757
0.9261900187,-0.1502881199,-0.1032841206,0.0448432229,-0.0577877052,-0.9041703343,1.8141068220
0.9362460375,-0.1414708048,-0.0999782681,0.0405130051,-0.0207311511,-0.8764657378,1.7822573185
0.9463510513,-0.1264211088,-0.1005330086,0.0489617251,-0.0069704400,-0.8670245409,1.7472198009
0.9564650059,-0.1167407259,-0.1062347889,0.0553491376,-0.0530007817,-0.8561004996,1.6941469908
0.9664250612,-0.1095437035,-0.1241459250,0.0769254863,-0.1407999545,-0.8307352066,1.6336600780
0.9765850306,-0.1057249531,-0.1439826488,0.0890067518,-0.2670188844,-0.8069180250,1.5498218536
0.9866540432,-0.0934677944,-0.1552557945,0.0876658261,-0.4133753479,-0.7970565557,1.4681048393
0.9967240095,-0.0825922117,-0.1647843122,0.0837018192,-0.5243898034,-0.7996547222,1.3810642958
1.0068590641,-0.0759947523,-0.1791649461,0.0716947615,-0.5553401709,-0.8047501445,1.2918779850
1.0168720484,-0.0687228665,-0.1777887344,0.0539471172,-0.5317434669,-0.8221789598,1.1909923553
1.0269070864,-0.0636908635,-0.1652897000,0.0366239212,-0.4579338431,-0.8444691896,1.0911548138
1.0369811058,-0.0570854172,-0.1541111767,0.0432667993,-0.3841352463,-0.8656485081,0.9987489581
1.0470451117,-0.0508541688,-0.1482766271,0.0484207533,-0.3455954492,-0.8828911185,0.9063537121
1.0571010113,-0.0459126458,-0.1567142308,0.0402456783,-0.3208991587,-0.9034866691,0.8065280318
1.0671790838,-0.0442472920,-0.1639367640,0.0332951210,-0.3100934029,-0.9220541120,0.7109546065
1.0772740841,-0.0508542284,-0.1466082931,0.0048707393,-0.2996740341,-0.9012463093,0.6334510446
1.0872870684,-0.0552382693,-0.1180644035,-0.0266143419,-0.2382101864,-0.8618770242,0.5676226616
1.0973380804,-0.0467947945,-0.0895677209,-0.0404253937,-0.1520529240,-0.8359764218,0.5187709332
1.1073930264,-0.0372636542,-0.0667977333,-0.0501758195,-0.0829799622,-0.8079290986,0.4964688718
1.1174860001,-0.0287175383,-0.0585153997,-0.0501389839,-0.0490768552,-0.7844272852,0.4752360284
1.1275290251,-0.0260825362,-0.0639392734,-0.0435046293,-0.0602031425,-0.7401192188,0.4508412778
1.1375750303,-0.0254427399,-0.0765251517,-0.0275924541,-0.1065109819,-0.7004165053,0.4179570973
1.1476920843,-0.0219249334,-0.0779146850,-0.0190644003,-0.1688969135,-0.6521928310,0.4116264880
1.1577490568,-0.0175482836,-0.0679945350,-0.0296883918,-0.2141642570,-0.6080291271,0.4105982482
1.1678200960,-0.0064739198,-0.0611243844,-0.0435669757,-0.2186064869,-0.5910606980,0.4148530960
1.1778700352,0.0006235626,-0.0473578572,-0.0497218706,-0.2037806809,-0.5792176723,0.4212260544
1.1879661083,0.0059511452,-0.0254910570,-0.0452452637,-0.1986250132,-0.5611841679,0.4138028920
1.1979650259,0.0053997426,-0.0149534326,-0.0365047790,-0.1838306189,-0.5473506451,0.4000026584
1.2080850601,0.0026749161,-0.0092213731,-0.0184051134,-0.1596208811,-0.5154716372,0.3745285869
1.2181390524,-0.0054251165,0.0015321388,-0.0175848342,-0.1226564795,-0.4781695604,0.3501164615
1.2282299995,-0.0019953463,0.0062903180,-0.0250344612,-0.0458383970,-0.4765709937,0.3299255669
1.2382640839,0.0115527296,0.0090259928,-0.0145328967,0.0267886706,-0.4823239744,0.3267188668
1.2483440638,0.0185990129,0.0108750779,-0.0123729436,0.0728342459,-0.4989876151,0.3128938377
1.2584201097,0.0229726229,0.0051115169,0.0021781593,0.0877980143,-0.5021439791,0.2969614863
1.2684770823,0.0187048707,0.0007486954,0.0079885395,0.0867201835,-0.5022775531,0.2778489292
1.2785251141,0.0134485150,0.0061159744,-0.0005712838,0.0811618939,-0.4812287390,0.2587484717
1.2886320353,0.0137548828,0.0048732175,-0.0120252697,0.0758174360,-0.4814073443,0.2385760099
1.2986850739,0.0095443511,0.0001119688,-0.0185209848,0.0383965634,-0.4742650390,0.2449598759
1.3088290691,0.0034186628,-0.0122942310,-0.0336373188,-0.0130033782,-0.4566196501,0.2534757853
1.3188060522,-0.0014919254,-0.0276897829,-0.0410383679,-0.0676059052,-0.4390302896,0.2577456236
1.3288700581,-0.0116138672,-0.0302157383,-0.0399522521,-0.1063880250,-0.4021551013,0.2694542110
1.3390120268,-0.0234055724,-0.0187761169,-0.0493558981,-0.1047917306,-0.3479560316,0.2800988853
1.3492439985,-0.0325181112,-0.0050108419,-0.0568709709,-0.0594309345,-0.2956073880,0.2737425268
1.3590650558,-0.0374768004,0.0021342351,-0.0590482689,0.0104296431,-0.2388282865,0.2631351650
1.3691750765,-0.0453028306,-0.0009036348,-0.0608026125,0.0802160725,-0.1757861972,0.2366031259
1.3792040348,-0.0521607026,-0.0162243228,-0.0593883134,0.1296962798,-0.1097528487,0.2079549730
1.3895900249,-0.0569753870,-0.0406578779,-0.0525614358,0.1599570513,-0.0428545848,0.1750655472
1.3993721008,-0.0550405011,-0.0666108727,-0.0426665880,0.1733514220,0.0026266160,0.1347364932
1.4094840288,-0.0471598133,-0.0852701068,-0.0281071402,0.1643738598,0.0436199866,0.0869778991
1.4194689989,-0.0457551107,-0.0923279524,-0.0147644607,0.1488822550,0.0950909033,0.0275467914
1.4298220873,-0.0449834093,-0.0956518054,-0.0114757149,0.1398649365,0.1391064376,-0.0446300656
1.4396200180,-0.0472805724,-0.0977818072,0.0009457736,0.1339615136,0.1916529983,-0.1146810502
1.4496700764,-0.0467584357,-0.0973748565,0.0012626916,0.1356241554,0.2347370088,-0.1815537661
1.4597450495,-0.0415806994,-0.0940612853,0.0110338600,0.1319481879,0.2789180577,-0.2356825173
1.4701130390,-0.0308860149,-0.0848365426,0.0272184871,0.1101774648,0.3187735379,-0.2781297863
1.4799420834,-0.0195699539,-0.0775693059,0.0244294070,0.0788046271,0.3597438633,-0.2993373275
1.4899350405,-0.0057683201,-0.0702770352,0.0191246532,0.0549686141,0.3956047297,-0.3003738821
1.5000820160,0.0018521335,-0.0573095679,0.0123140486,0.0109521542,0.4217753410,-0.2961024344
1.5104740858,-0.0014624808,-0.0435666740,0.0031612783,-0.0223892108,0.4480662644,-0.2875858545
1.5202031136,-0.0079246974,-0.0328213573,-0.0063593122,-0.0024035182,0.4768627584,-0.2918237448
1.5302110910,-0.0242110696,-0.0287989657,-0.0266204812,0.0603209548,0.4996270537,-0.3024488389
1.5403031111,-0.0504725203,-0.0303555708,-0.0402064659,0.1452779323,0.5405800939,-0.3194387257
1.5506310463,-0.0819087252,-0.0406061411,-0.0414660312,0.2056196630,0.5875593424,-0.3555309474
1.5604881048,-0.1037159190,-0.0627679825,-0.0362102129,0.2262682170,0.6530917287,-0.4223968089
1.5704790354,-0.1284858137,-0.0983424187,-0.0373767950,0.2104706168,0.7329459190,-0.5221613646
1.5805521011,-0.1482789665,-0.1322236955,-0.0539247729,0.1668373793,0.8198054433,-0.6495227814
1.5909360647,-0.1502637416,-0.1636250615,-0.0682645738,0.1243390590,0.8991714716,-0.7885683179
1.6006860733,-0.1373024136,-0.1900669336,-0.0825949013,0.0822123811,0.9413743019,-0.9318794012
1.6107530594,-0.1278194934,-0.2100569606,-0.0847968757,0.0347147956,0.9866507053,-1.0847432613
1.6208220720,-0.1384087950,-0.2256603241,-0.0798722208,-0.0087320143,1.0531435013,-1.2439688444
1.6311670542,-0.1662104279,-0.2358937263,-0.0719155371,-0.0311637372,1.1515772343,-1.4148644209
1.6409630775,-0.1965068728,-0.2416924238,-0.0697425902,-0.0271096081,1.2693067789,-1.5910652876
1.6510320902,-0.2273224145,-0.2468120158,-0.0713231862,0.0110488273,1.3915506601,-1.7715194225
1.6610990763,-0.2536503375,-0.2530820072,-0.0707049072,0.0704450458,1.5234264135,-1.9679013491
1.6714410782,-0.2694857419,-0.2527781129,-0.0727234781,0.1415047348,1.6627819538,-2.1717140675
1.6813530922,-0.2805947363,-0.2565789819,-0.0686206520,0.2103724778,1.8074113131,-2.3776483536
1.6912930012,-0.2819352448,-0.2702672482,-0.0621441938,0.2911193967,1.9383920431,-2.5772218704
1.7014050484,-0.2821322978,-0.2869589329,-0.0541416146,0.3740334511,2.0662081242,-2.7767972946
1.7117151022,-0.2810689509,-0.2949392200,-0.0513723828,0.4612325430,2.1930766106,-2.9646945000
1.7215300798,-0.2854069769,-0.2959755659,-0.0506666638,0.5860714316,2.2916588783,-3.1473064423
1.7315540314,-0.2960380018,-0.2945708036,-0.0436795689,0.7717422247,2.3908629417,-3.3161303997
1.7416990995,-0.3079946339,-0.2884148359,-0.0269350745,1.0259013176,2.4715509415,-3.4871044159
1.7519580126,-0.3181079924,-0.2763292193,-0.0016011924,1.3497569561,2.5187888145,-3.6740396023
1.7618510723,-0.3242278993,-0.2580996752,0.0388388298,1.7111129761,2.5503273010,-3.8779809475
1.7718321085,-0.3201526701,-0.2346335053,0.0883534849,2.1146802902,2.5215368271,-4.1148777008
1.7818940878,-0.3036015332,-0.2134902477,0.1497983038,2.5678586960,2.4400355816,-4.3656182289
1.7922610044,-0.2801810205,-0.1884484291,0.2094077766,3.0675652027,2.2941882610,-4.6206521988
1.8020460606,-0.2497334629,-0.1589544415,0.2611727417,3.5564889908,2.0550274849,-4.8513059616
1.8121150732,-0.2074541003,-0.1203622818,0.2958426774,4.0111064911,1.7301702499,-4.9970493317
1.8222380877,-0.1647215039,-0.0717248321,0.3161086142,4.3660845757,1.3436270952,-5.0313096046
1.8325101137,-0.1378210932,-0.0220422726,0.3289912641,4.6466007233,0.9366866946,-5.0018525124
1.8423360586,-0.1251498312,0.0398318172,0.3395787179,4.8792543411,0.5158326626,-4.9267344475
1.8523811102,-0.1250486225,0.1289952397,0.3589309752,5.0814938545,0.0452922545,-4.7826170921
1.8624950647,-0.1259373277,0.2408996820,0.3678088486,5.1936721802,-0.4860685766,-4.5694894791
1.8727990389,-0.1238298938,0.3411667347,0.4008894265,5.1039147377,-1.0973269939,-4.2968893051
1.8825631142,-0.1167295501,0.3985521793,0.4065890610,4.8388090134,-1.6713292599,-3.9339735508
1.8926260471,-0.1177017018,0.4251080751,0.3603029549,4.3530049324,-2.1601796150,-3.5603418350
1.9027251005,-0.1286842376,0.4399200678,0.3132667243,3.6208958626,-2.5688939095,-3.2598707676
1.9129760265,-0.1547943205,0.4532346129,0.2491901815,2.7768211365,-2.7761383057,-2.9932482243
1.9230390787,-0.2050660998,0.4609563351,0.1762263477,1.9574500322,-2.7881050110,-2.7541413307
1.9329410791,-0.2482170612,0.4707673788,0.1427303851,1.2670567036,-2.6815366745,-2.5723454952
1.9429910183,-0.2639544606,0.5088061690,0.1316181123,0.8449334502,-2.5126619339,-2.4702212811
1.9533220530,-0.2390068024,0.5828153491,0.0945425928,0.7793222666,-2.3562896252,-2.4849913120
1.9631080627,-0.1773609668,0.6681339741,0.0406829976,1.0248260498,-2.2604203224,-2.5943710804
1.9731720686,-0.0890970454,0.7032731175,0.0198714398,1.5959994793,-2.2856757641,-2.6762864590
1.9832690954,-0.0107735423,0.6659637094,-0.0094372956,2.3073019981,-2.4425950050,-2.6340734959
1.9935901165,0.0402459800,0.5617866516,0.0041388539,3.0147538185,-2.6276586056,-2.3465991020
2.0033979416,0.0531564727,0.4335225224,-0.0039237472,3.5374572277,-2.7897477150,-1.8679416180
2.0134429932,0.0367480591,0.3166515231,0.0100606950,3.7060518265,-2.8657500744,-1.3817176819
2.0235290527,-0.0041440935,0.2429973185,0.0042657522,3.5907549858,-2.8421766758,-1.0291594267
2.0337901115,-0.0467599854,0.2192159295,-0.0376787521,3.2997357845,-2.7574696541,-0.8294241428
2.0436520576,-0.0820586905,0.2132072747,-0.0846548378,2.9463980198,-2.6380109787,-0.7496398687
2.0540251732,-0.1042036042,0.2016088068,-0.1225264370,2.6257646084,-2.4835612774,-0.7176278830
2.0639100075,-0.1073285565,0.1818861663,-0.1458165348,2.3747260571,-2.3519036770,-0.6941387653
2.0741150379,-0.0882877335,0.1478465796,-0.1578980982,2.2029523849,-2.2480289936,-0.6441399455
2.0839231014,-0.0526379868,0.1175087392,-0.1759862602,2.1279222965,-2.2110064030,-0.5612820387
2.0939631462,-0.0167031195,0.1096711159,-0.2253299654,2.0826761723,-2.1617748737,-0.4359534979
2.1040530205,-0.0043365569,0.1183492839,-0.2620324790,1.9388206005,-2.0746490955,-0.3880924881
2.1143999100,-0.0212281551,0.0859759748,-0.1990498602,1.7665458918,-1.8244922161,-0.5227716565
2.1241900921,-0.0434953794,0.0145366210,-0.2301768959,2.0646634102,-1.5453641415,-0.5874776840
2.1342601776,-0.0610322580,0.0887173712,-0.3843400776,2.7574295998,-0.8013420701,-0.3462529480
2.1443409920,-0.1711080819,0.2393764555,-0.8646999002,3.4269464016,-0.1990125626,-0.3238243461
2.1546559334,-0.2834771574,0.1819851995,-1.0253658295,3.9010760784,0.4110559225,-0.3172687888
2.1645140648,-0.2801001370,0.1092778891,-0.9464622736,3.5003778934,1.0031330585,-0.1076969132
2.1745929718,-0.2113536149,-0.0267624464,-0.7416282892,2.3353643417,1.3791303635,-0.2802875340
2.1845901012,-0.1013884172,-0.2823145986,-0.5735743642,1.0226629972,1.4756217003,-0.4848332107
2.1949691772,0.0539150313,-0.4819667935,-0.4771638811,-0.3514566720,1.3211758137,-0.5238475204
2.2047491074,0.1642942578,-0.6048313379,-0.4065630734,-1.5934027433,1.0886530876,-0.3463278413
2.2149620056,0.2263777107,-0.6112807989,-0.3394525945,-2.6692812443,0.9062633514,-0.0254814699
2.2249331474,0.2341858596,-0.5597940683,-0.2683432400,-3.5092809200,0.7181405425,0.2390258163
2.2352690697,0.1931021065,-0.4922687113,-0.2322270572,-4.0718402863,0.6336160898,0.3973328769
2.2450718880,0.1287423819,-0.4009219408,-0.2212264836,-4.3725018501,0.6116871238,0.5290613770
2.2551050186,0.0686675385,-0.2774987221,-0.2339064777,-4.4475331306,0.6546364427,0.7074857354
2.2651839256,0.0297339354,-0.1191870570,-0.2541143596,-4.3739123344,0.7732179165,0.8944028616
2.2755141258,-0.0123072481,0.0341916382,-0.2852257192,-4.2572870255,0.9617045522,1.0038304329
2.2852802277,-0.0684849843,0.1505512595,-0.2945924103,-4.0663738251,1.1862024069,1.0038940907
2.2953581810,-0.1191707179,0.2395712733,-0.2952531874,-3.7795226574,1.4233189821,1.0209304094
2.3054170609,-0.1334198564,0.3229962587,-0.2807486355,-3.4627392292,1.6626458168,1.1738685369
2.3157761097,-0.1231253371,0.3876317143,-0.2531036437,-3.2371499538,1.8451248407,1.3554701805
2.3255760670,-0.1043347344,0.4123499990,-0.2235447466,-3.0772242546,1.9735326767,1.4691061974
2.3356251717,-0.0920801088,0.3990348577,-0.2000415623,-2.9094827175,2.0657949448,1.5614840984
2.3457090855,-0.0859771147,0.3789154887,-0.1748781502,-2.7475821972,2.1040544510,1.6793217659
2.3560471535,-0.0820408091,0.3615736961,-0.1422768533,-2.6088683605,2.1158313751,1.8353786469
2.3658409119,-0.0781616494,0.3380826116,-0.1266578138,-2.4772689342,2.0914430618,1.9871702194
2.3758890629,-0.0798391625,0.3045105338,-0.1144869626,-2.4103486538,2.0250926018,2.1368343830
2.3859660625,-0.0823208392,0.2778317332,-0.0741476119,-2.4406206608,1.9676233530,2.3141338825
2.3963661194,-0.0964723602,0.2515943050,-0.0334756710,-2.5455229282,1.9032123089,2.5031280518
2.4061410427,-0.1164657772,0.2275050282,0.0109870108,-2.7016079426,1.8340541124,2.6836388111
2.4161400795,-0.1353541762,0.2084740996,0.0386179350,-2.8629987240,1.7605100870,2.8492817879
2.4262430668,-0.1451612860,0.2045061588,0.0601156615,-3.0178854465,1.6762716770,2.9936838150
2.4365670681,-0.1505253911,0.2110455036,0.0804350078,-3.1672708988,1.5737706423,3.0966670513
2.4476130009,-0.1549431235,0.2246018052,0.1047207415,-3.2493047714,1.4567279816,3.1571519375
2.4564719200,-0.1541587412,0.2398223281,0.1432997286,-3.3023321629,1.3185031414,3.1847021580
2.4665250778,-0.1566595286,0.2538723350,0.1857101619,-3.3350017071,1.1718971729,3.2016260624
2.4768681526,-0.1602994055,0.2485448718,0.2082768977,-3.2790322304,1.0173413754,3.1824221611
2.4866552353,-0.1657130569,0.2310097814,0.2206880152,-3.1428573132,0.8453160524,3.1430151463
2.4967200756,-0.1669675261,0.2092484832,0.2179408967,-2.9393525124,0.6644055247,3.1152660847
2.5067830086,-0.1699637324,0.1833349466,0.2152856290,-2.7152497768,0.4518692791,3.0917434692
2.5171430111,-0.1708907336,0.1512175202,0.2208788097,-2.5007998943,0.2458019108,3.0968952179
2.5268700123,-0.1759077758,0.1184033155,0.2217391431,-2.3748216629,0.0306738969,3.1328570843
2.5370202065,-0.1860747188,0.0767149925,0.2320682704,-2.3033320904,-0.1797697693,3.1465368271
2.5470271111,-0.1952740699,0.0306053180,0.2438113391,-2.2587912083,-0.3663827777,3.1082077026
2.5574021339,-0.1992466003,-0.0047660456,0.2481193244,-2.2228362560,-0.5501516461,3.0295348167
2.5671739578,-0.1958027929,-0.0170199256,0.2490322888,-2.1527471542,-0.7337595820,2.9296162128
2.5772910118,-0.1879327446,-0.0119287353,0.2440939844,-2.0207443237,-0.9177702665,2.8477325439
2.5872879028,-0.1787892729,0.0077713742,0.2261532247,-1.8110160828,-1.0817738771,2.8008780479
2.5976951122,-0.1716319472,0.0355778337,0.2131808698,-1.5364816189,-1.2153761387,2.7731347084
2.6074280739,-0.1686742455,0.0561298728,0.2123858035,-1.2131439447,-1.3186684847,2.7719392776
2.6175022125,-0.1701445729,0.0743575692,0.2109434307,-0.9011230469,-1.3572347164,2.7856431007
2.6275610924,-0.1838767678,0.0891097784,0.1888148487,-0.5991522670,-1.3525440693,2.7749507427
2.6379508972,-0.2049117237,0.0770009160,0.1722324193,-0.2887660265,-1.3361845016,2.7525827885
2.6476769447,-0.2194771916,0.0505720377,0.1666785181,-0.0371244811,-1.3150043488,2.7344789505
2.6578180790,-0.2353354841,0.0222166795,0.1588576734,0.1430554390,-1.2987616062,2.7057723999
2.6678218842,-0.2464599758,-0.0122420769,0.1610626280,0.2764545083,-1.3010910749,2.6579563618
2.6781802177,-0.2488526255,-0.0345141888,0.1757688820,0.3298394382,-1.3050774336,2.6260874271
2.6880300045,-0.2483510524,-0.0420719385,0.1790268719,0.3107701540,-1.3214303255,2.5846741199
2.6980340481,-0.2507790625,-0.0487831831,0.1734543145,0.2595991194,-1.3296165466,2.5369021893
2.7081000805,-0.2502842247,-0.0665036440,0.1695812047,0.1657823473,-1.3424540758,2.4838297367
2.7184460163,-0.2468642145,-0.0838419795,0.1632281244,0.0260120109,-1.3493393660,2.4286475182
2.7282681465,-0.2395819575,-0.1097946763,0.1551377475,-0.1404952109,-1.3512504101,2.3586101532
2.7383000851,-0.2274058014,-0.1406321526,0.1619805396,-0.2897084355,-1.3753846884,2.2747550011
2.7484221458,-0.2121811062,-0.1521112919,0.1625875533,-0.3949690759,-1.4192807674,2.1930012703
2.7587130070,-0.1997666508,-0.1420410275,0.1583919823,-0.4371835887,-1.4711008072,2.1133506298
2.7685739994,-0.1960687786,-0.1170413494,0.1418264210,-0.4113610387,-1.4969159365,2.0252017975
2.7785620689,-0.1953492314,-0.0905196667,0.1276608407,-0.3324757814,-1.4937294722,1.9200663567
2.7887110710,-0.1868982464,-0.0857385397,0.1169960201,-0.2205700129,-1.4850106239,1.8053679466
2.7989940643,-0.1716429144,-0.1026160121,0.1099400818,-0.1020934135,-1.4931753874,1.6959667206
2.8088068962,-0.1574258357,-0.1265629232,0.1084162295,-0.0101594944,-1.5142724514,1.5918765068
2.8188371658,-0.1471533924,-0.1509364843,0.1122370660,0.0328090638,-1.5474141836,1.4962874651
2.8289060593,-0.1427419335,-0.1739505827,0.1184054911,0.0395889394,-1.5904353857,1.3985787630
2.8392438889,-0.1452443749,-0.1822210550,0.1217114627,0.0108706625,-1.6050832272,1.3062031269
2.8491139412,-0.1459719092,-0.1855635047,0.1053983867,0.0033325851,-1.6036357880,1.2127674818
2.8591051102,-0.1391207129,-0.1740345061,0.0676515996,0.0427148230,-1.5974237919,1.1363112926
2.8692522049,-0.1346908361,-0.1345963478,0.0210892819,0.0830393434,-1.5772221088,1.0885301828
2.8795280457,-0.1359551698,-0.0971480012,-0.0139999716,0.1293940246,-1.5186443329,1.0598795414
2.8893289566,-0.1343321949,-0.0848408639,-0.0376715995,0.1916302443,-1.4471455812,1.0386635065
2.8994479179,-0.1299481541,-0.0830254555,-0.0578652360,0.2387570441,-1.3587732315,1.0217063427
2.9094409943,-0.1317151934,-0.0792610645,-0.0690431893,0.2280556560,-1.2507731915,1.0005270243
2.9198551178,-0.1368175298,-0.0778929591,-0.0763937533,0.1744212508,-1.1199698448,0.9538865685
2.9296050072,-0.1375044137,-0.0899506211,-0.0888382494,0.1217700168,-0.9818620682,0.8870755434
2.9396681786,-0.1248392686,-0.1077681780,-0.1013715565,0.0459170900,-0.8716016412,0.8117630482
2.9497189522,-0.1076865420,-0.1227310002,-0.0974639952,-0.0448652767,-0.7625042200,0.7407000661
2.9601211548,-0.0859537348,-0.1425754130,-0.0955133140,-0.1088199988,-0.6680065393,0.6728078723
2.9698450565,-0.0762098059,-0.1409425735,-0.1110089719,-0.1449801326,-0.5786412358,0.5942885876
2.9800570011,-0.0697208866,-0.1147484183,-0.1205293238,-0.1556361616,-0.4784207046,0.5189529061
2.9901270866,-0.0635525212,-0.0889325738,-0.1237893403,-0.0967020094,-0.3998622298,0.4457130134
3.0005180836,-0.0556954965,-0.0621091723,-0.1107335389,-0.0259609073,-0.3275048733,0.3820231855
3.0101079941,-0.0550713763,-0.0391822457,-0.0961914361,0.0273909960,-0.2234112471,0.3268480897
3.0202391148,-0.0440510735,-0.0425408185,-0.0985511839,0.1077678874,-0.1541671157,0.2610309124
3.0302419662,-0.0332730636,-0.0517602265,-0.0729004443,0.1420606077,-0.0674942806,0.1633799970
3.0406751633,-0.0384575352,-0.0541822910,-0.0735020339,0.0768381804,0.0447677448,0.0551489256
3.0504150391,-0.0380133614,-0.0975060463,-0.0922679603,0.0335692614,0.0991793200,-0.0042736549
3.0604729652,-0.0230859723,-0.1352809370,-0.0869809687,0.0130791683,0.1202015132,-0.0074433489
3.0705320835,-0.0073440284,-0.1254034042,-0.0624493696,-0.0018563718,0.1213259026,0.0222913772
3.0809190273,0.0192295108,-0.0959007740,-0.0348513462,0.0113702174,0.0801064223,0.0297006909
3.0906782150,0.0352930799,-0.0634754896,0.0027047067,0.0010014661,0.0491610281,0.0169462785
3.1007380486,0.0418061987,-0.0390430391,0.0297002457,0.0118535012,0.0300107021,-0.0053637531
3.1108291149,0.0397894159,-0.0243357401,0.0354972742,0.0728864968,0.0080393571,-0.0393677913
3.1211590767,0.0246295724,0.0039927377,0.0301471613,0.1698233038,0.0246575493,-0.0616822205
3.1309862137,0.0073210984,0.0292936880,0.0234833620,0.3135623634,0.0576975234,-0.0691348091
3.1410000324,-0.0195703711,0.0407137275,0.0079568299,0.4677330554,0.1140892953,-0.0893195719
3.1511049271,-0.0522989258,0.0434542298,-0.0066109034,0.5617477298,0.2079963386,-0.1338921040
3.1614120007,-0.0782397017,0.0120925922,-0.0266117193,0.5703244209,0.3062757850,-0.2071093172
3.1712388992,-0.1011838540,-0.0522775948,-0.0434720851,0.4850673079,0.3950946033,-0.3036670089
3.1812939644,-0.1314647347,-0.1237098873,-0.0540131666,0.3517945707,0.4824135900,-0.4034000635
3.1913499832,-0.1744594127,-0.1748047471,-0.0538791753,0.2087921351,0.5811590552,-0.5275449157
3.2017531395,-0.2280846983,-0.1939834654,-0.0459269620,0.0900505185,0.7075649500,-0.6729165316
3.2114760876,-0.2690493762,-0.2028145790,-0.0445622541,0.0395053178,0.8429254293,-0.8384767175
3.2215352058,-0.2808940709,-0.1984761953,-0.0422119237,0.0381235071,0.9700949788,-1.0242275000
3.2316110134,-0.2663407028,-0.1886425912,-0.0366705991,0.0668941662,1.0698909760,-1.2174323797
3.2419860363,-0.2476656586,-0.1819025278,-0.0258251764,0.1139852554,1.1518092155,-1.4106515646
3.2517142296,-0.2345599085,-0.1888077855,-0.0056422683,0.1888736039,1.2298220396,-1.5890138149
3.2634639740,-0.2279458195,-0.2041921020,0.0143014463,0.3022502363,1.3019225597,-1.7493387461
3.2720010281,-0.2288221270,-0.2149679959,0.0390085243,0.4731242657,1.3884435892,-1.8905582428
3.2829332352,-0.2303853184,-0.2092159390,0.0500499271,0.6886245608,1.4944262505,-2.0360260010
3.2926611900,-0.2346109301,-0.1849395037,0.0484078787,0.9082881808,1.6098846197,-2.1984794140
3.3027250767,-0.2286375910,-0.1713696718,0.0441195630,1.1548883915,1.6989399195,-2.3779413700
3.3126330376,-0.2180942446,-0.1722823381,0.0394602083,1.4337363243,1.7649331093,-2.5574233532
3.3223290443,-0.2194600254,-0.1817208827,0.0405739211,1.7352110147,1.8088005781,-2.7432940006
3.3322582245,-0.2365435511,-0.1879309118,0.0466824435,2.0718975067,1.8528844118,-2.9429755211
3.3421850204,-0.2565254271,-0.1907898784,0.0659243166,2.4503312111,1.8833924532,-3.1649718285
3.3522639275,-0.2752254903,-0.1833588183,0.0899843872,2.8728120327,1.8833551407,-3.4114162922
3.3626341820,-0.2855199873,-0.1666276753,0.1183045805,3.2849884033,1.8448354006,-3.6876087189
3.3724000454,-0.2772981226,-0.1533354223,0.1404960454,3.6740596294,1.7689400911,-3.9691221714
3.3824338913,-0.2533182800,-0.1560037732,0.1578582823,4.0273666382,1.6418756247,-4.2389721870
3.3925261497,-0.2251650244,-0.1753209233,0.1910052001,4.3312397003,1.4445964098,-4.4706196785
3.4028658867,-0.1984735876,-0.1982445717,0.2422262132,4.5966043472,1.1528676748,-4.6523995399
3.4126930237,-0.1838324219,-0.2038952112,0.2999782860,4.8112607002,0.8122184277,-4.7832260132
3.4227161407,-0.1831212193,-0.1832507849,0.3552456796,4.9536385536,0.4435093999,-4.8896265030
3.4326381683,-0.1816585809,-0.1450057626,0.3949450552,5.0139355659,0.0679858476,-4.9545989037
3.4428749084,-0.1755228788,-0.0930585563,0.3873574436,4.9891104698,-0.3314315975,-4.9898314476
3.4527850151,-0.1607701927,-0.0692278445,0.3895096481,4.9005260468,-0.7567130923,-5.0006399155
3.4628570080,-0.1421687156,-0.0760819018,0.3787254393,4.8156099319,-1.2227311134,-4.9169673920
3.4732520580,-0.1296009272,-0.0864804089,0.3986450136,4.7601103783,-1.7429617643,-4.7250280380
3.4833590984,-0.1299088150,-0.0580241680,0.4069487751,4.6790881157,-2.2657938004,-4.4099159241
3.4932060242,-0.1444883198,0.0160469729,0.3968169987,4.5707840919,-2.7248060703,-4.0342407227
3.5032680035,-0.1699355394,0.1116731167,0.3510546386,4.5842123032,-3.0853021145,-3.6840288639
3.5135040283,-0.1995459348,0.2388370335,0.2536189854,4.6343712807,-3.3898739815,-3.4314854145
3.5238761902,-0.2254066318,0.3723469377,0.1923919022,4.5550251007,-3.6657528877,-3.3243620396
3.5336790085,-0.2268981487,0.4348617494,0.1569510996,4.3718528748,-3.9130430222,-3.2501130104
3.5444600582,-0.2205589712,0.4060169160,0.1260260046,3.9401488304,-4.1719088554,-3.1535084248
3.5548200607,-0.2157354504,0.2939635515,0.1260440052,3.2910103798,-4.3483829498,-2.9856674671
3.5640490055,-0.2070230991,0.1751135588,0.0649490654,2.4771492481,-4.4832983017,-2.7328202724
3.5737528801,-0.2078043669,0.1201681346,-0.0205654837,1.4863619804,-4.5336589813,-2.4565262794
3.5838041306,-0.2229231596,0.1261774749,-0.1059219539,0.5649591684,-4.4794673920,-2.1865680218
3.5942740440,-0.2482365370,0.1778265387,-0.2020929754,-0.1061169654,-4.3785228729,-1.9166500568
3.6045231819,-0.2666687965,0.2650490701,-0.2672983110,-0.4960007370,-4.2232179642,-1.6605802774
3.6140141487,-0.2748949826,0.3514038026,-0.2986681759,-0.6238319874,-4.0212454796,-1.4332219362
3.6240730286,-0.2808951437,0.4137686491,-0.3051791489,-0.5350289345,-3.8220388889,-1.2696292400
3.6341409683,-0.2922370732,0.4673328996,-0.3242252171,-0.3086575866,-3.6168663502,-1.1888874769
3.6445190907,-0.3070908785,0.5142852664,-0.3532690108,0.0378936790,-3.3739988804,-1.1835434437
3.6542749405,-0.3246473074,0.5224397182,-0.4267628491,0.4447043240,-3.0779287815,-1.2365887165
3.6643428802,-0.3377447724,0.4883183539,-0.4867372215,0.8488810062,-2.7295403481,-1.2365189791
3.6744642258,-0.3291645348,0.4393373132,-0.5145084858,1.1658179760,-2.4013223648,-1.1206994057
3.6849851608,-0.2997081578,0.3875148296,-0.5277743340,1.3335860968,-2.0918588638,-0.9145973921
3.6947989464,-0.2659023106,0.3309651017,-0.5229021907,1.3028047085,-1.7813186646,-0.7657826543
3.7048170567,-0.2372263223,0.2265263796,-0.5183947682,1.1537597179,-1.4933587313,-0.6668538451
3.7148652077,-0.2003304809,0.1312141120,-0.5174921155,0.8210100532,-1.2959625721,-0.5413784981
3.7252631187,-0.1616059989,0.0444772467,-0.3985748589,0.7816921473,-1.0975410938,-0.4892420769
3.7350230217,-0.1501027495,0.0245769788,-0.4681699574,0.6274876595,-0.3973948956,-0.3094092011
3.7450561523,-0.2611450851,0.0440343320,-0.7811784148,0.0178951491,0.2639813721,-0.2579579353
3.7551379204,-0.3329710364,-0.0461662337,-0.9498559833,-0.0294348169,0.6189176440,-0.2758192122
3.7654750347,-0.2265234739,-0.0419348702,-0.9557541609,0.1572529227,0.9607736468,-0.0091831256
3.7752809525,-0.0859429464,0.0402627215,-0.7512518764,0.0909287781,1.0953594446,0.2160023302
3.7853322029,-0.0119111752,-0.0023926483,-0.5233364701,-0.2980138063,1.1393376589,0.1587860286
3.7954092026,0.0191246066,-0.1241806448,-0.3583259284,-0.9235216379,1.1388567686,-0.0534151681
3.8057930470,0.0625069514,-0.2243849933,-0.2314029634,-1.5736591816,1.0477503538,-0.1361158341
3.8155341148,0.1181638911,-0.2604218423,-0.1840722263,-2.0925905704,0.8678438067,-0.0182142369
3.8256258965,0.1577079147,-0.2353666872,-0.1932069361,-2.4526753426,0.7136928439,0.2568061352
3.8356919289,0.1529948860,-0.1750676334,-0.2274899781,-2.6394188404,0.6204220057,0.5233185291
3.8460011482,0.0942502692,-0.1049974859,-0.2922405899,-2.7080833912,0.6666117311,0.7017413974
3.8557891846,0.0077000051,-0.0259801280,-0.3557185829,-2.7426710129,0.8218593597,0.7984514236
3.8658699989,-0.0732395574,0.0540097952,-0.3940278590,-2.6979269981,1.0454689264,0.8580116034
3.8759670258,-0.1254388243,0.1348283887,-0.4262234271,-2.5797927380,1.2953370810,0.9409267306
3.8862910271,-0.1443660706,0.2041272223,-0.4112519324,-2.4788126945,1.5536276102,1.0365914106
3.8960909843,-0.1446535438,0.2449713945,-0.3833968937,-2.4288947582,1.7967410088,1.1513744593
3.9061601162,-0.1386898309,0.2480931878,-0.3577063382,-2.4358949661,1.9705585241,1.2926826477
3.9162001610,-0.1350518316,0.2399169207,-0.3250871599,-2.5631642342,2.1150639057,1.4934672117
3.9265551567,-0.1327392608,0.2301560044,-0.2834130824,-2.7913601398,2.2153768539,1.7239851952
3.9363610744,-0.1314146966,0.2203956842,-0.2362101376,-3.0360670090,2.2592723370,1.9491705894
3.9463970661,-0.1286820620,0.2265083790,-0.2013597190,-3.2580680847,2.2724068165,2.1456670761
3.9565470219,-0.1272200197,0.2414979935,-0.1662155092,-3.4061439037,2.2552361488,2.3145220280
3.9668710232,-0.1285714656,0.2595876455,-0.1422048509,-3.4535963535,2.2058289051,2.4493579865
3.9766640663,-0.1325420588,0.2779559493,-0.1044614613,-3.4197893143,2.1411874294,2.5799183846
3.9867300987,-0.1351734996,0.2847604752,-0.0563226677,-3.3112835884,2.0771839619,2.7083368301
3.9968190193,-0.1413122267,0.2921301126,-0.0236326791,-3.1707632542,2.0134813786,2.8399324417
4.0071530342,-0.1529788226,0.2983442545,0.0065263179,-3.0313513279,1.9540345669,2.9747154713
4.0169291496,-0.1682644933,0.3042052984,0.0321979187,-2.9496169090,1.8993960619,3.1105778217
4.0269460678,-0.1881319433,0.3006742001,0.0551424287,-2.9074599743,1.8516188860,3.2124750614
4.0370321274,-0.2082787603,0.2749825120,0.0743293464,-2.8801553249,1.7928234339,3.2718997002
4.0473752022,-0.2205706090,0.2475594878,0.0967265069,-2.8356056213,1.7159731388,3.3058283329
4.0571331978,-0.2216380388,0.2349016666,0.1108163297,-2.8111023903,1.6143703461,3.3132040501
4.0672240257,-0.2171461135,0.2272326350,0.1439206898,-2.7749178410,1.5169698000,3.2982800007
4.0772809982,-0.2145696729,0.2051844001,0.1566804349,-2.6520271301,1.3925846815,3.2599620819
4.0876579285,-0.2086008042,0.1845748425,0.1548047364,-2.4787721634,1.2461127043,3.1844584942
4.0974140167,-0.2000012547,0.1624454856,0.1621140540,-2.2820360661,1.0975592136,3.0834634304
4.1075301170,-0.1857351214,0.1367511153,0.1625223458,-2.0414111614,0.9368162751,3.0068714619
4.1175360680,-0.1738875955,0.1133795977,0.1583350599,-1.8080621958,0.7604934573,2.9918589592
4.1279201508,-0.1698210388,0.0972374678,0.1525696218,-1.5746054649,0.5771515369,3.0394897461
4.1375999451,-0.1806855947,0.0767438412,0.1482960880,-1.3432446718,0.3907123804,3.1030457020
4.1477642059,-0.1997116357,0.0527511835,0.1678822339,-1.1472553015,0.2187938094,3.1623690128
4.1578149796,-0.2229461223,0.0269067306,0.1964555085,-0.9930654764,0.0644777343,3.2110955715
4.1682453156,-0.2452668697,0.0035544648,0.2199511230,-0.8893094659,-0.0651100203,3.2141897678
4.1780362129,-0.2674063146,-0.0110430103,0.2340367138,-0.8370289803,-0.1732519418,3.1578471661
4.1880850792,-0.2822906673,-0.0250627976,0.2472991645,-0.7847960591,-0.2772547603,3.0855805874
4.1980772018,-0.2879506648,-0.0318253040,0.2461149395,-0.7147157788,-0.3524925113,3.0069520473
4.2084569931,-0.2893345654,-0.0333361626,0.2382231653,-0.6245030761,-0.4138296545,2.9177079201
4.2182259560,-0.2874643505,-0.0286060553,0.2276399434,-0.5045543313,-0.4611678720,2.8199682236
4.2282857895,-0.2814121544,-0.0176618081,0.2191765010,-0.4060465693,-0.4979999959,2.7349815369
4.2384233475,-0.2743567526,-0.0131976586,0.2106097639,-0.3290407360,-0.5178757310,2.6754913330
4.2486610413,-0.2693157494,-0.0259790402,0.1949768364,-0.2637632489,-0.5389147401,2.6160030365
4.2584939003,-0.2673425376,-0.0453482270,0.1886580288,-0.2369236350,-0.5581744313,2.5554642677
4.2685728073,-0.2674230635,-0.0658462048,0.1825122535,-0.2773200870,-0.5769546032,2.4960055351
4.2786283493,-0.2636688054,-0.0915952921,0.1725152433,-0.3240505755,-0.6032511592,2.4312345982
4.2890400887,-0.2560845912,-0.1041855216,0.1615663469,-0.3835074604,-0.6381667852,2.3632752895
4.2987489700,-0.2466203719,-0.1008493304,0.1554782093,-0.4568580985,-0.6711385846,2.2868280411
4.3088951111,-0.2362578660,-0.0981946588,0.1639854610,-0.5185184479,-0.6998401880,2.1987001896
4.3188920021,-0.2239700109,-0.1069658995,0.1629522741,-0.5310299397,-0.7345134616,2.1052477360
4.3292932510,-0.2078025490,-0.1134014130,0.1545163095,-0.5264312029,-0.7721723318,2.0192222595
4.3389902115,-0.1878592521,-0.1125252843,0.1474938095,-0.5408687592,-0.8257477283,1.9586765766
4.3491249084,-0.1661784798,-0.1120351553,0.1438464820,-0.5669444799,-0.8877339959,1.9257369041
4.3591580391,-0.1496771723,-0.1099122167,0.1366747320,-0.6155226827,-0.9403111935,1.9013016224
4.3695611954,-0.1384695917,-0.1102221012,0.1393985450,-0.6951954961,-0.9794831872,1.8588302135
4.3795971870,-0.1323799640,-0.1152692735,0.1393285692,-0.7693485618,-1.0390101671,1.7791843414
4.3894290924,-0.1283382922,-0.1202887297,0.1317495406,-0.7966729999,-1.0865455866,1.6857289076
4.3994512558,-0.1205112562,-0.1144259572,0.1265886724,-0.7621759772,-1.1272925138,1.5742108822
4.4098119736,-0.1118308529,-0.1003777981,0.1289003789,-0.6730361581,-1.1887081861,1.4743486643
4.4195661545,-0.1013298258,-0.0874285400,0.1253506839,-0.5317214131,-1.2367547750,1.4020863771
4.4296512604,-0.0970131382,-0.0791293979,0.1227075160,-0.3606944084,-1.2675298452,1.3351343870
4.4396920204,-0.0979737267,-0.0801169872,0.1258573830,-0.1619394869,-1.2958850861,1.2766708136
4.4500908852,-0.0964310393,-0.0756770968,0.1240096986,0.0068350146,-1.3137793541,1.2352079153
4.4598588943,-0.0983035788,-0.0689576268,0.1060853302,0.1145415008,-1.3077961206,1.1948351860
4.4699192047,-0.0973298177,-0.0660482347,0.0739826858,0.1506036967,-1.2875413895,1.1608581543
4.4799423218,-0.1045453772,-0.0624906421,0.0392670296,0.1192622781,-1.2497609854,1.1385872364
4.4903669357,-0.1097650751,-0.0720362067,0.0128303440,0.0292274579,-1.2113360167,1.1311974525
4.5000810623,-0.1101595387,-0.0881510973,-0.0104693500,-0.1101022065,-1.1532146931,1.1185202599
4.5101571083,-0.0976026878,-0.1024166942,-0.0103423921,-0.2943164706,-1.0891253948,1.1047954559
4.5202031136,-0.0807807669,-0.1063983440,-0.0074913236,-0.4999614954,-1.0167832375,1.0836477280
4.5306382179,-0.0622223839,-0.1040037572,-0.0242569186,-0.6383527517,-0.9471411109,1.0465549231
4.5403642654,-0.0467214808,-0.0821496546,-0.0388563015,-0.7114341259,-0.8981155157,1.0147440434
4.5505051613,-0.0419103131,-0.0501685739,-0.0504123308,-0.7250902057,-0.8157395720,0.9733788967
4.5605077744,-0.0396951661,-0.0291717034,-0.0691588819,-0.6565625668,-0.7348366976,0.9213737845
4.5709142685,-0.0397719964,-0.0177976470,-0.0824225247,-0.5592878461,-0.6473654509,0.8619328141
4.5806360245,-0.0284218397,-0.0178568047,-0.0900503695,-0.4479376078,-0.5798966289,0.8077864647
4.5906963348,-0.0092156148,-0.0281859618,-0.0970290005,-0.3555511832,-0.5369629264,0.7589405775
4.6007699966,0.0106779123,-0.0443919301,-0.0921225846,-0.2993598282,-0.5028491616,0.7079769969
4.6111822128,0.0208183322,-0.0665490627,-0.0872445405,-0.2695903480,-0.4944114685,0.6601923108
4.6209030151,0.0222788248,-0.0791839361,-0.0794934332,-0.2483148873,-0.4902995527,0.6113462448
4.6309652328,0.0150460983,-0.0858765543,-0.0507650115,-0.2207561135,-0.4744953811,0.5571955442
4.6411170959,0.0009372022,-0.0736853182,-0.0306032039,-0.1849770844,-0.4279443920,0.4881927669
4.6513819695,-0.0074753971,-0.0588283539,-0.0194827653,-0.1067455858,-0.3588288128,0.4053863585
4.6612439156,-0.0161290374,-0.0430284142,-0.0096690981,0.0328221656,-0.2376688123,0.2482651770
4.6712331772,-0.0330820307,-0.0383196473,-0.0284568407,0.0972714424,-0.0771011710,0.0518980026
4.6813869476,-0.0396007523,-0.0784908533,-0.0775338709,0.1774528325,0.0088006891,-0.0627537444
4.6916570663,-0.0278547015,-0.1349126697,-0.0974647105,0.2708867788,0.0562569536,-0.0701866969
4.7015142441,-0.0262576547,-0.1402305365,-0.1070071757,0.3119678795,0.1108147353,-0.0574282855
4.7115459442,-0.0271523800,-0.1185788214,-0.0853292048,0.3020075262,0.1456958205,-0.0648412630
4.7216191292,-0.0212335791,-0.0948651135,-0.0526678897,0.2270395607,0.1703343242,-0.0913548917
4.7319211960,-0.0095225787,-0.0885625780,-0.0242723562,0.1136757657,0.1924940944,-0.1210450158
4.7417960167,-0.0027113173,-0.1016422212,-0.0020494789,0.0313795581,0.2021163553,-0.1624294668
4.7517809868,-0.0198046770,-0.0953529179,0.0079326304,0.0031250184,0.2492313981,-0.2218595147
4.7619190216,-0.0493999943,-0.0671356916,0.0211475752,0.0194198359,0.3232145607,-0.2887200415
4.7722082138,-0.0755834803,-0.0342012942,0.0409962796,0.0768773705,0.4408413172,-0.3895473182
4.7820520401,-0.1053998694,-0.0159345251,0.0314148329,0.1371574998,0.5943341851,-0.5264580250
4.7920498848,-0.1320305020,-0.0447438955,0.0030561953,0.1839382350,0.7117487788,-0.6453320384
4.8021249771,-0.1622353941,-0.0979298651,-0.0068891379,0.2117823809,0.8025681376,-0.7493500710
4.8124790192,-0.2066896111,-0.1413858831,-0.0052820775,0.2021109015,0.9089288116,-0.8607842326
4.8222889900,-0.2495863587,-0.1808836758,0.0047651199,0.1764809042,1.0085473061,-1.0083180666
4.8323130608,-0.2709511220,-0.2199452817,0.0179858468,0.1413582265,1.0939427614,-1.2089467049
4.8424577713,-0.2704741061,-0.2482364178,0.0237859748,0.1075139791,1.1569001675,-1.4350697994
4.8527331352,-0.2567323744,-0.2589650750,0.0183146857,0.1078419536,1.2180328369,-1.6612014771
4.8625111580,-0.2443639785,-0.2488217950,0.0143825682,0.1785587370,1.2840741873,-1.8799170256
4.8725919724,-0.2333816439,-0.2366952300,0.0200136565,0.3282569349,1.3498213291,-2.0869741440
4.8826489449,-0.2148811966,-0.2347021699,0.0326858424,0.5527664423,1.4056515694,-2.2876832485
4.8930449486,-0.1984613687,-0.2327831686,0.0410461687,0.8116582632,1.4395949841,-2.4735455513
4.9027929306,-0.1889479309,-0.2249195576,0.0433458351,1.0812515020,1.4704633951,-2.6572899818
4.9128599167,-0.1901908070,-0.2199284434,0.0435980819,1.3326836824,1.5021592379,-2.8527102470
4.9229941368,-0.1992310435,-0.2198814154,0.0554095171,1.5904142857,1.5433067083,-3.0714855194
4.9332461357,-0.2041510493,-0.2295467556,0.0810941160,1.8932855129,1.5530291796,-3.2881643772
4.9430599213,-0.2067459971,-0.2367772162,0.1241136491,2.2446696758,1.5155992508,-3.4783344269
4.9531259537,-0.2147412449,-0.2371896803,0.1820308864,2.6570134163,1.4660234451,-3.6600310802
4.9632720947,-0.2231625468,-0.2380773425,0.2417603433,3.1240384579,1.3915010691,-3.8353836536
4.9735212326,-0.2190607935,-0.2293640971,0.2814172208,3.5981919765,1.2449284792,-4.0044035912
4.9834170341,-0.2041189820,-0.2061129808,0.3061676323,3.9640307426,1.0443267822,-4.1776700020
4.9933981895,-0.1889618784,-0.1815913916,0.3359121978,4.1421751976,0.8292552233,-4.3657612801
5.0034680367,-0.1802391559,-0.1827303469,0.3593331277,4.1872959137,0.5770070553,-4.5442805290
5.0138201714,-0.1738885790,-0.1873460114,0.3634317815,4.1814656258,0.2990408838,-4.6930699348
5.0236711502,-0.1678411514,-0.1649920046,0.3480651677,4.1800007820,0.0127905030,-4.8163805008
5.0336670876,-0.1690820605,-0.1051680446,0.3025296628,4.2968673706,-0.2583756745,-4.9004282951
5.0437688828,-0.1757640988,-0.0188684147,0.2255157530,4.6084914207,-0.5784138441,-4.9293365479
5.0540771484,-0.1810937077,0.0688461363,0.1910167634,5.0225906372,-1.0020308495,-4.8701925278
5.0638170242,-0.1665166765,0.1486596465,0.2078976929,5.4307413101,-1.4629931450,-4.6719698906
5.0739350319,-0.1462590843,0.2223097384,0.2284431159,5.7607769966,-1.8950400352,-4.3282465935
5.0840210915,-0.1364755183,0.2866147459,0.2559556663,5.9487738609,-2.3153731823,-3.9505043030
5.0942940712,-0.1437320262,0.3267230690,0.2773220837,6.0012054443,-2.7362241745,-3.6332492828
5.1041831970,-0.1547086090,0.3458563983,0.2845446765,5.9052109718,-3.1535985470,-3.3977141380
5.1142063141,-0.1544141620,0.3475774229,0.2900185287,5.5634059906,-3.5396165848,-3.2311155796
5.1242837906,-0.1473533660,0.3049470484,0.2948051393,5.0371837616,-3.9486315250,-3.0899667740
5.1346940994,-0.1391572058,0.2263705730,0.2674163282,4.5161395073,-4.3392014503,-2.8935983181
5.1444177628,-0.1298175901,0.1838471442,0.1627850831,3.8645029068,-4.6846146584,-2.5941779613
5.1545047760,-0.1271376014,0.1891668439,0.0642707050,3.0906362534,-4.8653225899,-2.2574818134
5.1646080017,-0.1534523815,0.2236355245,-0.0681249201,2.2748410702,-4.9143753052,-2.0152089596
5.1749629974,-0.1921839118,0.2430553287,-0.1442421973,1.5302867889,-4.8348636627,-1.8419071436
5.1847472191,-0.2237055302,0.2291533798,-0.2120162547,1.0389951468,-4.6808528900,-1.6484580040
5.1948142052,-0.2461427599,0.2294333577,-0.2767474353,0.7311879992,-4.5164752007,-1.4125775099
5.2048521042,-0.2680945992,0.2726845443,-0.2961282432,0.5281003714,-4.3649139404,-1.1671746969
5.2151989937,-0.2794232070,0.3353584111,-0.3067018688,0.4764626622,-4.2046418190,-0.9281784296
5.2250189781,-0.2897758782,0.4009484649,-0.3471108377,0.5315269828,-4.0484380722,-0.8049457073
5.2350459099,-0.3293535411,0.4276191294,-0.3801244199,0.6475827694,-3.8098921776,-0.8282147646
5.2450780869,-0.3787583411,0.4179691970,-0.4223649204,0.7288033366,-3.4000906944,-0.9034184217
5.2554230690,-0.4183843136,0.3741722405,-0.4429634511,0.7248913646,-2.9058406353,-0.9318393469
5.2652502060,-0.4268020093,0.3048554957,-0.4423749149,0.6434966326,-2.4464325905,-0.8296564817
5.2752890587,-0.3840769231,0.2608042657,-0.4490014613,0.4752736986,-2.0461876392,-0.5713961720
5.2853879929,-0.3195139468,0.2327316701,-0.4641842544,0.2454839200,-1.6794016361,-0.3173846900
5.2957339287,-0.2702211142,0.1744554937,-0.4802962244,-0.0141598815,-1.3209478855,-0.1621168703
5.3055000305,-0.2299301177,0.1039186642,-0.4642348588,-0.1766345501,-1.0801326036,-0.1152361929
5.3155679703,-0.2023314089,0.0634336472,-0.4680168331,-0.0910113603,-0.7854261994,-0.1098018736
5.3256359100,-0.1948332340,0.1236999258,-0.5596972704,-0.1808381826,-0.1353480369,-0.2092634887
5.3359789848,-0.2797036767,0.0283800531,-0.7755101323,-0.1318573505,0.3976967633,-0.3799588680
5.3457698822,-0.2739456296,-0.0409205109,-0.8937483430,0.0375228859,0.7508074045,-0.3171793818
5.3558201790,-0.1637320369,0.0044634133,-0.8236600757,0.0748092681,0.9852991700,-0.0431282409
5.3659329414,-0.0516253039,0.0240485910,-0.6379771233,-0.1545608044,1.0937925577,0.1417372078
5.3762760162,0.0159092937,-0.0482604280,-0.4600456655,-0.6049683690,1.0960029364,0.1078757197
5.3860273361,0.0738748983,-0.1314726621,-0.3195209801,-1.2374858856,1.0570582151,0.0273201577
5.3961257935,0.1240858510,-0.1826278865,-0.2413106263,-1.8079375029,0.9004431963,0.0433131047
5.4061999321,0.1722763628,-0.1832271963,-0.2044820487,-2.1577980518,0.6776686907,0.1951279342
5.4165458679,0.1978905946,-0.1276008040,-0.2101418078,-2.2882452011,0.5017704964,0.4074336886
5.4263119698,0.1756450683,-0.0593580008,-0.2394604385,-2.2210285664,0.4069049656,0.5772570372
5.4363589287,0.1152992919,0.0037941947,-0.2791403830,-2.0602598190,0.4491580427,0.6579328179
5.4464631081,0.0379790440,0.0566898882,-0.3186948001,-1.9127047062,0.6340165734,0.6579877138
5.4568052292,-0.0366100892,0.0925298333,-0.3567297161,-1.7924752235,0.8809634447,0.6156094670
5.4665980339,-0.0873668417,0.1206144840,-0.3794818223,-1.7547761202,1.1645085812,0.6008763313
5.4766330719,-0.1145555899,0.1419379413,-0.3773820102,-1.8065832853,1.4370286465,0.6424348354
5.4867401123,-0.1208807752,0.1429940611,-0.3625101149,-1.9196557999,1.6499717236,0.7423790097
5.4970932007,-0.1127703115,0.1452964842,-0.3383812010,-2.1239175797,1.8073289394,0.9017793536
5.5068650246,-0.0996919200,0.1509291828,-0.3085223734,-2.3916366100,1.9091691971,1.0940837860
5.5169081688,-0.0979783162,0.1634607911,-0.2832370698,-2.6836452484,1.9853030443,1.2821347713
5.5269899368,-0.1105554923,0.1791213453,-0.2550468147,-2.9596269131,2.0594482422,1.4691184759
5.5373439789,-0.1266926825,0.2062694132,-0.2250952423,-3.1788656712,2.1161270142,1.6677582264
5.5471019745,-0.1375178099,0.2397474647,-0.2012270391,-3.3488960266,2.1615836620,1.8695659637
5.5571632385,-0.1450874656,0.2734309733,-0.1718069613,-3.4762117863,2.2041883469,2.0649909973
5.5672969818,-0.1532045603,0.2865514755,-0.1503938138,-3.5607891083,2.2406685352,2.2402274609
5.5775880814,-0.1608652323,0.2865093648,-0.1262651980,-3.6280806065,2.2559928894,2.4027092457
5.5874118805,-0.1659284830,0.2813626528,-0.0849200785,-3.7155478001,2.2605111599,2.5620033741
5.5974369049,-0.1683672220,0.2748443484,-0.0334970094,-3.8668723106,2.2475368977,2.7276751995
5.6075582504,-0.1698431224,0.2648545504,0.0237478279,-4.0455660820,2.1959846020,2.8720993996
5.6178560257,-0.1679950207,0.2468850613,0.0634498894,-4.1770262718,2.1149272919,2.9846422672
5.6277122498,-0.1564254761,0.2295253873,0.0851583183,-4.2141566277,1.9909735918,3.0642247200
5.6376729012,-0.1415252239,0.2214088440,0.1022230685,-4.1762290001,1.8303359747,3.1129779816
5.6478428841,-0.1296905875,0.2298178673,0.1056508720,-4.0740075111,1.6425474882,3.1425886154
5.6581163406,-0.1266240180,0.2376118898,0.1098422110,-3.9172823429,1.4455482960,3.1509432793
5.6679959297,-0.1292542070,0.2333781719,0.1165790260,-3.7050149441,1.2436442375,3.1465413570
5.6779670715,-0.1364920884,0.2278165221,0.1274785697,-3.4712841511,1.0302257538,3.1378829479
5.6881132126,-0.1434961706,0.2130717039,0.1508727968,-3.2045531273,0.8245185018,3.1281561852
5.6983880997,-0.1512304693,0.1958087087,0.1580730379,-2.9069416523,0.6254482865,3.1184241772
5.7082629204,-0.1598084420,0.1866090298,0.1689312756,-2.5871098042,0.4456710815,3.1086971760
5.7182350159,-0.1718998104,0.1825166941,0.1657465398,-2.2257153988,0.2726843059,3.1085202694
5.7283968925,-0.1911568195,0.1707339287,0.1629179418,-1.8089393377,0.1096080542,3.0892207623
5.7386460304,-0.2083752900,0.1571179628,0.1777563989,-1.3869142532,-0.0449616089,3.0656769276
5.7485299110,-0.2236042172,0.1433367729,0.1897463500,-0.9705276489,-0.1687184423,3.0559532642
5.7585048676,-0.2434052080,0.1281974316,0.2058693469,-0.6015205383,-0.2516163588,3.0292725563
5.7686510086,-0.2656510174,0.1023646593,0.2234114110,-0.3288349807,-0.3078300953,2.9930739403
5.7789349556,-0.2878547609,0.0701378584,0.2186636627,-0.1364602894,-0.3383494914,2.9367346764
5.7887859344,-0.3022154868,0.0213913936,0.2260798514,-0.0166888721,-0.3664026856,2.8676733971
5.7987751961,-0.3109855950,-0.0268606525,0.2369394600,0.0080478992,-0.3888709843,2.8060715199
5.8088531494,-0.3106094897,-0.0575523973,0.2411984503,-0.0621748641,-0.4131744504,2.7529873848
5.8192620277,-0.3053891957,-0.0769354105,0.2527671754,-0.2007270455,-0.4360620379,2.6829311848
5.8289842606,-0.2951155007,-0.0942533016,0.2567319572,-0.3690968752,-0.4668465853,2.5810258389
5.8390479088,-0.2766517699,-0.0942921042,0.2446924150,-0.5043478012,-0.5016698837,2.4663689137
5.8491411209,-0.2541451156,-0.0824256539,0.2378744781,-0.5956846476,-0.5507775545,2.3803617954
5.8594570160,-0.2316141874,-0.0632908940,0.2349796593,-0.6601501703,-0.6175085306,2.3219451904
5.8691692352,-0.2160453945,-0.0512284636,0.2255190313,-0.6980166435,-0.6742641926,2.2932579517
5.8793129921,-0.2070530802,-0.0531871915,0.2182119191,-0.7305873036,-0.7255663276,2.2805008888
5.8894591331,-0.2078647763,-0.0646147728,0.2093060911,-0.7717680335,-0.7706235051,2.2603147030
5.8997340202,-0.2051330954,-0.0820638537,0.2035146058,-0.8481616974,-0.8170534968,2.2390723228
5.9095940590,-0.2017548233,-0.0922077298,0.1917852461,-0.9693408608,-0.8671368957,2.2061622143
5.9195833206,-0.1926945597,-0.0949872732,0.1831515133,-1.1161118746,-0.9196506143,2.1605174541
5.9297289848,-0.1868423373,-0.0951573849,0.1768343151,-1.2361764908,-0.9763054252,2.0946881771
5.9399919510,-0.1820289046,-0.1009805202,0.1649392545,-1.2632023096,-1.0524065495,2.0139615536
5.9498629570,-0.1762703806,-0.0993286371,0.1480541527,-1.1813415289,-1.1305931807,1.9555027485
5.9598522186,-0.1687051803,-0.0787172318,0.1453545988,-1.0526783466,-1.1923297644,1.9161523581
5.9700069427,-0.1654465348,-0.0579309464,0.1483928263,-0.8964072466,-1.2400312424,1.8768022060
5.9802660942,-0.1566994339,-0.0521517396,0.1497722566,-0.7094695568,-1.2598893642,1.8353339434
5.9901361465,-0.1494196206,-0.0534191132,0.1659595072,-0.5225462914,-1.2775640488,1.8034237623
6.0001058578,-0.1386785060,-0.0569312572,0.1969265640,-0.3902688324,-1.2734547853,1.7683538198
6.0100402832,-0.1274367720,-0.0692316890,0.2009163797,-0.3007323146,-1.2668043375,1.6918848753
6.0203509331,-0.1056661829,-0.0895947814,0.1888371408,-0.2302091569,-1.2805776596,1.6005454063
6.0301489830,-0.0851278529,-0.1055339575,0.1868017018,-0.2236604393,-1.3002152443,1.5092192888
6.0403289795,-0.0685897097,-0.1263109446,0.1829300821,-0.2555160224,-1.3235493898,1.3902920485
6.0507173538,-0.0628967509,-0.1453412175,0.1663474739,-0.2884707749,-1.3437880278,1.2596889734
6.0607299805,-0.0563832745,-0.1548209190,0.1536370218,-0.3182615936,-1.3596855402,1.1397054195
6.0706052780,-0.0579095110,-0.1624845862,0.1369612515,-0.3639861941,-1.3819711208,1.0377731323
6.0806722641,-0.0577694997,-0.1693271399,0.1150993407,-0.4002858400,-1.3849512339,0.9549615979
6.0907559395,-0.0640936717,-0.1671571136,0.0902149975,-0.4325260818,-1.3665828705,0.8859620690
6.1009988785,-0.0652620420,-0.1570019126,0.0669175684,-0.4712596238,-1.3386591673,0.8265252709
6.1108741760,-0.0584439263,-0.1406026483,0.0442621969,-0.4832893908,-1.3113626242,0.7978733778
6.1209259033,-0.0477165207,-0.1187146306,0.0228868984,-0.4889603853,-1.2785874605,0.7872732878
6.1310420036,-0.0380294546,-0.0978039503,-0.0013482899,-0.4647610188,-1.2444694042,0.7798515558
6.1412911415,-0.0274924245,-0.0746903718,-0.0188697912,-0.4074981809,-1.2066640854,0.8053383827
6.1512031555,-0.0281485524,-0.0480344296,-0.0161552168,-0.3473312557,-1.1379377842,0.8499529958
6.1612091064,-0.0322481617,-0.0190456491,-0.0299398638,-0.2980392277,-1.0503729582,0.8690968752
6.1713180542,-0.0299687590,0.0073650493,-0.0554051138,-0.2627773583,-0.9481720924,0.8733861446
6.1815972328,-0.0214371290,0.0135022718,-0.0736114085,-0.2456721812,-0.8451238275,0.8691859245
6.1914811134,-0.0056174607,0.0022009029,-0.0845544636,-0.2336932719,-0.7633978128,0.8564820886
6.2014780045,0.0184911881,-0.0160438996,-0.0819765627,-0.2461267859,-0.6945697665,0.8512106538
6.2115449905,0.0335067287,-0.0334015489,-0.0744581521,-0.2734441757,-0.6311425567,0.8512492776
6.2219562531,0.0394320264,-0.0520534515,-0.0704071820,-0.3028684258,-0.5721859932,0.8194324970
6.2317199707,0.0431265607,-0.0643642545,-0.0571760871,-0.3133445084,-0.4888453186,0.7589542270
6.2417478561,0.0522577539,-0.0721606016,-0.0509442426,-0.2670534551,-0.4262649119,0.6931418180
6.2518649101,0.0634668246,-0.0683036447,-0.0392449237,-0.1725578606,-0.3824811876,0.6092575192
6.2621688843,0.0668852106,-0.0604847074,-0.0294673778,-0.0705832914,-0.3397140205,0.5221855044
6.2720160484,0.0615364686,-0.0554667711,-0.0225758888,0.0377812646,-0.2958576381,0.4308651686
6.2820081711,0.0510309711,-0.0600407720,-0.0144621460,0.1206886172,-0.2670522034,0.3437919021
6.2921133041,0.0340695754,-0.0618707538,0.0022260814,0.1725550145,-0.2289117426,0.2652246654
6.3024392128,0.0180520806,-0.0697917640,0.0236122273,0.2005929798,-0.1583479494,0.1463308930
6.3122792244,-0.0089432215,-0.0886344910,0.0247126482,0.1255906373,-0.0316691063,-0.0160420313
6.3222770691,-0.0276978221,-0.1401119828,-0.0139316050,0.0393392444,0.0496784151,-0.1179118678
6.3324241638,-0.0278095212,-0.1778766513,-0.0475042202,-0.0115066282,0.1182263121,-0.1146793291
6.3426508904,-0.0255445447,-0.1612668335,-0.0690691769,-0.0462872721,0.1829063147,-0.0753524899
6.3525719643,-0.0179580655,-0.1193227768,-0.0697397292,-0.0501278155,0.2465385497,-0.0753197372
6.3625593185,-0.0033856246,-0.0945960879,-0.0501228310,-0.0015403870,0.2944354415,-0.1177800447
6.3738517761,0.0017497328,-0.0990986824,-0.0266948082,0.0760574639,0.3223696053,-0.1687521487
6.3832082748,-0.0180052128,-0.1016417146,-0.0198721029,0.1267621368,0.3700564206,-0.2462522686
6.3928022385,-0.0583489165,-0.0966258645,-0.0016084046,0.1424593329,0.4998434484,-0.3789162934
6.4029121399,-0.0880549178,-0.1015714705,0.0037858754,0.1748401672,0.6666933298,-0.5455438495
6.4128489494,-0.0966046080,-0.1229338348,-0.0071109864,0.2319657654,0.8135706782,-0.7164345980
6.4232401848,-0.1091902480,-0.1532094479,-0.0353333093,0.3098146319,0.9172978997,-0.8608080149
6.4330439568,-0.1419299990,-0.1766362190,-0.0486408807,0.3800163567,1.0402163267,-0.9807477593
6.4432229996,-0.1952848583,-0.2000866234,-0.0451300479,0.4297901988,1.1777487993,-1.1102306843
6.4531812668,-0.2345882207,-0.2334379554,-0.0326539613,0.4572764337,1.3010993004,-1.2694458961
6.4635090828,-0.2522611916,-0.2678693533,-0.0158828236,0.4744823873,1.3838939667,-1.4509774446
6.4733681679,-0.2597161233,-0.2832821012,-0.0005950661,0.4715523720,1.4514971972,-1.6569319963
6.4834032059,-0.2574364245,-0.2754627466,0.0124159725,0.4823715985,1.5307739973,-1.8809337616
6.4935069084,-0.2440363914,-0.2579043508,0.0268145464,0.5359902978,1.5987535715,-2.1049528122
6.5038337708,-0.2229696661,-0.2452264130,0.0431756638,0.6602491736,1.6484572887,-2.2971446514
6.5136041641,-0.2108490616,-0.2339816689,0.0539545678,0.8250229955,1.7028707266,-2.4723563194
6.5236358643,-0.2054147869,-0.2214511931,0.0575427674,0.9981213212,1.7785644531,-2.6496820450
6.5337247849,-0.2044670731,-0.2136797905,0.0650663078,1.1627241373,1.8499469757,-2.8259468079
6.5440149307,-0.1996954829,-0.2099900246,0.0848088562,1.3404344320,1.8918244839,-2.9884274006
6.5539069176,-0.1997889429,-0.2120380998,0.1278592050,1.5462304354,1.9011421204,-3.1371269226
6.5639061928,-0.1993924528,-0.2082179189,0.1773774326,1.7767417431,1.8937048912,-3.2847790718
6.5740499496,-0.2028567940,-0.1969404221,0.2164154351,2.0446913242,1.8769549131,-3.4462490082
6.5843229294,-0.2097770125,-0.1889276505,0.2437435091,2.3575851917,1.8478083611,-3.6162302494
6.5941901207,-0.2132514864,-0.1663988829,0.2606217563,2.6993417740,1.8135883808,-3.7894074917
6.6041722298,-0.2135090977,-0.1263126135,0.2651078403,3.0445892811,1.7495419979,-3.9848971367
6.6142430305,-0.1979304105,-0.0763856173,0.2764319479,3.3208889961,1.6423465014,-4.1963191032
6.6245927811,-0.1822263151,-0.0431264639,0.2728655040,3.5485961437,1.4860280752,-4.3907651901
6.6343750954,-0.1673743874,-0.0456336737,0.2886607945,3.7405114174,1.2829498053,-4.5480618477
6.6445069313,-0.1499614865,-0.0603951812,0.3133828342,3.8743925095,1.0159766674,-4.6629042625
6.6545867920,-0.1324883252,-0.0581117272,0.3442443311,3.9043145180,0.6889359355,-4.7374005318
6.6648769379,-0.1164649948,-0.0418561101,0.3616589606,3.8545944691,0.3255379498,-4.7481880188
6.6747350693,-0.1039521918,-0.0222679954,0.3661821783,3.7114608288,-0.0838607401,-4.6910195351
6.6847538948,-0.0917900428,-0.0017300830,0.3688625991,3.4094076157,-0.4996080697,-4.5807223320
6.6947941780,-0.0855683908,0.0159869809,0.3477582633,2.9693052769,-0.8760032654,-4.4342703819
6.7051668167,-0.0893088803,0.0242281575,0.3097499311,2.4603209496,-1.1934261322,-4.2644119263
6.7149362564,-0.1015420780,0.0392691493,0.2776016891,1.9730787277,-1.4425762892,-4.0679798126
6.7249960899,-0.1283106953,0.0913555622,0.2229422629,1.5846056938,-1.6430594921,-3.8630537987
6.7351188660,-0.1586082429,0.1880523562,0.1664540470,1.3428865671,-1.7924926281,-3.6740667820
6.7454619408,-0.1769593805,0.3101204634,0.1090310514,1.3246997595,-1.8849133253,-3.5031595230
6.7552642822,-0.1874368936,0.4417354465,0.0644781291,1.5645765066,-1.9594684839,-3.3790271282
6.7653188705,-0.1918511838,0.5672834516,0.0312233828,2.0634715557,-2.0020236969,-3.2506964207
6.7753810883,-0.1832213104,0.6907200813,-0.0005170436,2.7101283073,-2.0895674229,-3.0597805977
6.7857313156,-0.1661518663,0.7787761688,-0.0023696751,3.3231229782,-2.2238934040,-2.8380866051
6.7955269814,-0.1551243961,0.7861430645,0.0354939364,3.8124318123,-2.3711578846,-2.6450369358
6.8055210114,-0.1427663416,0.7163076997,0.0708503425,4.1511421204,-2.5058813095,-2.4423866272
6.8156380653,-0.1278353333,0.6310017109,0.0701259077,4.2550973892,-2.6436748505,-2.2333076000
6.8259639740,-0.1101089790,0.5608165264,0.0552515648,4.1291098595,-2.7313382626,-2.0018467903
6.8357510567,-0.0946893767,0.4979608357,0.0128044756,3.8887565136,-2.8043811321,-1.8160074949
6.8457770348,-0.0829434469,0.4373849034,-0.0349794962,3.6054291725,-2.8515200615,-1.6683702469
6.8558769226,-0.0701604635,0.3895590901,-0.0819557607,3.2706820965,-2.8789277077,-1.5175234079
6.8661999702,-0.0640783086,0.3525103331,-0.1144215763,2.8883116245,-2.8387320042,-1.3496407270
6.8760337830,-0.0643053725,0.3208159506,-0.1232528985,2.4893894196,-2.7445356846,-1.1774809361
6.8860640526,-0.0734136626,0.2909153700,-0.1266655028,2.0688419342,-2.6241583824,-1.0297255516
6.8961362839,-0.0840221867,0.2622628212,-0.1209817231,1.6886055470,-2.4802110195,-0.9010794759
6.9065132141,-0.0914137140,0.2351478189,-0.1535671651,1.4108551741,-2.3408334255,-0.7968828082
6.9162960052,-0.1003775224,0.2280256450,-0.2007156312,1.2164707184,-2.2158248425,-0.7298777103
6.9263620377,-0.1022208557,0.2318492681,-0.2399205267,1.1277821064,-2.0952541828,-0.6713956594
6.9364509583,-0.1013408527,0.2579535246,-0.2743651569,1.1372997761,-1.9782153368,-0.6352384686
6.9467592239,-0.0978859887,0.2788028121,-0.2982327640,1.2320693731,-1.8499516249,-0.6192720532
6.9565668106,-0.0902645513,0.2842137814,-0.3151457608,1.3626036644,-1.6681482792,-0.5767424703
6.9665741920,-0.0808496103,0.2722081840,-0.3327017128,1.4822096825,-1.4573750496,-0.4704881012
6.9767050743,-0.0698870048,0.2418397963,-0.3469429910,1.4520642757,-1.2105368376,-0.3280760944
6.9870252609,-0.0567037091,0.1846676320,-0.3391730487,1.2489506006,-0.9556248188,-0.1803072095
6.9967980385,-0.0379429087,0.0969686732,-0.3016625941,1.0882999897,-0.7889250517,-0.1111662164
7.0068893433,-0.0125102317,0.0453337133,-0.2752813995,0.8264857531,-0.4334166050,-0.0790664703
7.0169758797,-0.0237688925,-0.0035805576,-0.4405306876,0.3866439462,0.0026744197,-0.1435067058
7.0272970200,-0.0689501092,-0.1307591498,-0.5995221734,0.0645329580,0.3022675216,-0.1443381459
7.0370702744,-0.0538128838,-0.1262841672,-0.7129340768,-0.1059700698,0.4980428815,0.0033929870
7.0471982956,-0.0054077120,-0.0618199632,-0.7146860361,-0.1725577265,0.6567466259,0.1850579977
7.0572052002,0.0216964278,-0.0383451730,-0.6078281999,-0.3393027484,0.7914149761,0.2318867594
7.0675687790,0.0231736992,-0.0821479261,-0.4762525856,-0.6700298190,0.8813435435,0.1460085809
7.0773229599,0.0291531477,-0.1344957352,-0.3788211644,-1.1492339373,0.8811323047,0.1047200039
7.0874137878,0.0434086993,-0.1403527856,-0.3063360751,-1.6799019575,0.8036059141,0.1547213197
7.0977172852,0.0425646678,-0.1279270798,-0.2512904108,-2.1320655346,0.7759500742,0.2620640099
7.1078591347,0.0189853106,-0.1034247130,-0.2380019724,-2.5018789768,0.8406906128,0.4342009723
7.1176090240,-0.0193444099,-0.0500345528,-0.2674540579,-2.8369193077,0.9539402127,0.6764327884
7.1277279854,-0.0573647544,0.0221117307,-0.3046507537,-3.1048817635,1.0838029385,0.9356446266
7.1377477646,-0.0857348070,0.1120801866,-0.3292316496,-3.2707908154,1.2514600754,1.1587482691
7.1480751038,-0.1047240421,0.1979115605,-0.3284650147,-3.3172345161,1.4207109213,1.3032482862
7.1578650475,-0.1143377051,0.2702072859,-0.3100405633,-3.2924177647,1.6102526188,1.3723535538
7.1679110527,-0.1205523536,0.3139933944,-0.2661066949,-3.2570397854,1.8092352152,1.4106692076
7.1780428886,-0.1152394190,0.3224690855,-0.2269201577,-3.2317800522,1.9541593790,1.4712578058
7.1883530617,-0.0950480625,0.3110055029,-0.1850097477,-3.2443623543,2.0450310707,1.5923516750
7.1982159615,-0.0695670024,0.3024177849,-0.1407988369,-3.3151683807,2.0923118591,1.7782081366
7.2082033157,-0.0493777618,0.2975266576,-0.1062753499,-3.3727445602,2.0984005928,1.9757214785
7.2183580399,-0.0390698984,0.3066698015,-0.0823728144,-3.3627762794,2.0720338821,2.1498408318
7.2286119461,-0.0334301367,0.3363967538,-0.0669420063,-3.3142020702,2.0245211124,2.2835898399
7.2384839058,-0.0360478871,0.3706034422,-0.0480482318,-3.2484319210,1.9619001150,2.3557443619
7.2484712601,-0.0435856320,0.3787298799,-0.0320577361,-3.0980944633,1.8722565174,2.4013187885
7.2585582733,-0.0509304591,0.3729441166,-0.0174945928,-2.9209392071,1.7702732086,2.4713015556
7.2689709663,-0.0562640727,0.3669834733,-0.0021096796,-2.7394130230,1.6612174511,2.5901236534
7.2786860466,-0.0687589720,0.3557631373,0.0247932337,-2.6273818016,1.5666810274,2.7503795624
7.2888269424,-0.0886655077,0.3428208232,0.0533029102,-2.5442380905,1.4793485403,2.9148926735
7.2988300323,-0.1149927303,0.3211875558,0.0824165046,-2.4890103340,1.4075149298,3.0528767109
7.3092541695,-0.1417166442,0.3014420271,0.1023841798,-2.4412639141,1.3353638649,3.1526405811
7.3189530373,-0.1656221300,0.2817285657,0.1182435453,-2.3699390888,1.2504463196,3.2152261734
7.3290638924,-0.1815641075,0.2631177902,0.1429122984,-2.2964460850,1.1600928307,3.2544460297
7.3390588760,-0.1931766123,0.2493814230,0.1686601341,-2.2389907837,1.0714972019,3.2596962452
7.3494629860,-0.1983279139,0.2373120189,0.1983606517,-2.2134938240,0.9761309028,3.2458391190
7.3592252731,-0.2016463131,0.2150080204,0.2252030075,-2.1932044029,0.8668075800,3.2139256001
7.3693571091,-0.2039518207,0.1881137490,0.2336540520,-2.1825444698,0.7594954371,3.1777672768
7.3793983459,-0.2023216635,0.1652805209,0.2412478030,-2.1920380592,0.6403690577,3.1469180584
7.3897438049,-0.2025262564,0.1385823488,0.2460711896,-2.2046308517,0.5105350614,3.1054468155
7.3994913101,-0.2015611380,0.1080080271,0.2473710477,-2.2073583603,0.3554043174,3.0767014027
7.4096288681,-0.2011928111,0.0909938216,0.2550978363,-2.2292926311,0.2025112361,3.0914962292
7.4196271896,-0.2023257166,0.0809935927,0.2583354414,-2.2309956551,0.0540328175,3.1052258015
7.4300489426,-0.2104016691,0.0662520528,0.2623787224,-2.2039361000,-0.0912464187,3.0828487873
7.4397592545,-0.2193238884,0.0515620708,0.2577498257,-2.1470072269,-0.2363961488,3.0402898788
7.4498620033,-0.2247201353,0.0309870858,0.2566829622,-2.0665984154,-0.3825130761,2.9807360172
7.4599041939,-0.2233722359,0.0046541109,0.2695824206,-1.9925917387,-0.5286647081,2.9243688583
7.4703359604,-0.2188729793,-0.0209168773,0.2800863087,-1.9218026400,-0.6726672053,2.8764984608
7.4800009727,-0.2142272145,-0.0389093161,0.2833241522,-1.8266288042,-0.8005191684,2.8318147659
7.4901533127,-0.2110709101,-0.0463356376,0.2907048166,-1.6727510691,-0.9288558364,2.7966711521
7.5001373291,-0.2062983662,-0.0205416661,0.2891013920,-1.4721534252,-1.0334831476,2.7551577091
7.5104990005,-0.2063081414,0.0180672426,0.2606681287,-1.1683421135,-1.1087121964,2.6902737617
7.5203571320,-0.2082285434,0.0465773344,0.2332887948,-0.7623261213,-1.1597522497,2.6179428101
7.5303649902,-0.2047839910,0.0718711019,0.2201970518,-0.3618207276,-1.1927187443,2.5583639145
7.5404911041,-0.2029066831,0.0746902227,0.2191217840,-0.0137253338,-1.2133198977,2.5126078129
7.5507550240,-0.2022009045,0.0420089364,0.2289257348,0.2361109704,-1.2262698412,2.4700663090
7.5606389046,-0.2064605504,-0.0064695464,0.2311551273,0.3480635881,-1.2193405628,2.4063332081
7.5706357956,-0.2150266916,-0.0582406521,0.2273187339,0.3244149387,-1.2073457241,2.3245856762
7.5807762146,-0.2174248844,-0.1094095707,0.2274530232,0.2294575572,-1.2139511108,2.2524039745
7.5910620689,-0.2081256062,-0.1498451233,0.2319597304,0.0771259293,-1.2454507351,2.1823499203
7.6009101868,-0.1937701851,-0.1702411175,0.2271614969,-0.0974309593,-1.2974767685,2.0857446194
7.6109080315,-0.1753755361,-0.1712189913,0.2167811692,-0.2496258020,-1.3439114094,2.0029392242
7.6209602356,-0.1598445326,-0.1582819223,0.2015182078,-0.3324538469,-1.3897129297,1.9243642092
7.6313810349,-0.1453083903,-0.1404421926,0.1872309744,-0.3653455377,-1.4139397144,1.8330460787
7.6411070824,-0.1339171082,-0.1280742884,0.1759764254,-0.3397962153,-1.4121202230,1.7523437738
7.6511750221,-0.1197009906,-0.1265215278,0.1687587202,-0.2749866247,-1.3876465559,1.6758893728
7.6612582207,-0.1023501381,-0.1350191832,0.1647160947,-0.1961863190,-1.3747371435,1.5973026752
7.6715960503,-0.0863968357,-0.1445795298,0.1639030874,-0.1258400381,-1.3692539930,1.5303951502
7.6814460754,-0.0817048773,-0.1513988972,0.1650962532,-0.0888159797,-1.3407722712,1.4550123215
7.6914453506,-0.0781927332,-0.1615886390,0.1573018730,-0.0720477626,-1.3157814741,1.3594577312
7.7015099525,-0.0724939331,-0.1764630675,0.1387542188,-0.0594984181,-1.2962099314,1.2522226572
7.7118740082,-0.0682648644,-0.1823042631,0.1278459728,-0.0715199485,-1.2735718489,1.1598596573
7.7216811180,-0.0685024485,-0.1802214384,0.1078104675,-0.0879178345,-1.2404104471,1.0600712299
7.7317171097,-0.0662195906,-0.1826694608,0.0863241851,-0.0723160207,-1.2036149502,0.9868231416
7.7418518066,-0.0630734190,-0.1795824766,0.0716836154,-0.0459467359,-1.1750117540,0.9443587661
7.7521262169,-0.0589390621,-0.1611086130,0.0499325655,-0.0347913653,-1.1188685894,0.9146523476
7.7619919777,-0.0539604649,-0.1428853273,0.0277355574,-0.0408402048,-1.0502200127,0.8732780218
7.7719850540,-0.0450636372,-0.1308696270,0.0115283998,-0.0650495887,-0.9795801640,0.8361564279
7.7820849419,-0.0415501222,-0.1280667186,-0.0079265563,-0.0925336778,-0.9015274644,0.8011630177
7.7923979759,-0.0295809712,-0.1335483789,-0.0182551481,-0.1339142621,-0.8215441704,0.7555571198
7.8022661209,-0.0149502372,-0.1357136369,-0.0204382278,-0.1782604307,-0.7648745179,0.7184337378
7.8122568130,-0.0022633884,-0.1326485872,-0.0362375118,-0.2291084826,-0.6986892223,0.6845003963
7.8223218918,0.0020369079,-0.1213879585,-0.0581956245,-0.2523576021,-0.6174370050,0.6463221312
7.8327322006,0.0009869125,-0.1065909564,-0.0632623136,-0.2607941031,-0.5233508945,0.6039002538
7.8424539566,0.0023545411,-0.0930603743,-0.0621209480,-0.2554070652,-0.4249470830,0.5540434718
7.8525009155,0.0101854587,-0.0845209956,-0.0599750616,-0.2276816517,-0.3188932240,0.5084324479
7.8626213074,0.0241965447,-0.0829088986,-0.0579049326,-0.1901294738,-0.2350361496,0.4628074467
7.8731040955,0.0387621894,-0.0823477209,-0.0445536710,-0.1717717946,-0.1535586566,0.4033825397
7.8828058243,0.0480986610,-0.0830486715,-0.0355569459,-0.1437582672,-0.0773302019,0.3397055566
7.8928012848,0.0582551733,-0.0799505115,-0.0233935453,-0.1113671511,-0.0128606651,0.2569097281
7.9029302597,0.0583009496,-0.0616997480,-0.0073453519,-0.0579103194,0.0782032013,0.1560707390
7.9132118225,0.0550729409,-0.0495321751,-0.0005023808,0.0369455144,0.1895536929,0.0191307385
7.9230718613,0.0585393682,-0.0588392615,-0.0034952492,0.1611673385,0.2471975386,-0.0944845080
7.9330291748,0.0658626929,-0.0636167228,-0.0077841613,0.3121713102,0.2980993688,-0.1390948445
7.9431447983,0.0670855418,-0.0501812994,-0.0163169242,0.4569737911,0.3311001956,-0.1539803296
7.9534759521,0.0700356141,-0.0264595728,-0.0107300607,0.5315036774,0.3475216031,-0.1762881577
7.9632802010,0.0738496557,-0.0289677661,0.0113774808,0.5260711312,0.3558107018,-0.1996422112
7.9733309746,0.0786270872,-0.0582097471,0.0362492464,0.4408460557,0.3401625752,-0.2070610523
7.9834003448,0.0668455139,-0.0846704841,0.0508198403,0.2807453275,0.3419543505,-0.2059577107
7.9937520027,0.0393152609,-0.0999211073,0.0577489994,0.0989284813,0.3794813454,-0.2281904370
8.0036125183,0.0037417200,-0.1057922542,0.0501534604,-0.0478929207,0.4372535646,-0.2843996584
8.0136203766,-0.0291348901,-0.1059111655,0.0359731577,-0.1126591414,0.5062351823,-0.3586740196
8.0236797333,-0.0602728352,-0.0989463329,0.0358469151,-0.0890861601,0.5981821418,-0.4467633963
8.0339756012,-0.0877521262,-0.0982852280,0.0342489742,0.0134285213,0.6916505098,-0.5699105859
8.0438442230,-0.1065787897,-0.1229023933,0.0354615115,0.1748357862,0.7642807364,-0.7132581472
8.0538711548,-0.1194328293,-0.1609314680,0.0378443860,0.3417918682,0.8145593405,-0.8746694326
8.0640077591,-0.1299651414,-0.1971458793,0.0385068916,0.4692795277,0.8622736335,-1.0509365797
8.0742902756,-0.1349936873,-0.2246848941,0.0314032696,0.5826618671,0.9308945537,-1.2569217682
8.0841398239,-0.1396542937,-0.2248328924,0.0241232775,0.6821250916,1.0035259724,-1.4798884392
8.0941381454,-0.1401938349,-0.2117224634,0.0269934200,0.7997604012,1.0742471218,-1.6943645477
8.1042728424,-0.1430781037,-0.1996696591,0.0361810587,0.9312673211,1.1451468468,-1.9003515244
8.1145801544,-0.1416071802,-0.2017607391,0.0532498620,1.0510807037,1.2117774487,-2.0946590900
8.1243267059,-0.1367523819,-0.2131441236,0.0733369887,1.1613217592,1.2762910128,-2.2751607895
8.1344099045,-0.1296690851,-0.2245845199,0.0871712863,1.2608985901,1.3408225775,-2.4386713505
8.1445140839,-0.1268327981,-0.2242451906,0.1054240167,1.3903324604,1.4089014530,-2.5862603188
8.1548881531,-0.1264889985,-0.2112157345,0.1152321994,1.5829722881,1.4543195963,-2.7137022018
8.1646232605,-0.1344520003,-0.1897799373,0.1335662305,1.8492984772,1.4951037169,-2.8369181156
8.1747503281,-0.1470405012,-0.1656356752,0.1555391848,2.2063517570,1.5345439911,-2.9622807503
8.1847591400,-0.1637540013,-0.1404387355,0.1678179204,2.6328001022,1.5702148676,-3.1078379154
8.1951007843,-0.1798283011,-0.1076629162,0.1770175397,3.0796594620,1.5898149014,-3.3043737411
8.2049121857,-0.1822851449,-0.0771798491,0.1940574944,3.5223510265,1.5963138342,-3.5518822670
8.2149362564,-0.1693817526,-0.0621270835,0.2174472511,3.9356617928,1.5514929295,-3.8195838928
8.2250528336,-0.1437123567,-0.0628445446,0.2458968461,4.3444466591,1.4271532297,-4.0713958740
8.2353811264,-0.1211686954,-0.0713313222,0.2849219143,4.7454328537,1.2319840193,-4.2722754478
8.2451810837,-0.1065722927,-0.0628114343,0.3199528754,5.1232914925,1.0039540529,-4.4370641708
8.2552213669,-0.0995779261,-0.0430653095,0.3597997129,5.4249997139,0.7085548639,-4.5795683861
8.2681884766,-0.0838451609,-0.0193503480,0.4041877687,5.6559486389,0.3441686332,-4.6297135353
8.2757129669,-0.0628812537,0.0073933317,0.4237276018,5.7756319046,-0.0949679837,-4.6034188271
8.2861928940,-0.0354650244,0.0261172075,0.4296419919,5.7324151993,-0.5691089034,-4.5197625160
8.2961912155,-0.0094816303,0.0305556376,0.3821285665,5.6513895988,-0.9919906259,-4.3351993561
8.3062381744,-0.0070151896,0.0436336696,0.2980453074,5.5258884430,-1.4455546141,-4.0773773193
8.3162317276,-0.0248640981,0.0728208423,0.2519933879,5.2748374939,-1.9349327087,-3.7738847733
8.3255386353,-0.0498187765,0.1032523811,0.2493430674,4.8617634773,-2.4426147938,-3.4565553665
8.3357038498,-0.0650494322,0.1083179563,0.2466976941,4.4347391129,-2.8369791508,-3.1540303230
8.3457069397,-0.0889783725,0.1146376580,0.2052327096,3.9478347301,-3.1165316105,-2.9013381004
8.3560352325,-0.1154716834,0.1625477225,0.1739387214,3.3539118767,-3.2648577690,-2.7218189240
8.3658390045,-0.1412964016,0.2454944402,0.1309839785,2.7053697109,-3.2945749760,-2.6675171852
8.3758983612,-0.1650383621,0.2883217335,0.0825137794,2.1865673065,-3.2811043262,-2.6726856232
8.3859443665,-0.1801282912,0.2805736065,0.0523618124,1.7875506878,-3.2930231094,-2.6640958786
8.3962554932,-0.1784942597,0.2398498952,0.0477735661,1.5145328045,-3.3075721264,-2.5769679546
8.4061098099,-0.1670080572,0.2195134014,0.0171572231,1.3045779467,-3.3250966072,-2.3794288635
8.4162788391,-0.1504304856,0.2572683692,-0.0258661844,1.0039862394,-3.3461112976,-2.1075425148
8.4264068604,-0.1410518736,0.3297906816,-0.0609634258,0.6008343101,-3.3563363552,-1.8335009813
8.4367246628,-0.1427317113,0.3865168095,-0.1055975854,0.1994191855,-3.3297686577,-1.6146540642
8.4465169907,-0.1556407958,0.4122178257,-0.1518363655,-0.1049196720,-3.3027324677,-1.4542316198
8.4565887451,-0.1716053784,0.4212095141,-0.1868704259,-0.3101996183,-3.2603900433,-1.3575357199
8.4666671753,-0.1827547103,0.4275081754,-0.2114735544,-0.3888995051,-3.1791031361,-1.3160649538
8.4770059586,-0.1878807396,0.4264973700,-0.2370965183,-0.3011003435,-3.1008067131,-1.3054302931
8.4867858887,-0.1841921359,0.4448253214,-0.2615436614,-0.1206301525,-3.0023107529,-1.2502133846
8.4968585968,-0.1665870696,0.4740244150,-0.2613245547,0.1013583764,-2.8903877735,-1.1440329552
8.5069551468,-0.1500145793,0.4992845356,-0.2701602280,0.3658350408,-2.7578282356,-1.0219269991
8.5172882080,-0.1410509199,0.5068586469,-0.2665752470,0.6162648201,-2.6120464802,-0.9688282609
8.5270462036,-0.1376635134,0.4810383916,-0.2582413852,0.8419972658,-2.4552931786,-0.9900432825
8.5371179581,-0.1311810315,0.4136691093,-0.2579774559,1.1083954573,-2.3074638844,-0.9698635340
8.5482921600,-0.1173261330,0.3711998761,-0.3072940409,1.3056707382,-2.1751313210,-0.7925271392
8.5587930679,-0.1064155027,0.3680073321,-0.3412659466,1.2803891897,-1.9816670418,-0.5429019332
8.5673465729,-0.1185927615,0.3313750029,-0.3781307042,1.1605054140,-1.7237122059,-0.3654221892
8.5772495270,-0.1381168813,0.2604058683,-0.4170505106,0.9985200167,-1.4220935106,-0.2696667910
8.5871114731,-0.1446614712,0.1956351548,-0.4314236939,0.7593737841,-1.0893558264,-0.1802487522
8.5974607468,-0.1298795789,0.1407218277,-0.4176789820,0.4791415334,-0.8076397181,-0.0494356081
8.6075763702,-0.0998555645,0.1053748280,-0.3915728629,0.2507072985,-0.5815639496,0.1036343724
8.6181774139,-0.0580918714,0.1020250097,-0.3497209251,-0.1233195886,-0.2087044716,0.1803649068
8.6278944016,-0.0661373660,0.0312947072,-0.4677555859,-0.4465591609,0.0936388746,0.1147664487
8.6377544403,-0.0701267943,-0.0107833017,-0.5401213169,-0.7075510621,0.3639504611,0.0979787484
8.6476821899,-0.0392098054,0.0213854592,-0.5757579207,-0.7841361165,0.5534875989,0.1395030171
8.6577997208,0.0017707136,0.0583745874,-0.5446802974,-0.7426179051,0.6742529273,0.2160017788
8.6677923203,0.0396920219,0.0887859911,-0.4451750219,-0.7507184148,0.7391581535,0.2542610466
8.6781282425,0.0547906831,0.0786890537,-0.3593576849,-0.8723337054,0.7325969934,0.2245579213
8.6879444122,0.0525454357,0.0503759086,-0.2875393331,-1.1185287237,0.6985098720,0.2086764276
8.6982412338,0.0407683924,0.0425854772,-0.2338400185,-1.4203860760,0.6844701767,0.2501570284
8.7082443237,0.0122925127,0.0384576470,-0.2264728844,-1.7024388313,0.7208910584,0.3553649187
8.7185716629,-0.0228750315,0.0573317707,-0.2391198575,-1.9999691248,0.8149673939,0.5359931588
8.7283887863,-0.0505808517,0.0962842852,-0.2445195019,-2.2688579559,0.9274569154,0.7357358336
8.7384681702,-0.0721871480,0.1344846636,-0.2573036849,-2.4667158127,1.0860832930,0.9184947610
8.7485370636,-0.0842223689,0.1697156578,-0.2677089870,-2.6275258064,1.2735030651,1.0736517906
8.7588920593,-0.0878429040,0.1906124055,-0.2603115737,-2.7977659702,1.4427046776,1.2139372826
8.7686729431,-0.0807748958,0.1973413825,-0.2412454784,-2.9461328983,1.5590219498,1.3510050774
8.7787208557,-0.0577292517,0.2057189047,-0.2156827152,-3.0790624619,1.6267606020,1.5029098988
8.7888526917,-0.0340463147,0.2208660543,-0.1926531494,-3.1871044636,1.6607960463,1.6601005793
8.7991361618,-0.0153961396,0.2334665060,-0.1654551923,-3.2661151886,1.6727397442,1.8077167273
8.8089914322,-0.0045970292,0.2402110100,-0.1418712437,-3.2905280590,1.6670317650,1.9415067434
8.8190002441,0.0004899290,0.2524645030,-0.1178139150,-3.2497036457,1.6469197273,2.0572233200
8.8291358948,0.0029347849,0.2768554986,-0.1026960909,-3.1245231628,1.6210681200,2.1559257507
8.8393774033,0.0008369994,0.3113057911,-0.0950435698,-2.9256989956,1.5936416388,2.2397429943
8.8492202759,-0.0057867006,0.3457387686,-0.0748579800,-2.6736967564,1.5835248232,2.3033819199
8.8592691422,-0.0188524518,0.3630170226,-0.0553157665,-2.3864989281,1.5746802092,2.3521466255
8.8693962097,-0.0314746611,0.3632159829,-0.0283223726,-2.1153337955,1.5689406395,2.4104738235
8.8796768188,-0.0447587036,0.3526157737,-0.0008670421,-1.9467207193,1.5753154755,2.5113048553
8.8895254135,-0.0658069924,0.3302145004,0.0225457810,-1.9062454700,1.5890803337,2.6153578758
8.8995628357,-0.0857528523,0.2882943153,0.0490682982,-1.9788831472,1.6006851196,2.7024497986
8.9096355438,-0.1044413969,0.2406367064,0.0643776357,-2.1495769024,1.5986036062,2.7746944427
8.9199571609,-0.1195201054,0.2004859447,0.0845766366,-2.3603413105,1.5472301245,2.8267505169
8.9297323227,-0.1208380833,0.1774114370,0.1114496887,-2.6027374268,1.4573670626,2.8766715527
8.9398765564,-0.1184666827,0.1770614386,0.1331195533,-2.8362226486,1.3304075003,2.9212641716
8.9498701096,-0.1177987233,0.1846601963,0.1519660652,-3.0119156837,1.1857841015,2.9456579685
8.9602775574,-0.1211514995,0.1918943524,0.1617316902,-3.0925023556,1.0269857645,2.9466590881
8.9699974060,-0.1245055422,0.1946340203,0.1739228666,-3.0716691017,0.8647577167,2.9370164871
8.9801149368,-0.1275673062,0.1845663786,0.1961793005,-2.9622514248,0.7022201419,2.9241671562
8.9901132584,-0.1280176491,0.1789100766,0.2097798288,-2.7867925167,0.5531324148,2.9325425625
9.0005264282,-0.1296709329,0.1719104648,0.2248812616,-2.5857667923,0.4085058868,2.9398517609
9.0102472305,-0.1315768212,0.1624965668,0.2368521392,-2.3806786537,0.2840129435,2.9376137257
9.0204076767,-0.1373449713,0.1445096731,0.2370418012,-2.1682391167,0.1700431108,2.9120194912
9.0304117203,-0.1415153295,0.1199023724,0.2361897528,-1.9730399847,0.0717490315,2.8726344109
9.0408153534,-0.1496359855,0.0843904614,0.2410457432,-1.8065990210,-0.0332731977,2.8162639141
9.0505361557,-0.1537042409,0.0462990999,0.2465610206,-1.6710350513,-0.1460692436,2.7482180595
9.0606155396,-0.1533890516,0.0042825355,0.2498244941,-1.5566624403,-0.2739136219,2.6791093349
9.0707769394,-0.1490656286,-0.0290371757,0.2555280626,-1.4645407200,-0.4178470969,2.6131823063
9.0810241699,-0.1424704343,-0.0500125885,0.2568638027,-1.3852405548,-0.5597012639,2.5578777790
9.0908746719,-0.1376055628,-0.0558598042,0.2517841756,-1.2997612953,-0.6792183518,2.5025830269
9.1008729935,-0.1353645474,-0.0552927256,0.2434812486,-1.1620830297,-0.7886462212,2.4600207806
9.1110095978,-0.1334317476,-0.0458971858,0.2349558175,-0.9924840331,-0.8870185614,2.4429399967
9.1212511063,-0.1386929899,-0.0188214164,0.2243989408,-0.7996701002,-0.9574344158,2.4513511658
9.1311464310,-0.1454631239,0.0037024631,0.2214458883,-0.6168608665,-0.9887315631,2.4512891769
9.1411409378,-0.1563091427,0.0105192680,0.2142755091,-0.4481486976,-0.9990894198,2.4268198013
9.1512336731,-0.1669978052,0.0038330569,0.2121152580,-0.2913830578,-0.9894527793,2.3928072453
9.1615562439,-0.1703115255,-0.0090128165,0.2225396931,-0.2082649916,-0.9794462919,2.3513805866
9.1713781357,-0.1719890386,-0.0178585034,0.2177590430,-0.1881120503,-0.9700663686,2.2982902527
9.1814126968,-0.1695362478,-0.0300511103,0.2065861523,-0.1839659065,-0.9620116353,2.2260906696
9.1914844513,-0.1658558995,-0.0383992195,0.1951263249,-0.2011161298,-0.9583529830,2.1592035294
9.2018690109,-0.1624286324,-0.0499703884,0.1915275753,-0.2032426149,-0.9630584717,2.0912461281
9.2116174698,-0.1602996737,-0.0569201708,0.1890088022,-0.1819847375,-0.9579755664,2.0285971165
9.2217044830,-0.1529292017,-0.0634244084,0.1910689771,-0.1413796246,-0.9665322900,1.9638133049
9.2317695618,-0.1485031396,-0.0628470182,0.1852114499,-0.0882048160,-0.9516345859,1.8990374804
9.2421636581,-0.1454586536,-0.0681520700,0.1835328043,-0.0265100263,-0.9356843829,1.8215185404
9.2518558502,-0.1369069368,-0.0764498711,0.1880404651,0.0406919159,-0.9366497993,1.7461131811
9.2619705200,-0.1269900948,-0.0813937783,0.1943422258,0.0962271318,-0.9439727068,1.6876962185
9.2720985413,-0.1172768101,-0.0811641812,0.2120124400,0.0780049860,-0.9391862154,1.6324898005
9.2824077606,-0.1089214310,-0.0971187949,0.2158945501,0.0320825800,-0.9400508404,1.5613604784
9.2922010422,-0.0931092724,-0.1206214428,0.2128137648,-0.0254699271,-0.9516074061,1.4934141636
9.3022241592,-0.0691810474,-0.1347374022,0.2158088982,-0.1063867211,-0.9738459587,1.4456410408
9.3123741150,-0.0443495736,-0.1384639144,0.1997028291,-0.1881913096,-1.0130090714,1.4074175358
9.3226079941,-0.0258087125,-0.1272933185,0.1942170560,-0.2677853703,-1.0584386587,1.3819340467
9.3324394226,-0.0214742627,-0.1128334701,0.1925285757,-0.3369117081,-1.0835514069,1.3660120964
9.3425006866,-0.0209143963,-0.1082415879,0.1697142422,-0.3475217223,-1.0924015045,1.3245990276
9.3526039124,-0.0157867875,-0.1043552160,0.1485329568,-0.3316047788,-1.0862349272,1.2725700140
9.3629112244,-0.0044486732,-0.1006840467,0.1235951483,-0.2899387479,-1.0924665928,1.2375174761
9.3727617264,0.0062687784,-0.0959510207,0.0969819725,-0.2183516473,-1.1026736498,1.2035167217
9.3827304840,0.0081923986,-0.0906324387,0.0798164308,-0.1266750246,-1.0947219133,1.1610251665
9.3929576874,-0.0040983171,-0.0805436671,0.0672798455,-0.0193728078,-1.0496129990,1.1004978418
9.4032831192,-0.0133453822,-0.0731153190,0.0431837700,0.1187640280,-0.9936715364,1.0325349569
9.4129838943,-0.0147910332,-0.0719882250,0.0338291787,0.2579331100,-0.9334012270,0.9762544036
9.4230308533,-0.0077605457,-0.0787106454,0.0210679434,0.4110153019,-0.8761246800,0.9305878878
9.4331007004,-0.0014783952,-0.0812656283,0.0197220705,0.5065652728,-0.8288993835,0.8849298954
9.4434413910,-0.0010740969,-0.0798546076,0.0152134569,0.5262181759,-0.7696312666,0.8350495696
9.4532346725,-0.0066925497,-0.0925630331,-0.0005928607,0.4720660150,-0.6940789819,0.7777639031
9.4633016586,-0.0107960915,-0.1157172918,-0.0159124471,0.3465379775,-0.6319521666,0.7098714113
9.4733905792,-0.0119797206,-0.1414786577,-0.0033243031,0.1726883948,-0.5393791199,0.6568718553
9.4837408066,-0.0155221438,-0.1571026444,-0.0027098984,0.0019832142,-0.4403149188,0.6187396646
9.4934968948,-0.0127101159,-0.1576434970,-0.0208218433,-0.1463021189,-0.3421300352,0.5784780383
9.5035181046,-0.0068784566,-0.1512787342,-0.0260664560,-0.2593875229,-0.2426246852,0.5307751894
9.5136327744,-0.0022737000,-0.1373668909,-0.0287117101,-0.3193643093,-0.1182990074,0.4756389558
9.5240392685,-0.0002885077,-0.1182571650,-0.0313117243,-0.3205815852,-0.0010203167,0.4003112018
9.5337753296,0.0050143986,-0.0956856608,-0.0268455483,-0.2909270227,0.1227919012,0.3090507984
9.5438013077,0.0143314386,-0.0788559914,-0.0285348631,-0.2066612244,0.2279259861,0.2092728615
9.5539093018,0.0305635724,-0.0731717348,-0.0142512051,-0.1297328919,0.3179261684,0.0765733868
9.5643157959,0.0456645861,-0.0874224901,-0.0071115228,-0.0750139952,0.3875438571,-0.0603778027
9.5740470886,0.0647553578,-0.1234235168,-0.0019601912,-0.0144694215,0.4108009934,-0.1548816711
9.5841083527,0.0757226720,-0.1329576671,0.0004377632,0.0131251877,0.4234776199,-0.2005396932
9.5941438675,0.0823538080,-0.1246010065,0.0044963029,-0.0080485409,0.4050948918,-0.2249648720
9.6045837402,0.0901970044,-0.1107246578,0.0236943625,-0.0730594471,0.3948321342,-0.2472515404
9.6143074036,0.0952100530,-0.1092090607,0.0446134470,-0.1498586088,0.3898062110,-0.2642233372
9.6243658066,0.1032746807,-0.1016485691,0.0535695218,-0.2191338092,0.3795686960,-0.2769529223
9.6345062256,0.1025935784,-0.0858630538,0.0534745716,-0.2489052713,0.3675189614,-0.2950019538
9.6448440552,0.0872505680,-0.0789007545,0.0406094454,-0.2138742805,0.3846083581,-0.3247322738
9.6545906067,0.0521523133,-0.0889261663,0.0170521401,-0.1085491851,0.4149484038,-0.3693394363
9.6647453308,0.0070049553,-0.1041875482,0.0139373811,0.0314994007,0.4932175577,-0.4330448508
9.6747493744,-0.0267475452,-0.1221373081,0.0232846402,0.1467809975,0.5911257267,-0.5434522629
9.6851091385,-0.0460737571,-0.1579127908,0.0351918600,0.2503464818,0.6844313741,-0.6931458712
9.6948766708,-0.0673352703,-0.2060457468,0.0311292075,0.3380095065,0.7657528520,-0.8693861365
9.7049179077,-0.0971788391,-0.2514131367,0.0217675827,0.4000270069,0.8499420881,-1.0594203472
9.7149944305,-0.1292597800,-0.2869090736,0.0179485939,0.4428477287,0.9317738414,-1.2600703239
9.7253284454,-0.1580668837,-0.3110173345,0.0214947127,0.4644028246,1.0048415661,-1.4745230675
9.7351350784,-0.1785903126,-0.3172097206,0.0362471007,0.4634744525,1.0839337111,-1.7112644911
9.7452449799,-0.1804663092,-0.3128927350,0.0419720076,0.4497041106,1.1660488844,-1.9554340839
9.7552890778,-0.1693405062,-0.2934779823,0.0488509797,0.4499062300,1.2387773991,-2.1932408810
9.7656021118,-0.1564247757,-0.2686395943,0.0515635274,0.5344730616,1.3070695400,-2.4108977318
9.7754011154,-0.1495218426,-0.2386017144,0.0485404395,0.7172197104,1.3774456978,-2.6030945778
9.7854356766,-0.1532137543,-0.1970158815,0.0462894700,1.0011594296,1.4679094553,-2.7793800831
9.7955951691,-0.1499048620,-0.1504248381,0.0456561111,1.3821533918,1.5657049417,-2.9376361370
9.8059396744,-0.1440176517,-0.1071578264,0.0494988821,1.8489357233,1.6240655184,-3.0746965408
9.8156566620,-0.1403541714,-0.0695423484,0.0546103381,2.3673622608,1.6416131258,-3.1937408447
9.8257217407,-0.1414132267,-0.0551182926,0.0771894753,2.8391060829,1.6310881376,-3.3244671822
9.8358011246,-0.1428905874,-0.0707209110,0.1078238189,3.2056126595,1.5781714916,-3.4689915180
9.8461341858,-0.1382733732,-0.1172555089,0.1358235180,3.4315805435,1.4910790920,-3.6219928265
9.8559474945,-0.1392071396,-0.1614847779,0.1672457755,3.4910562038,1.4046188593,-3.7802591324
9.8660106659,-0.1454814821,-0.1742504835,0.2043043077,3.4350979328,1.3351116180,-3.9501662254
9.8760929108,-0.1535771638,-0.1594285369,0.2338444889,3.3940966129,1.2636001110,-4.1222033501
9.8864164352,-0.1435219198,-0.1274122596,0.2409316003,3.4611425400,1.1665120125,-4.2932181358
9.8962116241,-0.1102307066,-0.0829620957,0.2420445383,3.6707105637,1.0124191046,-4.4473090172
9.9064483643,-0.0720621571,-0.0276779812,0.2391169965,4.0142421722,0.8057539463,-4.5441231728
9.9165115356,-0.0440623984,0.0438579917,0.2365205586,4.4308004379,0.5577534437,-4.5687742233
9.9268121719,-0.0352614745,0.1142663956,0.2374270856,4.8986797333,0.3042844534,-4.5244240761
9.9365758896,-0.0391191468,0.1796381772,0.2368020713,5.3722662926,0.0161189884,-4.4386825562
9.9465675354,-0.0389709696,0.2307462990,0.2665321529,5.8035850525,-0.3113858998,-4.3083543777
9.9565477371,-0.0291589405,0.2815136611,0.2936558425,6.1871356964,-0.6612102389,-4.1196260452
9.9670028687,-0.0261873212,0.3146146536,0.3222695291,6.5031080246,-1.0790714025,-3.8597741127
9.9767761230,-0.0253500249,0.3303691149,0.3729713261,6.5730915070,-1.6548063755,-3.5606520176
9.9868211746,-0.0065080435,0.3165334463,0.4572422802,6.2644438744,-2.3565416336,-3.2009744644
9.9969034195,0.0230391417,0.2767563164,0.4703249037,5.6802268028,-2.9266600609,-2.7912564278
10.0072422028,0.0066396384,0.2411515415,0.3998242915,4.8891673088,-3.3116142750,-2.5109338760
10.0169467926,-0.0579100773,0.2012685239,0.3564393818,3.9144046307,-3.6894547939,-2.3579759598
10.0273494720,-0.1117401049,0.1840512604,0.3355159461,2.8575961590,-3.9723906517,-2.1858358383
10.0371646881,-0.1523495615,0.1966908425,0.2562396228,1.8690651655,-4.0379390717,-1.9637013674
10.0474491119,-0.1928840727,0.2211115509,0.1529180706,0.9895610809,-4.0168695450,-1.7850862741
10.0572729111,-0.2203754932,0.2316051275,0.0894799531,0.3740486503,-3.9312846661,-1.6670275927
10.0673789978,-0.2330619544,0.2586171627,0.0245127939,0.0283469632,-3.8263931274,-1.5532748699
10.0773067474,-0.2285598665,0.3260350227,-0.0044853422,-0.0988376215,-3.6939814091,-1.4172661304
10.0878200531,-0.2176476717,0.4044051766,-0.0214168765,-0.0614446513,-3.5870194435,-1.3365252018
10.0975399017,-0.2083597779,0.4436976314,-0.0228996612,0.1411542594,-3.5704774857,-1.3493099213
10.1076421738,-0.1989814788,0.4520527422,-0.0204106309,0.4580834210,-3.5689911842,-1.3833677769
10.1177291870,-0.1887265742,0.4565604925,-0.0353231765,0.7946273088,-3.6064562798,-1.3962136507
10.1280298233,-0.1781750917,0.4675822854,-0.0425373055,1.0898826122,-3.6760118008,-1.3931373358
10.1378431320,-0.1732144803,0.4741332829,-0.0734042227,1.3847552538,-3.7061364651,-1.3634968996
10.1478891373,-0.1693440229,0.4769330621,-0.1270474494,1.6715331078,-3.6724789143,-1.3051539660
10.1580162048,-0.1768840998,0.4641083777,-0.1945258081,1.8987199068,-3.5466668606,-1.1915363073
10.1682567596,-0.1993506700,0.4460743666,-0.2796885669,2.0301132202,-3.3375744820,-1.0332571268
10.1780824661,-0.2357919365,0.4060187340,-0.3694368303,2.0279140472,-3.0021858215,-0.8547068834
10.1882181168,-0.2781019509,0.3488110602,-0.4360111058,1.8292347193,-2.5484914780,-0.6579974294
10.1982040405,-0.3032030463,0.2779426277,-0.4841701090,1.4937633276,-2.0770103931,-0.4792945087
10.2086372375,-0.2986404300,0.1968126893,-0.5223515630,0.9997635484,-1.6547322273,-0.3111939728
10.2183446884,-0.2674908042,0.0918948054,-0.4375343025,0.6113156676,-1.3376394510,-0.3056279719
10.2285394669,-0.2353018969,-0.0119880829,-0.3546011150,0.1023046747,-0.5945827365,-0.2297394723
10.2384834290,-0.3078557551,-0.0395271964,-0.6907649040,-0.4671465158,0.1085959226,-0.1676593125
10.2488269806,-0.3517241776,-0.0447591171,-0.9994089007,-0.5025524497,0.4505220354,-0.0814756304
10.2586231232,-0.2578603625,0.0936804116,-1.0715539455,-0.1526903063,0.9082784057,0.1660633236
10.2687129974,-0.1526439041,0.1530195475,-0.9461312890,0.0673328489,1.2237459421,0.4093181193
10.2787628174,-0.0769832954,0.0850561857,-0.7088549733,-0.1502402276,1.3127123117,0.3499570489
10.2891759872,-0.0262851026,-0.0579857156,-0.4957742393,-0.7396411896,1.3258423805,0.0613044240
10.2988977432,0.0414162949,-0.1746722609,-0.3209774196,-1.5071067810,1.2212505341,-0.1424183398
