0.0000000000,0.0868190154,-0.0936988890,0.0872923061,-0.0617092773,-0.0273870304,-0.0662228689
0.0096809864,0.1041249037,-0.1010510549,0.0590625927,-0.2416785061,-0.0832148716,-0.0572360344
0.0196800232,0.1147610247,-0.0698098689,0.0364165232,-0.3321745992,-0.1158969179,-0.0473993830
0.0307520628,0.1098395064,-0.0361742638,0.0145617668,-0.3302528560,-0.0944057405,-0.0347871818
0.0396610498,0.1026305854,-0.0197474826,-0.0003331957,-0.2656131387,-0.0351525396,-0.0384021588
0.0502420664,0.0958070979,-0.0200214460,-0.0082228240,-0.1721915752,0.0369703881,-0.0633700937
0.0596890450,0.0873999596,-0.0301268697,-0.0140557345,-0.0958800316,0.1132292077,-0.0883494765
0.0707830191,0.0831077546,-0.0366795845,0.0036524476,-0.0790637657,0.1464646608,-0.0917639136
0.0797690153,0.0913817436,-0.0439185500,0.0263715927,-0.0523016565,0.1318260580,-0.0789431930
0.0896329880,0.0998197272,-0.0411695503,0.0284991805,-0.0128091099,0.1269056052,-0.0651277751
0.0995650291,0.0936596096,-0.0332292281,0.0304856244,0.0374543257,0.1176330075,-0.0693494231
0.1097110510,0.0826712474,-0.0217904337,0.0324130580,0.1057865173,0.1191576645,-0.0779061541
0.1195410490,0.0696982667,-0.0095624328,0.0333577916,0.2007661611,0.1178484559,-0.0673415363
0.1298500299,0.0646022558,-0.0041266577,0.0285547320,0.3104763925,0.1287157536,-0.0207434036
0.1396260262,0.0634974614,-0.0124242203,0.0111504141,0.3828346133,0.1340460777,0.0365381315
0.1496250629,0.0566704422,-0.0419425443,-0.0042510685,0.3753165305,0.1309722513,0.0588735305
0.1596150398,0.0005932210,-0.0419973210,-0.0054638442,0.2867421806,0.1208261400,0.0781268477
0.1696630716,-0.0126567446,-0.0572991632,-0.0128424224,0.1493129581,0.0793306231,0.0997397304
0.1795350313,-0.0113743581,-0.0674126297,-0.0272788461,0.0151712578,0.0365911536,0.0979861766
0.1896070242,-0.0114188064,-0.0628300607,-0.0408885553,-0.0827241391,0.0057533458,0.0801938623
0.1996220350,-0.0144769214,-0.0526924469,-0.0575348213,-0.1198848262,-0.0107396096,0.0601418577
0.2095550299,-0.0173958130,-0.0454035215,-0.0702752545,-0.1060060337,-0.0043648016,0.0430925675
0.2195680141,-0.0220840406,-0.0380186699,-0.0772145465,-0.0698245913,0.0181631446,0.0195470285
0.2295620441,-0.0277540106,-0.0369035155,-0.0626502112,-0.0464164726,0.0331801772,0.0045598233
0.2395880222,-0.0275605191,-0.0355581827,-0.0461185053,-0.0656532869,0.0341407806,0.0098813521
0.2495690584,-0.0210750140,-0.0312599801,-0.0285759028,-0.1123542115,-0.0317500867,0.0963949412
0.2594500780,-0.0123242261,-0.0199796222,-0.0090814885,-0.1393496096,-0.2305428088,0.3728635609
0.2695760727,0.1454806477,0.0165349003,0.0408500358,-0.1678110808,-0.3258192539,0.5063001513
0.2795569897,0.1082663685,0.0275600497,0.0512118861,-0.1610646248,-0.1262209266,0.2170905918
0.2895929813,0.0043000137,0.0374746695,0.0268038455,-0.1035525948,-0.0637434348,0.0965950787
0.2993980646,-0.0045100148,0.0534943603,0.0363848731,-0.0044463854,-0.0280434992,0.0569862798
0.3095309734,0.0122613870,0.0688260868,0.0295394603,0.1095923036,-0.0037024736,0.0503744520
0.3195500374,0.0219637863,0.0685286596,0.0129134003,0.1934947819,0.0482483432,0.0499791056
0.3295600414,0.0135016330,0.0529191867,0.0030548514,0.2157199234,0.0740168244,0.0434221327
0.3395270109,0.0103352237,0.0289599113,0.0001506748,0.1741487980,0.0693629459,0.0371083133
0.3495249748,0.0032431663,0.0084523307,0.0003992261,0.1103437170,0.0431457236,0.0288237520
0.3596739769,-0.0041176700,0.0139073143,-0.0005089102,0.0518220812,0.0212920923,0.0258181076
0.3697130680,0.0018244286,0.0294315964,0.0004970970,0.0199443102,0.0039357385,0.0248905290
0.3798600435,0.0073895431,0.0394008495,0.0074073616,0.0264803730,-0.0099537112,0.0196642075
0.3896840811,0.0161851589,0.0422947519,0.0124300066,0.0414497331,-0.0088599510,0.0090227490
0.3996770382,0.0226250216,0.0428217463,0.0115701500,0.0562968552,0.0061474936,0.0004148793
0.4096810818,0.0234324038,0.0406841002,0.0096485559,0.0635904521,0.0328147933,-0.0125118382
0.4198709726,0.0211396161,0.0406099148,0.0125664417,0.0410641059,0.0517565235,-0.0264279209
0.4296849966,0.0177527592,0.0360959731,0.0106051508,0.0047473800,0.0599079281,-0.0402665026
0.4396539927,0.0075596482,0.0288442317,0.0037335099,-0.0475583002,0.0668340102,-0.0572703891
0.4496229887,-0.0057316683,0.0156113124,0.0037261785,-0.0943897218,0.0608917028,-0.0848213211
0.4598079920,-0.0142256143,0.0044992482,0.0027887763,-0.1379334778,0.0463833287,-0.1176330671
0.4696630239,-0.0249161012,0.0037533240,0.0056831781,-0.1495003849,0.0353788808,-0.1441134065
0.4796880484,-0.0329112262,0.0187463313,0.0114520732,-0.1248839870,0.0301676076,-0.1504695714
0.4896420240,-0.0369312577,0.0314459391,0.0133289043,-0.0545658767,0.0320981331,-0.1133475006
0.4998860359,-0.0356990919,0.0245004632,0.0026465596,0.0295789577,0.0279896762,-0.0453882925
0.5096189976,-0.0312492494,-0.0021012044,-0.0147773679,0.0667132810,0.0382774696,-0.0008605085
0.5197050571,-0.0334365368,-0.0312718861,-0.0107364710,0.0518210158,0.0296629388,0.0055818111
0.5296289921,-0.0312804505,-0.0437722616,-0.0096855816,0.0082564931,0.0047527961,0.0068361601
0.5396820307,-0.0268262010,-0.0399360172,-0.0223638471,-0.0343088098,-0.0105609121,0.0037751228
0.5496330261,-0.0221683774,-0.0207873825,-0.0273161586,-0.0491458140,-0.0182752907,-0.0099755768
0.5596140623,-0.0221991166,-0.0069848401,-0.0224977192,-0.0330173075,-0.0226423424,-0.0354565680
0.5695949793,-0.0211452339,0.0009067301,-0.0176498946,0.0033311108,-0.0214649588,-0.0556750223
0.5797640085,-0.0153507339,0.0055330591,-0.0058978852,0.0343783759,-0.0225134455,-0.0811863765
0.5895960331,-0.0096846037,0.0021700803,0.0048980657,0.0312909745,-0.0270213783,-0.1055899858
0.5996650457,0.0038133438,0.0042286590,0.0186622683,-0.0026796442,-0.0413651653,-0.1267185658
0.6095700264,0.0124796387,0.0100333253,0.0265057627,-0.0389106199,-0.0407582298,-0.1479450315
0.6196080446,0.0120051112,0.0211163573,0.0264367405,-0.0637975931,0.0069890530,-0.1673640013
0.6295620203,0.0060455450,0.0218523089,0.0420197770,-0.0822285339,0.0452413671,-0.1771607101
0.6396340132,0.0038614895,0.0027528284,0.0743637010,-0.0833810121,0.0548678935,-0.1750966161
0.6495620012,0.0095009627,-0.0135505162,0.0803561732,-0.0589292049,0.0657722056,-0.1719972342
0.6595630646,0.0108728483,-0.0081898756,0.0793729350,-0.0174143836,0.0810331851,-0.1742474735
0.6695810556,0.0070060981,0.0191683862,0.0782456920,0.0411930047,0.0869757608,-0.1573286653
0.6795550585,0.0097233504,0.0432571210,0.0615470931,0.1069869325,0.1114992127,-0.0991029218
0.6895940304,0.0114220018,0.0375513919,0.0469312593,0.1460922509,0.1305978149,-0.0259490833
0.6995480061,0.0064282711,-0.0022848295,0.0470826551,0.1352566481,0.1288470477,0.0293149687
0.7095990181,0.0026442742,-0.0493248962,0.0443526432,0.0744026229,0.1179517880,0.0602374673
0.7195320129,0.0008160430,-0.0784058794,0.0405778810,-0.0269113481,0.1033403575,0.0678382590
0.7295290232,0.0067268056,-0.0859061554,0.0387242362,-0.1387673020,0.0830734298,0.0489247590
0.7395169735,0.0155984834,-0.0769807622,0.0456148311,-0.2517096996,0.0680771694,0.0225417521
0.7495139837,0.0185217094,-0.0575956665,0.0621740147,-0.3541580439,0.0745483860,-0.0029260560
0.7595410347,0.0193253513,-0.0481189862,0.0856104419,-0.4524979293,0.1002976894,-0.0274588298
0.7695440054,0.0208833721,-0.0552452318,0.1178916022,-0.5871551037,0.1341994703,-0.0658307225
0.7795310020,0.0183853414,-0.0734032094,0.1511408687,-0.7323206663,0.1508543491,-0.1115195081
0.7895439863,0.0207787585,-0.0910696387,0.1618793607,-0.8560857773,0.1570789516,-0.1465323567
0.7995020151,0.0162890460,-0.0932909399,0.1547979712,-0.9338990450,0.1582888216,-0.1847324669
0.8095780611,0.0057574180,-0.0715631023,0.1454834342,-0.9337880015,0.1695015281,-0.2485487312
0.8194930553,-0.0080114249,-0.0357832313,0.1233073995,-0.8304200768,0.2230324000,-0.3318345547
0.8294900656,-0.0243069958,0.0071628438,0.0932467505,-0.6685286760,0.3025943339,-0.4238291979
0.8405029774,-0.0357767045,0.0489524715,0.0935426876,-0.5197969675,0.4112105668,-0.4809436202
0.8496220112,-0.0314750634,0.0580355041,0.1185918376,-0.4200762212,0.4805209339,-0.4655268490
0.8595139980,-0.0107296836,0.0388812758,0.1458765268,-0.3327938914,0.4755623639,-0.3741890788
0.8694700003,0.0043822550,0.0361327268,0.1496056318,-0.2261601388,0.4369263053,-0.2390893251
0.8794829845,0.0051707164,0.0501185618,0.1200093552,-0.0621432364,0.4224120677,-0.0850635394
0.8894640207,-0.0078965556,0.0755489096,0.0561379120,0.1611100882,0.4766942263,0.0610385500
0.8995250463,-0.0360553563,0.0721717328,-0.0085510667,0.4270722568,0.5385916829,0.1836872399
0.9094530344,-0.0536972992,0.0314665250,-0.0718925074,0.6625161767,0.5708748102,0.2459945530
0.9194520712,-0.0560092144,-0.0111249527,-0.1252819896,0.7842029333,0.5833114982,0.2160853893
0.9294639826,-0.0487958267,-0.0344085693,-0.1367241144,0.7698171139,0.5524566770,0.1206803024
0.9394850731,-0.0296479259,-0.0357150100,-0.1404538751,0.6806967258,0.5064268708,0.0679200217
0.9494390488,-0.0022444443,-0.0253885239,-0.1520876288,0.5572762489,0.4563258290,0.0704558864
0.9594269991,0.0120913144,-0.0260541216,-0.1511173844,0.4425225854,0.3902703822,0.0741508901
0.9695730209,0.0181250703,-0.0279462337,-0.1531802416,0.3317255080,0.3689882755,0.0605551787
0.9794430733,0.0193340313,-0.0251423307,-0.1465541720,0.2070084661,0.3560785949,0.0384145901
0.9894289970,0.0197959375,-0.0255363062,-0.1203949526,0.0697619319,0.3067850769,0.0228942223
0.9994080067,0.0305477288,-0.0223156791,-0.1019865945,-0.0503904410,0.2492168844,0.0244147535
1.0094289780,0.0349649489,-0.0133747784,-0.0855993107,-0.1374813914,0.1992969811,0.0152377672
1.0194120407,0.0329195336,0.0017369268,-0.0702416375,-0.1702967435,0.1753168106,-0.0100837005
1.0293910503,0.0162705611,0.0214615688,-0.0628714636,-0.1564887762,0.1944257915,-0.0378394350
1.0393869877,-0.0024801434,0.0365924425,-0.0496413782,-0.1148318797,0.1988570243,-0.0570189841
1.0493900776,-0.0123080555,0.0435079597,-0.0235755499,-0.0644358248,0.1714581698,-0.0568765067
1.0594480038,-0.0091386605,0.0510806628,-0.0012663660,-0.0065650623,0.1378362924,-0.0407609195
1.0694450140,0.0011144711,0.0572706796,0.0133241359,0.0436142161,0.1277362555,-0.0173578579
1.0793700218,0.0096771996,0.0472820140,0.0387582108,0.0608905405,0.1032980084,-0.0161497165
1.0892380476,0.0144845527,0.0274361707,0.0710544512,0.0289011858,0.1061025858,-0.0342062153
1.0992159843,0.0131659489,0.0050440701,0.1189208552,-0.0640143752,0.1212069690,-0.0586742721
1.1092829704,0.0169581007,-0.0194816329,0.1492114663,-0.1427672356,0.1011597589,-0.0818618834
1.1196169853,0.0281615835,-0.0391025580,0.1150580570,-0.1736802757,0.1039504856,-0.1020418480
1.1293990612,0.0263584908,-0.0241479240,0.0581030771,-0.1846620888,0.1569601744,-0.1427488029
1.1393439770,0.0119873565,0.0119626494,0.0018329562,-0.1724139452,0.2453214675,-0.1953883022
1.1493439674,-0.0063888147,0.0326741524,-0.0339853242,-0.1251502931,0.3470499814,-0.2162664235
1.1593390703,-0.0131475050,0.0376315154,-0.0286998209,-0.0819724649,0.4064341784,-0.1858739108
1.1693260670,-0.0096506048,0.0279807448,-0.0096074995,-0.0311244689,0.4287573397,-0.1212483048
1.1793540716,-0.0062537356,0.0104327025,0.0036585273,0.0198343210,0.4392877519,-0.0607956164
1.1893290281,-0.0087750126,-0.0004411442,0.0031608881,0.0837467238,0.4380349815,-0.0151493000
1.1993210316,-0.0229391176,-0.0115694581,-0.0042706784,0.1435065866,0.4270334840,0.0199425090
1.2093169689,-0.0365175009,-0.0243154652,-0.0292059239,0.2068618685,0.3731966317,0.0414952040
1.2193219662,-0.0395574719,-0.0281875506,-0.0647718385,0.2403379381,0.3274730742,0.0385797098
1.2293499708,-0.0428755134,-0.0263751596,-0.1012535170,0.2482177019,0.2898628414,0.0080087502
1.2393260002,-0.0477172434,-0.0208703522,-0.1347823739,0.2251893431,0.2477073818,-0.0267633442
1.2492780685,-0.0445449501,-0.0174180176,-0.1525784731,0.1733016372,0.1981142610,-0.0295926873
1.2593209743,-0.0322254151,-0.0250279997,-0.1623875499,0.1021054834,0.1538509429,-0.0165067129
1.2693049908,-0.0206007827,-0.0274148975,-0.1741483212,0.0233909711,0.1180173010,-0.0109074172
1.2793650627,-0.0147771556,-0.0264966693,-0.1762167215,-0.0371854231,0.0854819939,-0.0106526855
1.2892810106,-0.0057795658,-0.0190569088,-0.1694476604,-0.0486812256,0.0460565612,0.0140460022
1.2992720604,0.0046248720,-0.0076472433,-0.1978217363,-0.0060341628,0.0391922630,0.0469919704
1.3092850447,-0.0035197602,-0.0006554099,-0.2351229191,0.0728108510,0.0558612533,0.0500159897
1.3192790747,-0.0204885025,-0.0016430123,-0.2558233142,0.1562644690,0.0434445329,0.0234831814
1.3294390440,-0.0245321561,-0.0036962228,-0.2656147480,0.2270954996,-0.0009333187,0.0194719285
1.3392779827,-0.0144591201,0.0047991695,-0.2664223313,0.2841573358,-0.0728876665,0.0528324135
1.3492749929,0.0041062520,0.0112044951,-0.2514079213,0.3508615196,-0.1511356086,0.0915393308
1.3592410088,0.0204656702,0.0114359064,-0.2343213558,0.4111183286,-0.2209548950,0.1216965616
1.3695820570,0.0346842855,0.0121807577,-0.2191150784,0.4555148184,-0.3017490804,0.1328133941
1.3792330027,0.0459216237,0.0082644308,-0.2223894000,0.4805977941,-0.3688346446,0.1396052539
1.3892459869,0.0539141297,0.0053415429,-0.2422633171,0.4757074416,-0.4244225323,0.1431563199
1.3993120193,0.0594531596,0.0002402970,-0.2474660873,0.4206291437,-0.4730252326,0.1339480281
1.4092450142,0.0644602925,-0.0035854131,-0.2370013595,0.3379758000,-0.5379919410,0.1110544428
1.4193019867,0.0719551295,0.0025198869,-0.2255387902,0.2637265921,-0.5878980160,0.0923087150
1.4292340279,0.0787752420,0.0167337395,-0.2072775364,0.2010943890,-0.6269317269,0.0841064453
1.4392910004,0.0800059289,0.0264985189,-0.1773114800,0.1585864723,-0.6444858909,0.0693753064
1.4492219687,0.0705909356,0.0397006385,-0.1523618698,0.1276525259,-0.6426874399,0.0576989390
1.4591990709,0.0651946962,0.0319590829,-0.1380774379,0.0677367300,-0.6291844249,0.0661526173
1.4691940546,0.0578598455,0.0186078902,-0.1101231650,-0.0292465389,-0.6501962543,0.0716685504
1.4792730808,0.0526684448,0.0033309767,-0.0713929608,-0.1348078400,-0.6690812707,0.0835505128
1.4892079830,0.0456565320,-0.0043113874,-0.0405443981,-0.2468249351,-0.6878810525,0.1113728285
1.4992810488,0.0417923704,-0.0089899199,-0.0009155927,-0.3394455314,-0.7279262543,0.1371952295
1.5091919899,0.0334630832,-0.0086578215,0.0298438612,-0.4000212550,-0.7636014223,0.1449056119
1.5191750526,0.0234795194,-0.0010098293,0.0448535606,-0.4136594534,-0.7883844972,0.1333873123
1.5291720629,0.0166964736,0.0106864916,0.0588269159,-0.3663561046,-0.8192316294,0.1080569178
1.5391740799,0.0120707061,0.0200946499,0.0688650534,-0.2894305885,-0.8167365193,0.0803655013
1.5492860079,0.0083501693,0.0253745597,0.0710226223,-0.2073205411,-0.7907954454,0.0397690758
1.5611879826,0.0004290252,0.0265074484,0.0789613053,-0.1390816867,-0.7586987615,-0.0178536065
1.5697190762,-0.0019519159,0.0273387227,0.0839473531,-0.0698853135,-0.7242164016,-0.0478724949
1.5792909861,-0.0024811102,0.0289995763,0.0859632418,-0.0200377274,-0.6822085381,-0.0556178987
1.5889970064,-0.0026079423,0.0311655179,0.0947706029,0.0254125781,-0.6315328479,-0.0453543402
1.5990300179,-0.0002162762,0.0239070207,0.0928767249,0.0611431450,-0.5722702742,-0.0223922972
1.6089999676,0.0047150683,0.0118410243,0.0929689929,0.0629532933,-0.5368952751,-0.0119990464
1.6189919710,0.0114004510,0.0035063997,0.1076707765,0.0306864362,-0.5103571415,-0.0036471069
1.6294059753,0.0189291108,0.0005829440,0.1184288785,-0.0197999086,-0.4806306958,0.0185055993
1.6393120289,0.0245679319,-0.0017612639,0.1291487813,-0.0723733678,-0.4615019858,0.0534784980
1.6490030289,0.0261262693,-0.0036447539,0.1388260126,-0.1045888290,-0.4497401416,0.0831716731
1.6589720249,0.0247647110,-0.0085646939,0.1367498040,-0.0812386349,-0.4387564659,0.0958298147
1.6691240072,0.0202553775,-0.0053626765,0.1228654906,-0.0228134058,-0.4020109475,0.0902387723
1.6791349649,0.0142699070,0.0092436504,0.1001304314,0.0632471740,-0.3438281119,0.0674945787
1.6891700029,0.0116390791,0.0110960072,0.0853241012,0.1364851743,-0.2857101858,0.0479435176
1.6991630793,0.0104750600,-0.0001419087,0.0862419531,0.1554616541,-0.2472980917,0.0221804939
1.7091170549,0.0138652977,-0.0083991094,0.0920748636,0.1319022626,-0.2295015156,-0.0002286735
1.7191870213,0.0142044071,-0.0150505928,0.0968977138,0.0987995788,-0.2255387306,-0.0066046808
1.7291070223,0.0144980419,-0.0171692744,0.0968034789,0.0699167922,-0.2193221152,-0.0034376495
1.7391680479,0.0099159833,-0.0254097600,0.0888801739,0.0570449382,-0.2108900100,-0.0056078592
1.7490869761,0.0023428819,-0.0356928669,0.0887510106,0.0475006998,-0.2111272961,-0.0247226972
1.7590860128,0.0006535558,-0.0362542383,0.0808020160,0.0465795137,-0.2177923918,-0.0533633977
1.7691490650,0.0008123948,-0.0270641074,0.0796528980,0.0338440128,-0.2222659588,-0.0650117993
1.7790930271,0.0050006793,-0.0247250218,0.0805091783,0.0317762010,-0.2318682671,-0.0606968105
1.7890850306,0.0122421589,-0.0242924914,0.0784699842,0.0413835533,-0.2380705029,-0.0447274297
1.7991070747,0.0185502786,-0.0247264113,0.0773832127,0.0595096946,-0.2410167605,-0.0309108179
1.8090890646,0.0200127382,-0.0230833646,0.0655026361,0.0818219259,-0.2332536429,-0.0182280466
1.8191400766,0.0194040593,-0.0233055018,0.0516560599,0.0837881342,-0.2160645425,-0.0098420195
1.8290380239,0.0166204479,-0.0274213590,0.0505260751,0.0729525313,-0.1969009638,-0.0088963304
1.8391190767,0.0087577458,-0.0307382308,0.0503366515,0.0578019395,-0.1755602509,0.0005372516
1.8490560055,0.0016432463,-0.0361753926,0.0521289036,0.0383781791,-0.1521515995,0.0057109753
1.8591040373,-0.0008173005,-0.0368790701,0.0539646074,0.0190541483,-0.1384155452,0.0045728730
1.8690279722,0.0024948476,-0.0377606191,0.0499771163,0.0008660890,-0.1321706921,0.0013579049
1.8791229725,0.0047568888,-0.0378163718,0.0469561145,-0.0120120253,-0.1237218231,0.0013130303
1.8890349865,0.0010287522,-0.0331549682,0.0448574945,-0.0227807835,-0.1130990088,0.0033764476
1.8991090059,-0.0049765720,-0.0284458287,0.0505753085,-0.0282518491,-0.1002412587,0.0117950998
1.9090240002,-0.0080438424,-0.0286335796,0.0456021354,-0.0209007263,-0.0904562771,0.0244752076
1.9190989733,-0.0111373086,-0.0306382682,0.0396549627,-0.0103516774,-0.0806358680,0.0382144563
1.9290120602,-0.0171673466,-0.0374388956,0.0317569897,-0.0040996419,-0.0665932894,0.0498053320
1.9390090704,-0.0135470647,-0.0402955152,0.0307744090,-0.0264965594,-0.0720421150,0.0583575405
1.9489990473,-0.0088820029,-0.0424543284,0.0239149872,-0.0574398264,-0.0785852373,0.0711702704
1.9589960575,-0.0031747089,-0.0439923145,0.0229239408,-0.1010679975,-0.0970547944,0.0755695552
1.9690220356,-0.0013038458,-0.0390689969,0.0306498352,-0.1298399866,-0.1047225669,0.0798889324
1.9789659977,0.0016834943,-0.0314290188,0.0246811453,-0.1287760586,-0.1057500169,0.0841459930
1.9890769720,0.0027052893,-0.0245745536,0.0186947528,-0.0925480127,-0.0969376117,0.0819387659
1.9989960194,0.0016562326,-0.0142964823,0.0078017060,-0.0286515877,-0.0772355422,0.0775139257
2.0090279579,0.0013832285,-0.0003566160,0.0027755441,0.0320458449,-0.0596562885,0.0784199312
2.0191111565,-0.0000367404,0.0044788625,0.0105009619,0.0810219124,-0.0464017354,0.0846762285
2.0289311409,0.0013663603,0.0057649431,0.0163283888,0.1001442075,-0.0397411697,0.0963059887
2.0389990807,-0.0011536421,-0.0046170326,0.0280349795,0.0883559883,-0.0407553017,0.1133187935
2.0489909649,-0.0027563812,-0.0152672855,0.0427052304,0.0604660362,-0.0332896598,0.1366624683
2.0590469837,-0.0043720617,-0.0283603780,0.0505355522,0.0198586881,-0.0303444695,0.1430468708
2.0689520836,-0.0090648327,-0.0283100307,0.0573213622,-0.0196913853,-0.0221363418,0.1387716979
2.0790009499,-0.0099752564,-0.0198707506,0.0592197105,-0.0379235148,-0.0115944846,0.1376516968
2.0889430046,-0.0129240695,-0.0174773615,0.0601544902,-0.0369791612,0.0033759421,0.1375539601
2.0990080833,-0.0159569252,-0.0170310289,0.0572090670,-0.0285542496,0.0194270797,0.1321323067
2.1089360714,-0.0191581864,-0.0165463835,0.0493972227,-0.0244239531,0.0396934710,0.1234988645
2.1189370155,-0.0245080758,-0.0110501554,0.0435028002,-0.0202543773,0.0535829179,0.1191567108
2.1289639473,-0.0250578690,-0.0033879271,0.0395963714,-0.0096435426,0.0601049997,0.1222941801
2.1391940117,-0.0246904660,0.0045263320,0.0376597568,0.0084057637,0.0667706281,0.1349849403
2.1489100456,-0.0193946529,0.0087503111,0.0279709045,0.0361351296,0.0701824054,0.1338810623
2.1589798927,-0.0131868888,0.0112959631,0.0290388409,0.0649290979,0.0736122876,0.1349051893
2.1689128876,-0.0060008629,0.0121522369,0.0271901432,0.0936768577,0.0813434422,0.1380221546
2.1789789200,-0.0017986239,0.0112180710,0.0253315512,0.1063949168,0.0931822583,0.1358107924
2.1889090538,0.0022704212,0.0094345752,0.0254482571,0.1126991510,0.1049968377,0.1367921680
2.1989359856,0.0043119327,0.0075742155,0.0284829680,0.1083693728,0.1145317629,0.1303571612
2.2088918686,0.0033334775,0.0046336325,0.0451614782,0.0902636126,0.1132411957,0.1208166629
2.2189359665,0.0032957254,0.0072842240,0.0520790145,0.0720695630,0.1195022762,0.1197272912
2.2288739681,0.0013458787,0.0095976703,0.0413798615,0.0517733432,0.1204322577,0.1218602210
2.2389531136,-0.0016127543,0.0097476840,0.0316781327,0.0293469988,0.1244706735,0.1144128218
2.2488489151,-0.0066619380,0.0146508636,0.0268199984,0.0304279774,0.1265348941,0.1048371568
2.2589678764,-0.0088633988,0.0177443549,0.0249239150,0.0475012362,0.1287730187,0.1016256511
2.2688579559,-0.0101482961,0.0221012346,0.0230417792,0.0784010887,0.1364754140,0.0994293466
2.2788710594,-0.0114732999,0.0238098893,0.0113940183,0.1082127839,0.1484050453,0.0918915346
2.2888588905,-0.0128505025,0.0219771639,-0.0002249537,0.1391155720,0.1602827311,0.0779818445
2.2988400459,-0.0202119816,0.0213115811,-0.0050702151,0.1572250724,0.1688855439,0.0683547854
2.3088169098,-0.0188294742,0.0168714263,-0.0147071537,0.1582413316,0.1763477325,0.0651185066
2.3193120956,-0.0155137423,0.0055561261,-0.0106144007,0.1369693279,0.1697089970,0.0577386245
2.3295249939,-0.0091174114,-0.0031789960,-0.0045757946,0.0965310931,0.1565252841,0.0525403991
2.3399591446,-0.0025496685,-0.0056424038,-0.0141930636,0.0485850051,0.1454688907,0.0526443943
2.3494510651,0.0041595236,-0.0066955565,-0.0150218066,-0.0110098775,0.1236229911,0.0517652854
2.3594889641,0.0100110006,0.0014441656,-0.0178797897,-0.0546550900,0.1072898284,0.0561512448
2.3692378998,0.0130943265,0.0043977918,-0.0129141863,-0.0822944418,0.0900479853,0.0647814870
2.3786468506,0.0125134122,0.0120315170,-0.0275505241,-0.0779966339,0.0858242139,0.0669306591
2.3887410164,0.0099327695,0.0179205798,-0.0382984355,-0.0588013679,0.0902024508,0.0615769029
2.3986840248,0.0062617273,0.0251788329,-0.0363576487,-0.0330861509,0.0838705227,0.0477889180
2.4086198807,0.0055402950,0.0309303571,-0.0363473371,0.0043373862,0.0787615106,0.0414215662
2.4186580181,0.0000261611,0.0321760811,-0.0373389795,0.0439704135,0.0651082844,0.0340466090
2.4286069870,0.0013370982,0.0317926817,-0.0353313163,0.0611118525,0.0588008501,0.0308883656
2.4386711121,0.0027569367,0.0246145688,-0.0342880562,0.0622673966,0.0523045994,0.0203065630
2.4486498833,0.0022611825,0.0173284225,-0.0322695449,0.0420603976,0.0456810519,0.0139892781
2.4586200714,-0.0030801313,0.0097001465,-0.0302926358,0.0175222959,0.0444139205,0.0129519776
2.4686131477,-0.0074302717,0.0008095177,-0.0302487072,-0.0070403051,0.0473940000,0.0087002404
2.4786529541,-0.0098565500,-0.0034245076,-0.0292384680,-0.0262563433,0.0482981429,0.0065819616
2.4885969162,-0.0123411212,-0.0019662837,-0.0214051660,-0.0411157161,0.0395965278,0.0023992006
2.4986410141,-0.0087968614,0.0033517042,-0.0243072566,-0.0356650241,0.0257454291,0.0024846883
2.5085978508,-0.0071828230,0.0165716559,-0.0272763427,-0.0207284167,0.0258791223,0.0045981733
2.5187370777,-0.0093565863,0.0163294002,-0.0292285141,0.0006760722,0.0196220241,0.0035618036
2.5287518501,-0.0094799679,0.0095063644,-0.0262594875,0.0114429668,0.0100498237,-0.0006332076
2.5388140678,-0.0085513387,0.0047161104,-0.0252345260,0.0093502533,0.0078319432,-0.0080538392
2.5487198830,-0.0056177466,-0.0001042383,-0.0183538850,-0.0097278329,-0.0062644342,-0.0143234544
2.5587959290,0.0004100783,-0.0001674099,-0.0183147248,-0.0192033593,-0.0202763900,-0.0195384566
2.5687298775,0.0055699893,0.0074903360,-0.0202819761,-0.0212223027,-0.0331447832,-0.0226407722
2.5787539482,0.0068892487,0.0131831588,-0.0232436117,-0.0094390130,-0.0352550745,-0.0300719235
2.5884900093,0.0052901008,0.0169781055,-0.0242836531,0.0023265667,-0.0352276452,-0.0375170559
2.5987939835,0.0017128980,0.0130912093,-0.0155128893,0.0108821038,-0.0352028757,-0.0417702571
2.6087331772,0.0011048338,0.0073001953,-0.0057379659,0.0034156656,-0.0363203362,-0.0406954065
2.6187591553,0.0024641773,0.0004684115,0.0011247934,-0.0094416775,-0.0331559703,-0.0343340449
2.6285581589,0.0047629760,-0.0084546944,0.0060548726,-0.0308156759,-0.0322070867,-0.0290133171
2.6387870312,0.0030659495,-0.0108124698,0.0099546853,-0.0575741865,-0.0269934162,-0.0205312818
2.6486930847,0.0032023659,-0.0105960099,0.0070161168,-0.0875821561,-0.0154052023,-0.0131487325
2.6587219238,0.0021878427,-0.0136032915,0.0226726476,-0.1207057536,-0.0134794703,-0.0078256065
2.6686680317,0.0022033250,-0.0130656073,0.0295271818,-0.1431644559,-0.0124935685,0.0028075965
2.6786930561,0.0013093709,-0.0117189474,0.0217014495,-0.1464144289,-0.0103012547,0.0123580918
2.6887409687,-0.0044934577,-0.0073267370,0.0206611697,-0.1325188577,-0.0133819990,0.0144931488
2.6986851692,-0.0063842474,0.0012446465,0.0137562100,-0.1005180553,-0.0088961702,0.0101924092
2.7087001801,-0.0102422778,0.0063470611,0.0039345566,-0.0610039383,-0.0065528546,-0.0015366850
2.7187130451,-0.0111648496,0.0070122946,-0.0029153882,-0.0279029738,-0.0031903479,-0.0132679101
2.7286739349,-0.0062763332,0.0040840181,-0.0048210677,-0.0129075143,-0.0032105879,-0.0292141177
2.7386679649,-0.0032727325,-0.0036596349,-0.0008564053,-0.0192193389,-0.0097755464,-0.0408517346
2.7487559319,-0.0001895109,-0.0105896099,-0.0037291704,-0.0383746587,-0.0153040020,-0.0450520702
2.7586560249,0.0019118583,-0.0137944380,0.0011789144,-0.0575250536,-0.0197996851,-0.0535088070
2.7686529160,0.0030054508,-0.0093995165,0.0050644223,-0.0608079284,-0.0112474747,-0.0503747985
2.7786951065,0.0049989768,-0.0079178503,0.0138666574,-0.0512885936,-0.0036257748,-0.0429955795
2.7888288498,0.0050298409,-0.0063991244,0.0216776077,-0.0364198983,-0.0001772473,-0.0281548463
2.7988159657,0.0050700069,-0.0066845664,0.0158204380,-0.0109606097,0.0150768068,-0.0165823475
2.8086340427,0.0009318462,-0.0115983086,0.0275508109,-0.0035956381,0.0248255730,-0.0081515778
2.8186779022,-0.0012600252,-0.0174271502,0.0363683626,-0.0068209926,0.0269515757,-0.0071028247
2.8288249969,0.0013881682,-0.0154978773,0.0305255000,-0.0164728202,0.0290871654,0.0013891968
2.8386921883,0.0029965586,-0.0087605771,0.0246686880,-0.0250585862,0.0322805606,0.0077493582
2.8486251831,0.0016889221,-0.0060857758,0.0168467704,-0.0325303487,0.0322227702,0.0077549508
2.8586978912,0.0013380705,-0.0054052710,0.0129620973,-0.0335780382,0.0332070738,-0.0018148521
2.8687629700,0.0000045209,-0.0007680114,0.0080532972,-0.0218193829,0.0332526155,-0.0071353149
2.8786730766,-0.0003403851,0.0039953003,-0.0046513136,-0.0005425904,0.0398796238,-0.0008164331
2.8885898590,-0.0035616511,0.0011302005,-0.0183191951,0.0122661488,0.0399786942,-0.0008260205
2.8986001015,-0.0038333253,-0.0025779749,-0.0280520376,0.0069866986,0.0356049836,-0.0071667405
2.9086270332,-0.0031553449,-0.0015408876,-0.0338955000,-0.0153899798,0.0311476514,-0.0081846006
2.9185900688,0.0014678745,-0.0007050904,-0.0358035043,-0.0355989784,0.0213895626,-0.0070488956
2.9286198616,-0.0007039884,-0.0000492614,-0.0358054712,-0.0356269404,0.0235541798,-0.0038757394
2.9385991096,-0.0000052170,-0.0002890453,-0.0357896760,-0.0217983425,0.0300613493,-0.0049882745
2.9486470222,-0.0012807155,-0.0043539875,-0.0328276232,-0.0175253041,0.0300853178,-0.0060538054
2.9585719109,-0.0005935484,-0.0103644161,-0.0220244583,-0.0227793213,0.0214625336,-0.0091791581
2.9686388969,0.0012308715,-0.0124896737,-0.0122228321,-0.0226211268,0.0022254565,-0.0090545230
2.9787621498,0.0031363985,-0.0126327574,-0.0102518853,-0.0162800066,0.0076678921,-0.0037842598
2.9890451431,0.0010646081,-0.0078483270,-0.0083251651,-0.0024195863,0.0088620540,-0.0016769005
2.9985928535,-0.0011181550,-0.0058317566,0.0004417243,0.0060315561,0.0164770968,0.0057023196
3.0085768700,-0.0013665610,-0.0066066445,0.0151134077,0.0198557600,0.0167202428,0.0216269568
3.0186409950,0.0022912531,-0.0111424299,0.0269179884,0.0325301401,0.0265845917,0.0396183431
3.0285980701,0.0010501875,-0.0107774045,0.0308192912,0.0410887413,0.0234625675,0.0417573936
3.0385880470,0.0007585271,-0.0004286664,0.0356621072,0.0614768378,0.0128799658,0.0354363807
3.0485491753,0.0016087017,0.0119717689,0.0248584095,0.0796632990,0.0055935569,0.0418452770
3.0586161613,0.0045587108,0.0147370864,0.0023947896,0.0903473720,0.0066942405,0.0354544893
3.0685420036,0.0046791122,0.0068150815,-0.0112383422,0.0851222500,-0.0020055072,0.0227658581
3.0786130428,0.0009689725,-0.0013839817,-0.0229662713,0.0425062105,-0.0067254277,0.0100805564
3.0885050297,0.0031298792,-0.0100261997,-0.0238896068,-0.0181848332,-0.0201384388,-0.0036011676
3.0986061096,0.0102185141,-0.0113777416,-0.0257902201,-0.0724937469,-0.0334446542,-0.0109151406
3.1085209846,0.0125021804,-0.0073205726,-0.0326507166,-0.0960360914,-0.0271958150,-0.0088144382
3.1185259819,0.0048157820,-0.0005071894,-0.0317819193,-0.0897630155,-0.0100695593,-0.0110522928
3.1285128593,-0.0030299888,0.0015588435,-0.0250174459,-0.0653218552,0.0029540972,-0.0100914240
3.1385810375,-0.0050987392,-0.0010092161,-0.0201247986,-0.0450870246,0.0095049404,-0.0122726858
3.1485061646,-0.0033264102,-0.0033103582,-0.0064137634,-0.0386368483,0.0031602262,-0.0101112649
3.1585140228,0.0005641154,-0.0055359737,0.0034133734,-0.0374630578,-0.0148882829,0.0027522028
3.1685171127,0.0006955958,-0.0057983408,0.0112185422,-0.0331420787,-0.0244013611,0.0113100046
3.1791019440,-0.0010920593,-0.0049655410,0.0131480042,-0.0085931942,-0.0263007265,0.0166156869
3.1885108948,-0.0068919822,0.0020048674,0.0199000183,0.0287219547,-0.0227603205,0.0218786262
3.1984858513,-0.0048301979,0.0054403525,0.0189137403,0.0691868216,-0.0148749668,0.0324231461
3.2085440159,-0.0026879960,0.0013131988,0.0111212675,0.0904907733,-0.0093662180,0.0323725455
3.2184739113,-0.0044413856,-0.0085280249,0.0111400429,0.0873746201,-0.0127526931,0.0143368198
3.2285029888,-0.0072049960,-0.0087298937,0.0130633060,0.0682472587,-0.0204457678,0.0069633257
3.2384660244,-0.0050665005,-0.0052728290,0.0091429893,0.0383836366,-0.0238751192,0.0080693364
3.2485280037,0.0010734296,-0.0059707668,0.0111399833,0.0033225883,-0.0402599536,-0.0013614490
3.2584650517,0.0053500892,-0.0020978693,0.0091665331,-0.0137456115,-0.0404186770,-0.0045359368
3.2685079575,0.0057424405,0.0006422522,0.0062025730,-0.0159088969,-0.0340862125,-0.0120122293
3.2784500122,0.0050721974,0.0014037900,0.0012907924,-0.0127931321,-0.0223323498,-0.0152779305
3.2884469032,0.0052011148,0.0032551903,-0.0006684122,-0.0033168057,-0.0051855883,-0.0185829140
3.2984819412,0.0042091818,0.0032867920,0.0032224597,-0.0055625159,0.0055461526,-0.0112130148
3.3084480762,0.0051337914,0.0012870012,0.0042175595,-0.0184061434,0.0076298090,-0.0059056007
3.3184549809,0.0040958696,-0.0028392989,0.0042394940,-0.0334123895,0.0129060643,-0.0006188266
3.3284289837,0.0030033125,-0.0061403350,0.0081700627,-0.0493793711,0.0074385945,-0.0005722214
3.3385028839,-0.0009863840,-0.0056891860,0.0071566049,-0.0536528155,0.0063685365,0.0026226400
3.3484170437,-0.0020605230,-0.0072039617,0.0032606663,-0.0483613797,0.0107118860,0.0057779532
3.3584651947,-0.0070744059,-0.0076584248,0.0061535183,-0.0376227126,0.0033069663,0.0058216285
3.3684091568,-0.0051547191,-0.0089110471,0.0100931469,-0.0215481408,-0.0071930788,0.0133152315
3.3784739971,-0.0021622905,-0.0051384838,0.0003256144,0.0008433191,-0.0080018807,0.0239307247
3.3883991241,-0.0020699853,-0.0041363952,-0.0075048860,0.0115329809,-0.0090061584,0.0218049902
3.3984320164,-0.0059012561,-0.0069382940,-0.0045952257,0.0137085170,-0.0111883534,0.0143798310
3.4083950520,-0.0048040091,-0.0067654639,-0.0045874175,0.0148374308,-0.0186611824,0.0144275017
3.4184370041,-0.0056242845,-0.0065401243,-0.0016833602,0.0201818626,-0.0196859669,0.0144290980
3.4285430908,-0.0034658888,-0.0043256674,-0.0075545963,0.0286943913,-0.0143215619,0.0090764109
3.4383540154,-0.0042632460,-0.0030219122,-0.0095188078,0.0329912677,-0.0143580474,0.0016399336
3.4483730793,-0.0061510964,0.0002373480,-0.0095568951,0.0275522936,-0.0015836627,0.0004985027
3.4583730698,-0.0061805299,0.0043937233,-0.0086128172,0.0200240705,0.0016419580,0.0089796055
3.4684219360,-0.0042839325,-0.0002874155,-0.0027058779,0.0113765197,0.0102253258,0.0206162892
3.4783720970,0.0014282449,0.0027993284,0.0022265257,0.0049493802,0.0112810032,0.0248633642
3.4883570671,0.0022856726,0.0038785543,0.0041844193,0.0092051113,0.0113502452,0.0291095059
3.4983959198,0.0020731969,0.0108511094,0.0061139408,0.0154980281,0.0221490972,0.0364724807
3.5083389282,-0.0001284496,0.0139372554,0.0090233032,0.0165252090,0.0253997520,0.0407002494
3.5183510780,0.0016398488,0.0121119488,0.0031892599,0.0133416671,0.0211437531,0.0460428186
3.5284099579,0.0044832327,0.0063142944,0.0032570304,-0.0047004502,0.0092293043,0.0440078974
3.5383260250,0.0065007382,0.0022013364,-0.0015937744,-0.0227228608,-0.0048289904,0.0409231558
3.5483269691,0.0036882258,0.0038017556,-0.0006519018,-0.0364413336,-0.0199890360,0.0304071307
3.5583910942,0.0039011335,0.0082156910,-0.0055739339,-0.0395555049,-0.0265180413,0.0198283922
3.5683209896,0.0031911491,0.0146670109,-0.0095390137,-0.0255709775,-0.0350601301,0.0081877140
3.5782771111,0.0015963523,0.0163760073,-0.0154456552,-0.0031191986,-0.0349810347,-0.0024505486
3.5883150101,-0.0000238174,0.0124505935,-0.0144851264,0.0107667893,-0.0307165124,-0.0162989870
3.5983881950,-0.0026430839,0.0086245881,-0.0115719493,0.0183093939,-0.0329367891,-0.0332902223
3.6083121300,-0.0033746155,0.0078318221,-0.0096333083,0.0193464290,-0.0255289432,-0.0429005027
3.6183381081,-0.0051768026,0.0061214110,-0.0067135151,0.0235592835,-0.0169817936,-0.0472087003
3.6282758713,-0.0050766892,0.0054147248,-0.0047677215,0.0267470870,-0.0127364490,-0.0536128022
3.6383690834,-0.0118862819,0.0037306519,0.0000654997,0.0352245942,-0.0051890500,-0.0536677986
3.6481041908,-0.0168018471,0.0011522500,0.0039560739,0.0436550975,0.0056185899,-0.0473694205
3.6582710743,-0.0149890315,0.0006052852,0.0098333303,0.0446247533,0.0121569168,-0.0336014107
3.6681041718,-0.0141605679,-0.0019343849,0.0137748662,0.0381716490,0.0143263284,-0.0240494497
3.6785130501,-0.0143832508,-0.0015802011,0.0264906231,0.0306339711,0.0133939553,-0.0017298973
3.6883201599,-0.0106165614,-0.0003326889,0.0284635369,0.0230948292,0.0124666421,0.0216539875
3.6983990669,-0.0067519336,-0.0041376529,0.0207012240,0.0091931270,0.0113806054,0.0322949179
3.7082991600,-0.0038835609,-0.0061062155,0.0197747890,-0.0067685293,0.0048534642,0.0334107801
3.7182679176,0.0000374115,-0.0023432188,0.0139160696,-0.0120891239,0.0026792593,0.0344932191
3.7283301353,0.0030224158,0.0013754861,0.0051264707,-0.0174279641,0.0036885974,0.0323656201
3.7385511398,0.0059863352,0.0011249827,0.0051568095,-0.0301596038,0.0002499237,0.0164597593
3.7482659817,0.0069694691,0.0036838213,0.0012381615,-0.0440471917,0.0085384799,-0.0016449426
3.7582349777,0.0108502563,0.0071644783,0.0051619355,-0.0567167811,-0.0034271027,-0.0143062761
3.7682671547,0.0138421934,0.0085615711,0.0051775519,-0.0588502400,-0.0003098726,-0.0228241310
3.7782669067,0.0128773693,0.0109917717,0.0022354664,-0.0406885445,0.0039711585,-0.0388012342
3.7883019447,0.0098728966,0.0136446040,-0.0007341562,-0.0172399450,0.0136536136,-0.0526914820
3.7982680798,0.0038383252,0.0155318091,-0.0046911892,0.0030039409,0.0212268438,-0.0601908118
3.8082928658,-0.0003407912,0.0117567144,-0.0027391373,0.0210860055,0.0319910757,-0.0677099824
3.8182239532,-0.0035913826,0.0052012773,0.0011998953,0.0253360122,0.0331207886,-0.0645334944
3.8282508850,-0.0097753536,-0.0042763026,0.0070765559,0.0253096465,0.0363269672,-0.0645542666
3.8381919861,-0.0130485427,-0.0099416766,0.0090636555,0.0189289786,0.0309870634,-0.0581403077
3.8482809067,-0.0153263118,-0.0146713527,0.0071284119,0.0178301577,0.0331524834,-0.0539040193
3.8582081795,-0.0177228916,-0.0135560399,0.0120161120,0.0145476796,0.0375205949,-0.0401190966
3.8682310581,-0.0161976237,-0.0143963005,0.0140047017,0.0134304827,0.0345053673,-0.0167261586
3.8781929016,-0.0086450521,-0.0221577697,0.0092455689,0.0027424190,0.0302762650,-0.0018185806
3.8882589340,-0.0040056794,-0.0261159129,0.0112737361,-0.0143036759,0.0216939636,0.0099352803
3.8981928825,-0.0051292642,-0.0253925975,0.0044331495,-0.0207301490,0.0185650159,0.0248335358
3.9082489014,-0.0032713392,-0.0246366411,-0.0043473300,-0.0165178291,0.0197935309,0.0396961085
3.9181749821,-0.0014552192,-0.0198503230,-0.0111910161,-0.0026590051,0.0220377780,0.0396721363
3.9281568527,0.0012172929,-0.0100292498,-0.0141273793,0.0026340280,0.0274226889,0.0396335199
3.9382061958,0.0078180302,-0.0031281607,-0.0170326885,-0.0058659827,0.0251632631,0.0332805514
3.9481639862,0.0105570760,0.0036621625,-0.0170403179,-0.0175215751,0.0175279807,0.0259014647
3.9581570625,0.0143443812,0.0074935285,-0.0160439666,-0.0227229930,0.0045826202,0.0164264701
3.9681780338,0.0162004735,0.0171843208,-0.0170495566,-0.0109315822,0.0055882297,-0.0016489372
3.9781589508,0.0171009656,0.0241391640,-0.0180560406,0.0136509929,0.0067387158,-0.0144225229
3.9881820679,0.0140585657,0.0274669584,-0.0161327180,0.0445836075,0.0154011808,-0.0293737762
3.9980831146,0.0109381285,0.0252029486,-0.0093089994,0.0637933910,0.0207866244,-0.0421717279
4.0081882477,0.0058648721,0.0180813484,-0.0073502716,0.0691143870,0.0240069181,-0.0453835018
4.0181360245,0.0056940005,0.0051353946,-0.0004333315,0.0574301668,0.0154011808,-0.0410693139
4.0281291008,0.0026436059,-0.0002467726,0.0025144757,0.0436243378,0.0067440420,-0.0410035327
4.0381250381,-0.0042430959,-0.0067334203,0.0034610571,0.0393438376,0.0036028437,-0.0292930827
4.0481548309,-0.0062897890,-0.0113060325,0.0044558588,0.0392759293,0.0069176806,-0.0165658351
4.0581469536,-0.0102086347,-0.0208889041,-0.0013853369,0.0275501627,0.0015570032,-0.0080244122
4.0681838989,-0.0121399183,-0.0266915299,-0.0003930388,0.0084004374,-0.0071233036,-0.0058299671
4.0780820847,-0.0111517254,-0.0228951946,-0.0013855753,-0.0054827547,-0.0113934157,0.0080212671
4.0881690979,-0.0101019423,-0.0171481520,-0.0023963510,0.0019376120,-0.0153841628,0.0346017443
4.0980939865,-0.0041142418,-0.0171389766,-0.0062627252,0.0029675895,-0.0142328795,0.0430917703
4.1081461906,-0.0030517445,-0.0161316153,-0.0082051214,0.0060976022,-0.0046076821,0.0409023836
4.1180868149,-0.0069642714,-0.0092863888,-0.0082839187,0.0029167226,-0.0025961965,0.0292060450
4.1281561852,-0.0040777638,-0.0023217089,-0.0034037291,0.0082728723,-0.0036508082,0.0260219704
4.1380891800,-0.0021243931,0.0076358346,-0.0054078158,0.0167984497,-0.0004126707,0.0217444040
4.1481471062,-0.0010699348,0.0118384836,-0.0112747010,0.0286601689,-0.0079568736,0.0037243897
4.1580719948,-0.0019575597,0.0172542911,-0.0035079776,0.0587131456,-0.0186180398,-0.0206640400
4.1681470871,-0.0008718127,0.0287558101,-0.0055252966,0.0821513608,-0.0089084208,-0.0313672833
4.1780653000,0.0020699559,0.0298240613,-0.0055258926,0.1087998822,-0.0012861876,-0.0388711393
4.1880407333,0.0021029210,0.0183664542,0.0072277728,0.1109621003,0.0007500653,-0.0526969396
4.1981081963,-0.0008305402,0.0155361118,0.0072119776,0.0959734321,0.0059805135,-0.0527215749
4.2081031799,-0.0008458549,0.0057143187,0.0160347763,0.0724840835,0.0037248163,-0.0452538058
4.2180409431,0.0010591468,-0.0015111687,0.0199959222,0.0436082259,0.0067869192,-0.0356906615
4.2280769348,0.0019457138,-0.0070495596,0.0288296286,0.0190426949,0.0055916924,-0.0282290168
4.2380352020,0.0018836393,-0.0089944052,0.0298250262,-0.0013059853,0.0087502012,-0.0154868551
4.2481021881,0.0027170426,-0.0072179446,0.0327640101,-0.0152449701,0.0129902204,-0.0070054866
4.2580170631,0.0035193397,-0.0094474321,0.0347461030,-0.0185538158,0.0195176285,0.0088883918
4.2680830956,0.0013217872,-0.0038883304,0.0288565103,-0.0143646626,0.0260354485,0.0173423309
4.2780389786,0.0000605343,-0.0020769546,0.0268887822,0.0005000373,0.0336795188,0.0236601476
4.2880721092,-0.0012790391,-0.0010339795,0.0190784279,0.0302185193,0.0531749241,0.0267001465
4.2979788780,-0.0038076953,0.0012532463,0.0053983871,0.0545952283,0.0736876577,0.0286754109
4.3079233170,-0.0084193926,-0.0001368383,0.0044296924,0.0599495135,0.0736836568,0.0233597439
4.3180050850,-0.0071676127,0.0004456350,-0.0053135213,0.0556706153,0.0747182965,0.0222896840
4.3280129433,-0.0029414052,0.0028876932,-0.0120983776,0.0365858674,0.0585478507,0.0234702639
4.3379960060,0.0005267172,-0.0026595900,-0.0198332723,0.0217853524,0.0455111451,0.0129441200
4.3480620384,0.0020732491,-0.0015026210,-0.0227481183,0.0154611431,0.0410689935,-0.0008337437
4.3579859734,-0.0022221224,-0.0003377060,-0.0198369082,0.0272580143,0.0399677753,-0.0157100279
4.3680539131,-0.0075803190,0.0038562072,-0.0189091023,0.0400172174,0.0485623255,-0.0221490189
4.3779668808,-0.0081231501,0.0083321920,-0.0052443799,0.0614458136,0.0422421135,-0.0306218658
4.3880028725,-0.0055720410,0.0061674109,-0.0032454191,0.0828062296,0.0392372683,-0.0263677314
4.3979682922,-0.0068838722,0.0031486368,-0.0032352267,0.0966803655,0.0383038335,-0.0231845900
4.4080419540,-0.0091828424,0.0012022769,-0.0012902676,0.1009765789,0.0330384970,-0.0178414881
4.4179491997,-0.0113424826,-0.0086155301,-0.0012704788,0.0892418921,0.0277020540,-0.0061115962
4.4280290604,-0.0115401801,-0.0146680446,0.0065778438,0.0583617389,0.0147194099,0.0035556785
4.4379501343,-0.0057637333,-0.0180982277,0.0085846726,0.0295873471,0.0060116732,0.0110681895
4.4480590820,0.0020453988,-0.0110980393,0.0027512254,0.0072636670,-0.0069501987,0.0154173970
4.4580230713,0.0098523218,-0.0012980467,-0.0021187125,0.0028910227,0.0026981679,0.0227948856
4.4679212570,0.0126980748,0.0074825743,-0.0070302542,0.0038830503,0.0102237286,0.0269949585
4.4779310226,0.0145732444,0.0103867138,-0.0099565443,0.0006837957,0.0133273760,0.0174137019
4.4879770279,0.0173420105,0.0122998068,-0.0060281213,-0.0131875444,0.0163447373,0.0078423023
4.4979228973,0.0211491268,0.0112110069,-0.0079271253,-0.0206072461,0.0130165853,0.0014995851
4.5079350471,0.0172024202,0.0080406228,-0.0089110192,-0.0280180220,0.0096620675,-0.0090973992
4.5179181099,0.0103352536,0.0048597408,-0.0069961604,-0.0300536118,0.0031104251,-0.0239289422
4.5279459953,0.0025484024,0.0006326390,-0.0099639352,-0.0288868807,-0.0023698278,-0.0408924781
4.5379109383,-0.0052050403,-0.0035975585,-0.0109801944,-0.0298284404,-0.0110730380,-0.0578335114
4.5479750633,-0.0070993840,-0.0009311372,-0.0080781039,-0.0244057104,-0.0185762290,-0.0652253851
4.5578751564,-0.0040405220,0.0037951106,-0.0061277803,-0.0072470987,-0.0291119590,-0.0630449206
4.5679659843,-0.0048251501,0.0057432661,-0.0061513241,0.0087675545,-0.0310893562,-0.0587937161
4.5779199600,-0.0065966710,0.0068631964,-0.0042250212,0.0204369947,-0.0255798101,-0.0492729135
4.5879430771,-0.0102319252,-0.0075800056,-0.0022535978,0.0203600284,-0.0191040672,-0.0418781154
4.5978832245,-0.0158491004,-0.0260664243,-0.0002614913,-0.0010576453,-0.0117673241,-0.0397872701
4.6079483032,-0.0157097150,-0.0350016020,0.0095648114,-0.0362566449,-0.0183796883,-0.0312206782
4.6178798676,-0.0165541042,-0.0324666910,0.0202933494,-0.0533200502,-0.0258719586,-0.0173506681
4.6279382706,-0.0115104560,-0.0202536024,0.0134293381,-0.0427805893,-0.0160259847,-0.0004236167
4.6378741264,-0.0114467125,-0.0117898239,0.0104566757,-0.0162355341,-0.0049965037,0.0154221915
4.6479139328,-0.0095746312,-0.0079024257,0.0163177792,0.0070863008,0.0081547182,0.0323188864
4.6578559875,-0.0048153303,-0.0067411726,0.0202551428,0.0251393374,0.0127212405,0.0503386296
4.6679229736,0.0028653613,-0.0044187224,0.0173836295,0.0378537998,0.0193413254,0.0630355179
4.6778488159,0.0085341129,0.0009673750,0.0086055342,0.0526942685,0.0291382968,0.0703986287
4.6877279282,0.0102546234,0.0025426457,0.0037187280,0.0484190956,0.0322571248,0.0640070364
4.6980509758,0.0128896777,0.0040025478,-0.0001571832,0.0324129611,0.0373474918,0.0480461828
4.7078742981,0.0165234935,0.0042336425,-0.0040267762,0.0015839431,0.0305055641,0.0258018617
4.7178311348,0.0172477458,0.0090534901,-0.0020785390,-0.0228028893,0.0183860511,0.0057128388
4.7279071808,0.0191130955,0.0087180017,-0.0059723910,-0.0429435782,0.0074061044,-0.0101377629
4.7377958298,0.0151889119,0.0092302458,-0.0069678482,-0.0492348969,0.0007873497,-0.0281496532
4.7478780746,0.0102728326,0.0097041829,-0.0040714797,-0.0502607450,0.0006704370,-0.0408968739
4.7578120232,0.0014525226,0.0081820851,-0.0031423031,-0.0523583815,-0.0004907014,-0.0504521616
4.7678709030,-0.0073650456,0.0007983418,0.0046543423,-0.0577009544,0.0026198707,-0.0568429492
4.7778048515,-0.0152654070,-0.0036850916,0.0143905226,-0.0608651862,-0.0027301535,-0.0536145344
4.7878007889,-0.0191669594,-0.0091840131,0.0192876998,-0.0619634688,-0.0047490960,-0.0387271978
4.7977657318,-0.0201194193,-0.0127217891,0.0173481647,-0.0524139106,-0.0045267222,-0.0217386261
4.8078608513,-0.0220673438,-0.0170635674,0.0222404543,-0.0353281349,-0.0085970974,-0.0132250329
4.8177881241,-0.0230630394,-0.0173778292,0.0242003743,-0.0247737616,0.0001636373,0.0015834745
4.8278398514,-0.0192482490,-0.0165654402,0.0242380444,-0.0099402200,0.0078870710,0.0163965095
4.8377881050,-0.0135901254,-0.0097697088,0.0213312451,-0.0015817564,0.0241115801,0.0311585423
4.8477811813,-0.0080346037,-0.0028599119,0.0174349491,0.0110661285,0.0371802449,0.0480632260
4.8577699661,-0.0045758127,0.0041711191,0.0145170037,0.0290419348,0.0544979833,0.0575017333
4.8678379059,-0.0012048462,0.0075137326,0.0096618477,0.0492119156,0.0664470494,0.0616597310
4.8775672913,0.0040589818,0.0071106711,0.0009307208,0.0608816221,0.0750903487,0.0615942143
4.8878259659,0.0092688780,0.0097256517,-0.0029193817,0.0588131472,0.0707174391,0.0520624965
4.8977432251,0.0145201925,0.0141952159,-0.0116835292,0.0471527576,0.0662324056,0.0382894240
4.9077849388,0.0198807176,0.0165293925,-0.0233611520,0.0227422267,0.0573116131,0.0171164945
4.9176669121,0.0214115139,0.0156914257,-0.0272391494,0.0004908489,0.0452051461,-0.0040392578
4.9278111458,0.0210731570,0.0155766523,-0.0301539358,-0.0206980594,0.0331210531,-0.0230691414
4.9377560616,0.0179072190,0.0123177292,-0.0320906714,-0.0376469493,0.0242868159,-0.0399945937
4.9477910995,0.0108761992,0.0079855351,-0.0262605604,-0.0439676940,0.0198356081,-0.0548347943
4.9578070641,0.0028441681,0.0016347719,-0.0145388898,-0.0513997823,0.0186260026,-0.0654493570
4.9677271843,-0.0042003333,-0.0008350639,-0.0018719493,-0.0534309745,0.0068353885,-0.0674962625
4.9777078629,-0.0053053661,-0.0052409759,0.0137832705,-0.0565980002,-0.0006006899,-0.0589453839
4.9877681732,-0.0101517234,-0.0136329932,0.0167251173,-0.0533281714,-0.0153932180,-0.0418534838
4.9979271889,-0.0158456247,-0.0220481902,0.0196629111,-0.0554653630,-0.0195860993,-0.0301379710
5.0077080727,-0.0195773151,-0.0236021187,0.0196376983,-0.0459104702,-0.0214681551,-0.0088846125
5.0177097321,-0.0213708524,-0.0210864767,0.0137494151,-0.0214410815,-0.0179293472,0.0080746636
5.0277671814,-0.0194026027,-0.0114266193,0.0098125879,0.0039785253,0.0005639105,0.0228104647
5.0379061699,-0.0166060720,0.0014358955,0.0019530000,0.0358419158,0.0148211429,0.0365076363
5.0477280617,-0.0109821465,0.0048495689,-0.0028999506,0.0537601970,0.0343796648,0.0576161183
5.0576858521,-0.0073128729,-0.0072688283,-0.0067141112,0.0558301359,0.0377006270,0.0682132393
5.0677528381,-0.0037007907,-0.0146050649,-0.0144622382,0.0333740972,0.0449540131,0.0618075319
5.0778660774,-0.0030677521,-0.0173080545,-0.0114943441,-0.0006774794,0.0360491984,0.0512652770
5.0877251625,0.0015183634,-0.0086050788,-0.0114845689,-0.0304156691,0.0218340456,0.0407543145
5.0976700783,0.0052089752,0.0047239540,-0.0144484695,-0.0484861471,0.0162683055,0.0312416349
5.1077318192,0.0070178569,0.0169749334,-0.0144836958,-0.0451476090,0.0054790406,0.0164357908
5.1177797318,0.0128741469,0.0176027566,-0.0134539064,-0.0322553813,0.0022235925,-0.0005486524
5.1276903152,0.0148247201,0.0212490465,-0.0134502705,-0.0161853321,0.0001013194,-0.0132948076
5.1376543045,0.0187048223,0.0221716911,-0.0124564227,-0.0076576248,0.0075184898,-0.0282207616
5.1477169991,0.0176267903,0.0172888841,-0.0046091732,-0.0151229966,0.0116269477,-0.0409908853
5.1576433182,0.0136093367,0.0103408201,0.0080920402,-0.0278668888,0.0061275205,-0.0483863465
5.1677103043,0.0067123682,0.0032011168,0.0149212424,-0.0385458991,0.0050124545,-0.0441220924
5.1776342392,0.0017929769,-0.0011155074,0.0197976176,-0.0427752659,-0.0003546139,-0.0430222116
5.1877069473,-0.0040726340,-0.0025457526,0.0226894561,-0.0342462249,-0.0023535825,-0.0345160738
5.1976261139,-0.0099433754,-0.0048563583,0.0246185604,-0.0236114226,-0.0021671613,-0.0217736457
5.2076931000,-0.0128721837,-0.0080203461,0.0295054261,-0.0150506934,-0.0084319813,-0.0121774785
5.2176179886,-0.0118249934,-0.0091637475,0.0216950122,-0.0012501925,-0.0049901120,0.0026632529
5.2276148796,-0.0119182151,-0.0042527104,0.0158066694,0.0220348909,0.0113944542,0.0227261763
5.2376871109,-0.0101306271,-0.0049492167,0.0070350710,0.0442621671,0.0277451985,0.0396020971
5.2476038933,-0.0045726276,-0.0103545515,-0.0016736446,0.0483791456,0.0438634492,0.0458690487
5.2576689720,-0.0010775307,-0.0148133533,-0.0084560569,0.0397622213,0.0523663871,0.0479441844
5.2675971985,0.0043298514,-0.0164518990,-0.0132682975,0.0227379650,0.0489556789,0.0394790582
5.2776412964,0.0068281726,-0.0123883719,-0.0240002330,0.0131740207,0.0466789417,0.0320645496
5.2876229286,0.0103249289,-0.0035304343,-0.0318175629,0.0025874227,0.0400934778,0.0214907359
5.2976160049,0.0100284629,-0.0025760261,-0.0347534493,-0.0047471896,0.0292179249,0.0056278845
5.3075661659,0.0098215658,-0.0016804198,-0.0357222632,-0.0088838767,0.0183799267,-0.0081100324
5.3176441193,0.0048530870,-0.0037626112,-0.0308652576,-0.0140954172,0.0075549744,-0.0186572149
5.3275671005,-0.0000815669,-0.0018991297,-0.0230971035,-0.0064833043,-0.0073946803,-0.0238775443
5.3376340866,-0.0000352932,0.0020730896,-0.0143273529,0.0053155650,-0.0147748319,-0.0227760598
5.3475589752,-0.0028491130,0.0072000874,-0.0104763564,0.0309612751,-0.0188334901,-0.0206428692
5.3575582504,-0.0046205441,0.0095572127,-0.0085529741,0.0427486897,-0.0272291042,-0.0131599186
5.3676228523,-0.0033489966,0.0061373832,-0.0026807843,0.0427947640,-0.0357155353,-0.0056681801
5.3775482178,0.0000130928,-0.0022366652,-0.0016623196,0.0310749896,-0.0421372131,0.0039431686
5.3876171112,0.0013911633,-0.0048702369,0.0061621014,0.0214796215,-0.0485152192,0.0167399235
5.3975267410,0.0047396854,-0.0027193567,0.0110423509,0.0150294453,-0.0463537984,0.0252290163
5.4076061249,0.0040759915,0.0081594763,0.0090127531,0.0244328007,-0.0269247051,0.0389075466
5.4175319672,0.0012918732,0.0142797912,0.0030807198,0.0423733182,-0.0053317957,0.0483182222
5.4275970459,0.0012667647,0.0156891290,0.0030721964,0.0528962687,0.0118775507,0.0513864495
5.4375238419,0.0001563265,0.0142321689,0.0011126937,0.0592512339,0.0204201713,0.0438865907
5.4475879669,0.0009532927,0.0118414173,0.0001460256,0.0560591705,0.0224604197,0.0353764594
5.4575138092,0.0027269295,0.0094136978,-0.0008045493,0.0433313921,0.0190140232,0.0194744579
5.4675421715,0.0035876131,0.0058527449,-0.0056601819,0.0263542719,0.0123428060,0.0046560969
5.4775028229,0.0025833494,0.0020937519,-0.0066229757,0.0083485059,0.0013791041,-0.0111959707
5.4875192642,0.0026154241,0.0021091485,-0.0076009091,0.0020751636,-0.0084247906,-0.0270638838
5.4974951744,0.0007189049,0.0069717923,-0.0105788764,0.0106646577,-0.0105808862,-0.0366158448
5.5075268745,-0.0011872777,0.0110655641,-0.0076871570,0.0341838300,-0.0115404222,-0.0451251753
5.5174922943,-0.0040210462,0.0114401476,-0.0126130637,0.0565615743,-0.0060404628,-0.0473017767
5.5274829865,-0.0087891053,0.0071630115,-0.0126462635,0.0715298727,-0.0101726241,-0.0440982617
5.5375151634,-0.0115431380,-0.0018736226,-0.0048254784,0.0726892799,-0.0219089072,-0.0429617539
5.5474472046,-0.0132582542,-0.0070451414,-0.0019047318,0.0630883127,-0.0251350608,-0.0365597829
5.5575418472,-0.0159890521,-0.0104145119,0.0049099270,0.0438270047,-0.0230657849,-0.0269977041
5.5674691200,-0.0147306155,-0.0168716609,0.0098212902,0.0236120149,-0.0348971449,-0.0173453428
5.5775179863,-0.0134550240,-0.0186092462,0.0215392653,0.0150596723,-0.0380647071,-0.0045681614
5.5874409676,-0.0131604616,-0.0125898933,0.0234618727,0.0234433040,-0.0260887407,0.0134089747
5.5975251198,-0.0150075685,-0.0045564128,0.0233882610,0.0349902362,-0.0077139931,0.0260270331
5.6074800491,-0.0120910872,0.0036650794,0.0204312149,0.0497864932,0.0074271429,0.0333552510
5.6174349785,-0.0083560143,0.0110079991,0.0145463888,0.0592312627,0.0267478433,0.0342856310
5.6275129318,-0.0037734115,0.0135892117,0.0145694558,0.0559691563,0.0352457240,0.0310456250
5.6374397278,0.0007591231,0.0151486294,0.0165629927,0.0495911501,0.0351285450,0.0236162059
5.6475048065,0.0072528110,0.0215599351,0.0136582796,0.0507038198,0.0329269096,0.0151305757
5.6574268341,0.0127944257,0.0260314606,0.0107367579,0.0496918187,0.0306821316,0.0034592720
5.6674771309,0.0145326797,0.0265209414,0.0009785236,0.0487131067,0.0273047108,-0.0156411864
5.6774177551,0.0153103042,0.0230693854,-0.0048569497,0.0412943400,0.0302453749,-0.0400903374
5.6874847412,0.0102103893,0.0175276622,0.0000076832,0.0243624933,0.0213642642,-0.0633935258
5.6973948479,0.0081724282,0.0078421691,0.0010172667,-0.0043302719,0.0113973832,-0.0781829953
5.7074790001,0.0051571117,0.0037252167,0.0049334709,-0.0341648646,0.0068460414,-0.0834446028
5.7174010277,0.0021478182,-0.0006438186,0.0117861573,-0.0511940531,-0.0007338478,-0.0791325420
5.7274770737,-0.0027250850,-0.0090030739,0.0166872684,-0.0512305386,0.0004073167,-0.0706407875
5.7374320030,-0.0086289030,-0.0144312503,0.0196198765,-0.0427670069,0.0058974233,-0.0621871129
5.7474150658,-0.0175088886,-0.0187782384,0.0205511991,-0.0257776380,0.0114908600,-0.0484241657
5.7573852539,-0.0216266904,-0.0209891610,0.0215263311,-0.0131119126,0.0213767812,-0.0283098426
5.7674379349,-0.0209235623,-0.0210655387,0.0186077300,0.0038337819,0.0302216709,-0.0092559904
5.7773780823,-0.0173678044,-0.0190343857,0.0117957536,0.0122534987,0.0368739814,0.0108795054
5.7873220444,-0.0168127082,-0.0208079573,0.0128099266,0.0260020681,0.0467266105,0.0256794896
5.7973518372,-0.0134260897,-0.0165723246,0.0089089815,0.0365841389,0.0533253923,0.0383803695
5.8074321747,-0.0080313496,-0.0152293136,-0.0027610122,0.0365740210,0.0512603782,0.0468928963
5.8173580170,-0.0006380861,-0.0177837741,-0.0085416492,0.0280718766,0.0479604565,0.0437333249
5.8274879456,0.0048708697,-0.0156222163,-0.0143663939,0.0057511250,0.0391738899,0.0363691524
5.8373489380,0.0094736274,-0.0146595268,-0.0162802991,-0.0207984615,0.0260639433,0.0269098710
5.8473420143,0.0102932528,-0.0090555912,-0.0162840541,-0.0398419276,0.0118770190,0.0100169061
5.8574228287,0.0150721837,0.0013042828,-0.0182393845,-0.0461412333,0.0042337463,-0.0026758520
5.8675451279,0.0150530674,0.0096933013,-0.0192511138,-0.0385594815,-0.0033163154,-0.0175056644
5.8773889542,0.0160544924,0.0133503890,-0.0192599352,-0.0236100927,-0.0000803082,-0.0281633697
5.8873300552,0.0130783468,0.0142139355,-0.0144038256,-0.0097360881,0.0031698134,-0.0356308743
5.8973970413,0.0110371057,0.0103119919,-0.0055967029,-0.0065779798,0.0085406108,-0.0346022248
5.9073400497,0.0099178590,0.0083906250,0.0041876379,-0.0065934248,0.0075352676,-0.0271589588
5.9173889160,0.0078688171,0.0054626325,0.0090725962,-0.0001950478,0.0034156234,-0.0154534327
5.9273099899,0.0058395104,0.0045562154,0.0100342575,0.0082498360,0.0100026857,-0.0027533502
5.9373769760,-0.0001296604,-0.0002690358,0.0129346196,0.0092783486,0.0132506769,0.0014757495
5.9473018646,-0.0003462376,-0.0050648628,0.0188285653,0.0038641421,0.0217773188,0.0035490203
5.9573698044,-0.0025538129,-0.0071179727,0.0168850962,-0.0111884438,0.0303124841,0.0151898311
5.9672770500,-0.0048277988,-0.0102528902,0.0159234349,-0.0208490621,0.0335168019,0.0236749277
5.9772901535,-0.0051494590,-0.0163222365,0.0120481197,-0.0081014410,0.0410940275,0.0225514732
5.9873099327,-0.0075721457,-0.0105046397,-0.0045876559,0.0258426778,0.0659660846,0.0255536549
5.9974341393,-0.0103207696,-0.0033541052,-0.0065931734,0.0406856723,0.0778496489,0.0275940374
6.0073060989,-0.0100333914,-0.0069182822,-0.0094854888,0.0322240107,0.0671234950,0.0308566727
6.0172638893,-0.0075643561,-0.0136234453,-0.0240795668,0.0024020663,0.0573102795,0.0351905711
6.0273299217,-0.0021010132,-0.0137371672,-0.0337862447,-0.0272780620,0.0356230959,0.0257904101
6.0372571945,0.0005690644,-0.0121312374,-0.0298476871,-0.0484202355,0.0140064834,0.0174484570
6.0473299026,0.0014268218,-0.0057206685,-0.0278953370,-0.0397425890,0.0001157004,0.0100957360
6.0572957993,0.0014001878,-0.0001519053,-0.0298712905,-0.0226297826,-0.0008893766,0.0015892000
6.0673208237,-0.0005377883,0.0036047930,-0.0260078367,-0.0150445672,-0.0084484927,-0.0143029476
6.0772480965,0.0014616626,0.0094059380,-0.0172183570,-0.0106470231,-0.0171168167,-0.0323116407
6.0873141289,0.0025652482,0.0152355479,-0.0152834710,-0.0042197499,-0.0202644058,-0.0312333275
6.0972409248,0.0017522483,0.0143315094,0.0013123096,-0.0009786831,-0.0276605375,-0.0237493142
6.1073069572,0.0011573753,0.0036760094,0.0072080437,0.0065447469,-0.0392410234,-0.0098683843
6.1172280312,-0.0023571604,0.0018357066,0.0081563536,0.0171870049,-0.0369842611,-0.0056411489
6.1272969246,-0.0040055695,0.0011206316,0.0110558216,0.0320149511,-0.0261089802,0.0027771033
6.1372051239,-0.0048196907,0.0034409324,0.0217674319,0.0341160521,-0.0249590259,0.0102042602
6.1472787857,0.0002329482,0.0106612099,0.0129775945,0.0446027815,-0.0087006940,0.0270897672
6.1571760178,0.0021503496,0.0228438433,0.0041121785,0.0572758317,0.0043027224,0.0365590341
6.1672382355,0.0039828126,0.0263288282,-0.0037151633,0.0720470548,0.0257837791,0.0353470296
6.1772851944,0.0055120406,0.0338434689,-0.0184071120,0.0824215412,0.0642960146,0.0297776945
6.1882519722,0.0018691069,0.0346587822,-0.0135496315,0.0812904909,0.0749116465,0.0222729072
6.1972079277,0.0050766547,0.0207635127,-0.0056350287,0.0492730364,0.0756978095,0.0180399455
6.2069387436,0.0054888078,0.0005795667,0.0042582694,0.0056696320,0.0571638048,0.0150034083
6.2172622681,0.0031721836,-0.0083779721,0.0003969612,-0.0293930154,0.0397374108,0.0087665524
6.2270097733,-0.0029153412,-0.0147421313,-0.0044947919,-0.0495259762,0.0224628169,0.0067678504
6.2374038696,-0.0069811302,-0.0143298162,-0.0025510846,-0.0461520217,0.0073981145,-0.0080100307
6.2472338676,-0.0089633614,-0.0137861399,-0.0025674163,-0.0257663205,-0.0031775646,-0.0132676437
6.2572021484,-0.0060588415,-0.0130462935,0.0043073241,-0.0171503276,-0.0106317531,-0.0174734406
6.2672309875,-0.0020639130,-0.0141498698,0.0141224209,-0.0096047940,-0.0191328283,-0.0184859745
6.2771611214,0.0000218640,-0.0142416833,0.0170681421,-0.0075091543,-0.0169229377,-0.0121282097
6.2871918678,0.0001097939,-0.0171507522,0.0268474761,-0.0000704117,-0.0157330371,-0.0047043823
6.2971611023,-0.0026794446,-0.0181054436,0.0287815277,0.0019768933,-0.0092133526,0.0058756908
6.3073139191,-0.0035271866,-0.0229360014,0.0297695938,-0.0001525702,-0.0102895359,0.0069465479
6.3171930313,-0.0053442954,-0.0268264525,0.0336876437,-0.0033150744,-0.0146025261,0.0048495755
6.3270421028,-0.0061656716,-0.0229527466,0.0307246391,-0.0043790080,-0.0146198366,0.0037880391
6.3372130394,-0.0100217070,-0.0113269454,0.0228037778,-0.0001818659,-0.0060306089,0.0047931159
6.3471350670,-0.0110043921,-0.0025217077,0.0159195606,0.0093581099,0.0004922715,0.0089937197
6.3572010994,-0.0081849713,0.0054775188,0.0139466468,0.0231285170,0.0113332011,0.0142252343
6.3671259880,-0.0015182046,0.0145912925,0.0041735712,0.0347998217,0.0178816486,0.0194865745
6.3771991730,0.0050636944,0.0228235796,-0.0065615233,0.0421283096,0.0329548717,0.0257585868
6.3871192932,0.0115424301,0.0233102180,-0.0094523486,0.0356677473,0.0393267497,0.0267841686
6.3971500397,0.0131421238,0.0148326242,-0.0054860767,0.0089835366,0.0412128009,0.0225453489
6.4070787430,0.0127531346,0.0079939300,-0.0044542607,-0.0252242368,0.0484025367,0.0193354413
6.4171590805,0.0104051698,0.0007736394,0.0014418305,-0.0560376793,0.0362886153,0.0045579588
6.4271011353,0.0071775955,-0.0008751182,0.0063368622,-0.0772734582,0.0253728535,-0.0027931645
6.4371652603,0.0050589317,-0.0008120043,-0.0014748630,-0.0889416933,0.0198630393,-0.0112469699
6.4470901489,-0.0009508578,0.0001522032,-0.0054102000,-0.0930887684,0.0090522030,-0.0217978805
6.4571299553,-0.0069058179,0.0011204937,-0.0054262336,-0.0866114348,0.0026361162,-0.0281356722
6.4670848846,-0.0098583177,0.0031765783,-0.0064235982,-0.0727158561,-0.0004446285,-0.0260006152
6.4771571159,-0.0079206079,0.0045068627,-0.0073819812,-0.0524159111,-0.0055674855,-0.0185450967
6.4870710373,-0.0088656843,0.0050196340,-0.0103151854,-0.0364414714,-0.0043024840,-0.0100653246
6.4971051216,-0.0098619182,0.0057104370,-0.0093306955,-0.0225629397,-0.0042020828,-0.0111391116
6.5070509911,-0.0137884710,0.0084386850,-0.0123167690,-0.0130336145,0.0044401418,-0.0090770265
6.5170621872,-0.0138923600,0.0083960155,-0.0103451069,0.0007738108,0.0099576786,-0.0006204245
6.5270571709,-0.0129620098,0.0026080916,-0.0064080413,0.0050804080,0.0046651782,0.0015356706
6.5370559692,-0.0100767817,-0.0012348006,-0.0014793335,-0.0023894925,0.0025098822,0.0058025876
6.5470089912,-0.0061462144,-0.0042069880,-0.0004552064,-0.0119576985,0.0002437984,-0.0005503835
6.5571951866,-0.0061509623,-0.0063225692,0.0044478718,-0.0258070659,-0.0020257472,-0.0037143519
6.5686249733,-0.0032663846,-0.0045921998,0.0083768908,-0.0290760975,0.0064902427,-0.0048296838
6.5772371292,0.0005063529,-0.0048410026,0.0123233739,-0.0291376151,0.0150182173,-0.0070078829
6.5871820450,0.0052118064,-0.0050679510,0.0153087322,-0.0227596126,0.0182739310,-0.0070334496
6.5968451500,0.0069639036,-0.0072591966,0.0202329103,-0.0313460454,0.0225134175,-0.0038694809
6.6068658829,0.0087125804,-0.0095630558,0.0212531034,-0.0430993736,0.0214082059,0.0025202415
6.6169090271,0.0105458703,-0.0169792864,0.0183877293,-0.0794141069,0.0222337861,0.0067891558
6.6272182465,0.0094843656,-0.0248285439,0.0213746969,-0.1283408999,0.0057144640,-0.0058182487
6.6371111870,0.0094302744,-0.0165177509,0.0174561087,-0.1635339111,0.0011796334,-0.0036367206
6.6468300819,0.0102863964,-0.0035793306,0.0144869033,-0.1742616445,0.0022835135,0.0101746991
6.6569781303,0.0093036853,0.0006274888,0.0105822627,-0.1497122347,-0.0017085649,0.0208061710
6.6670522690,0.0054024556,0.0002511674,-0.0011579453,-0.1049974933,0.0114900609,0.0238765292
6.6770267487,0.0013418498,0.0012990301,-0.0129197892,-0.0666996390,0.0278091133,0.0226815678
6.6869740486,-0.0038043091,-0.0012420593,-0.0158655103,-0.0539087430,0.0321378186,0.0173326097
6.6970648766,-0.0011780446,-0.0055839131,-0.0148301180,-0.0528048612,0.0278685018,0.0173608400
6.7069797516,-0.0014805177,-0.0051246407,-0.0157936867,-0.0592180230,0.0288876928,0.0173587091
6.7170467377,-0.0046873721,-0.0115464050,-0.0079675969,-0.0687819719,0.0224255342,0.0195289198
6.7269687653,-0.0069262194,-0.0112703778,0.0027888359,-0.0804570019,0.0179783218,0.0100043900
6.7369852066,-0.0061594448,-0.0080910139,0.0037630738,-0.0718892068,0.0158805475,0.0078913048
6.7470102310,-0.0064078788,-0.0048035542,0.0066890065,-0.0580639429,0.0213496163,0.0099709677
6.7569599152,-0.0065958039,-0.0082461899,0.0125734154,-0.0537397638,0.0149644203,0.0089453841
6.7669510841,-0.0067236968,-0.0137357637,0.0165198389,-0.0719113126,0.0138458936,0.0195892397
6.7769527435,-0.0048779626,-0.0203694198,0.0214595143,-0.0974959061,0.0072878595,0.0260249004
6.7870259285,-0.0049084895,-0.0224459842,0.0204948131,-0.1220350638,0.0028864532,0.0335073173
6.7969121933,-0.0049666413,-0.0119851679,0.0126326624,-0.1274082661,0.0029389174,0.0441330634
6.8069219589,-0.0021617345,0.0024499083,0.0057453457,-0.1093200669,0.0063669384,0.0536597222
6.8169422150,-0.0032372100,0.0092697376,-0.0040581878,-0.0784821287,0.0173679236,0.0620650575
6.8270001411,-0.0024374311,0.0134917656,-0.0138475951,-0.0518534519,0.0239957329,0.0630658790
6.8369250298,0.0022138993,0.0169668533,-0.0235920008,-0.0358543769,0.0262434408,0.0619799718
6.8469209671,0.0058654058,0.0185970441,-0.0274775084,-0.0400981233,0.0271885972,0.0513528958
6.8569970131,0.0094752088,0.0163014587,-0.0225430187,-0.0486476682,0.0313330106,0.0438957773
6.8669109344,0.0102291293,0.0109375417,-0.0224915203,-0.0592515767,0.0247928165,0.0386336371
6.8769421577,0.0129029974,0.0045420895,-0.0126746353,-0.0677261576,0.0224654805,0.0237797238
6.8869037628,0.0087660560,0.0009967075,0.0000255050,-0.0644387528,0.0191301368,0.0057384055
6.8969402313,0.0066289245,0.0052155247,-0.0039227065,-0.0548001043,0.0191210825,-0.0038288678
6.9068822861,0.0054673138,0.0076096845,-0.0010051188,-0.0515419953,0.0148166157,-0.0101775769
6.9169330597,0.0015013043,0.0031221292,0.0038642229,-0.0546312556,0.0009010667,-0.0100864973
6.9268860817,-0.0043683113,0.0044485722,0.0008741560,-0.0525103137,0.0009537973,-0.0058387555
6.9369249344,-0.0062515917,0.0010273920,-0.0030322133,-0.0332840234,-0.0052052950,0.0069384258
6.9468979836,-0.0139523866,-0.0041825594,-0.0089376625,-0.0183719210,-0.0029160422,0.0111627318
6.9568738937,-0.0178278927,-0.0053848634,-0.0167803224,-0.0098850932,0.0025146760,0.0132449241
6.9668531418,-0.0139191970,-0.0093495613,-0.0167343672,-0.0087804142,-0.0048947707,0.0207289383
6.9769372940,-0.0119394781,-0.0055385111,-0.0177117642,-0.0108917672,-0.0091563612,0.0239439085
6.9868531227,-0.0089842798,0.0079919826,-0.0197122749,-0.0087250192,-0.0154978801,0.0303578638
6.9968948364,-0.0078821154,0.0118553229,-0.0226591285,0.0029739803,-0.0121582765,0.0356413089
7.0070781708,-0.0087299701,0.0080149248,-0.0236216839,0.0146836340,-0.0078016110,0.0345424898
7.0169267654,-0.0076926067,0.0052871783,-0.0187090691,0.0178847536,-0.0046361778,0.0270840395
7.0268430710,0.0001406942,0.0075391098,-0.0137815531,0.0211463273,-0.0089496998,0.0196729954
7.0368432999,0.0050960719,0.0116875125,-0.0098465737,0.0169095043,-0.0122059472,0.0175717622
7.0466661453,0.0051783477,0.0158086140,-0.0040044840,0.0179713070,-0.0090458393,0.0111761810
7.0568308830,0.0042813276,0.0208892487,-0.0059894975,0.0201068949,-0.0069414102,0.0047843279
7.0668611526,0.0063213981,0.0191772208,-0.0001013933,0.0212930664,-0.0156097338,-0.0100337667
7.0768079758,0.0103732515,0.0232949574,0.0028254928,0.0202902537,-0.0199687947,-0.0185022186
7.0867581367,0.0096182851,0.0215137042,0.0018610301,0.0171003193,-0.0210713446,-0.0195552334
7.0968198776,0.0079353666,0.0196857713,0.0008655729,0.0139529947,-0.0254232157,-0.0259002149
7.1068429947,0.0062720026,0.0119836796,0.0038220228,0.0043775993,-0.0255790092,-0.0354540385
7.1168150902,0.0016848745,0.0050917189,0.0057561342,-0.0062558698,-0.0289044995,-0.0396743491
7.1267910004,0.0000564589,0.0001117133,0.0038140954,-0.0084045092,-0.0288847927,-0.0354234129
7.1368041039,-0.0006290430,-0.0049063559,0.0028490962,-0.0073992983,-0.0234836359,-0.0290822927
7.1468257904,-0.0062546874,-0.0069620488,0.0028001012,0.0010892618,-0.0201480258,-0.0216731131
7.1567592621,-0.0070039420,-0.0128680374,0.0018511952,-0.0000218097,-0.0200433638,-0.0089264251
7.1667871475,-0.0058550849,-0.0099868011,0.0008563342,-0.0021736436,-0.0221067816,0.0017123711
7.1768207550,-0.0018318424,-0.0070404117,0.0037986578,0.0030625304,-0.0155271748,0.0165399201
7.1867742538,0.0002397003,-0.0108783618,0.0067723934,0.0093848752,-0.0100344056,0.0281861890
7.1968359947,0.0032672251,-0.0146570811,0.0029109658,0.0157535598,-0.0046620104,0.0260234363
7.2068490982,0.0013298283,-0.0164724998,0.0058249775,0.0114765223,-0.0004925655,0.0175002571
7.2167949677,-0.0026312468,-0.0134790977,0.0077326242,0.0071896310,0.0037008480,0.0110988151
7.2267570496,-0.0065755206,-0.0114781093,0.0037813724,0.0093257530,0.0068511013,0.0025777656
7.2368321419,-0.0076283677,-0.0055044205,0.0027748884,0.0125681516,0.0057272473,-0.0059126578
7.2469491959,-0.0096738823,-0.0014149583,0.0086039845,0.0179522652,0.0025080182,-0.0122698899
7.2567939758,-0.0087086447,-0.0001669893,0.0095800702,0.0328816772,0.0016134623,-0.0059022717
7.2669467926,-0.0077303569,0.0021790988,0.0076260511,0.0446477905,-0.0025434657,-0.0026963586
7.2768001556,-0.0048118080,0.0036777772,0.0095928852,0.0510134101,0.0007455382,0.0015288794
7.2869739532,-0.0018319839,-0.0005999864,0.0106131975,0.0542334393,-0.0034593269,0.0068658544
7.2966928482,0.0049785939,0.0019393056,0.0116488282,0.0466989577,0.0008299602,0.0153425634
7.3068280220,0.0078918301,0.0053217416,0.0096939150,0.0402823389,0.0018582067,0.0164027680
7.3188199997,0.0098187476,0.0056723398,0.0058020297,0.0295384806,0.0092777731,0.0184854940
7.3268852234,0.0078267250,0.0000303276,0.0067942087,0.0156745948,0.0080926670,0.0174404681
7.3373632431,0.0067982846,-0.0067288377,0.0087788049,0.0018065842,0.0079648355,0.0153273828
7.3473167419,0.0047989381,-0.0068222410,0.0068118516,-0.0152541576,0.0056952890,0.0153540149
7.3573198318,0.0047628456,-0.0021718349,0.0019000710,-0.0216538664,0.0045874142,0.0164274015
7.3671379089,0.0027420672,-0.0004965141,-0.0010579287,-0.0259671230,0.0078058443,0.0217215009
7.3764972687,-0.0012229977,-0.0007799636,-0.0020627438,-0.0227450989,0.0067333896,0.0185396876
7.3867111206,-0.0032477097,-0.0000040322,-0.0020913540,-0.0120676858,0.0068068933,0.0174693633
7.3965950012,-0.0043626870,0.0028448980,-0.0021046458,0.0017852793,0.0090671172,0.0195711311
7.4065122604,-0.0044610421,0.0039079548,-0.0060247239,0.0188548099,0.0102679366,0.0195514224
7.4165658951,-0.0045332438,0.0011866898,-0.0108914431,0.0263280384,0.0113654258,0.0152859697
7.4265298843,-0.0065862280,0.0014306218,-0.0148120578,0.0263786390,0.0080958623,0.0078703985
7.4365291595,-0.0037302298,0.0016754060,-0.0167346057,0.0178816915,0.0037365342,0.0057799499
7.4464902878,-0.0027042476,-0.0021054400,-0.0167201813,0.0051973206,-0.0081909653,-0.0026329751
7.4565382004,-0.0025709213,-0.0040444317,-0.0147539433,-0.0042924546,-0.0179826096,-0.0142495511
7.4664859772,-0.0053038797,-0.0021720934,-0.0128343757,-0.0074403118,-0.0233781729,-0.0173995383
7.4765291214,-0.0070001665,0.0006756885,-0.0138454493,-0.0031294515,-0.0286813267,-0.0163049772
7.4864850044,-0.0037709733,-0.0002735523,-0.0157727655,0.0054025170,-0.0265049916,-0.0195122249
7.4964828491,-0.0064872741,0.0017339713,-0.0099484380,0.0075116078,-0.0232836325,-0.0195339285
7.5065159798,-0.0053373179,0.0009569884,0.0027575435,0.0181911495,-0.0263529252,-0.0131471353
7.5164499283,-0.0031733287,0.0012137573,0.0086270515,0.0223771073,-0.0240098760,0.0070199184
7.5265130997,0.0029382354,0.0043601491,0.0008395257,0.0191488229,-0.0229206420,0.0123270657
7.5364508629,0.0070149903,0.0123758400,0.0027873458,0.0181520022,-0.0283428393,0.0038627407
7.5466728210,0.0061458726,0.0292123873,0.0105022136,0.0266349688,-0.0218553785,0.0048771389
7.5566320419,0.0082703400,0.0393033661,-0.0041818675,0.0520577691,-0.0096434532,0.0355919078
7.5666780472,0.0064766132,0.0251697022,-0.0070699509,0.0594469756,0.0000419311,0.0365863331
7.5766129494,0.0046188296,0.0091172047,0.0037447156,0.0424476191,-0.0023887362,0.0174900033
7.5866389275,0.0046465867,0.0055671018,0.0076634828,0.0232779197,-0.0036966146,0.0068879584
7.5966100693,0.0036966114,0.0105768861,0.0047011916,0.0126375267,-0.0049123475,-0.0005329396
7.6066670418,-0.0001559609,0.0135878408,0.0027004422,0.0127123622,-0.0082452931,-0.0153848566
7.6165771484,-0.0049319039,0.0107508730,0.0016908587,0.0191345736,-0.0082442285,-0.0217665881
7.6265511513,-0.0077912896,0.0069884276,-0.0002639947,0.0212339442,-0.0018606314,-0.0271214060
7.6366453171,-0.0106001627,-0.0046275100,0.0007415952,0.0149142630,-0.0094503742,-0.0334397554
7.6465759277,-0.0114674158,-0.0094119143,0.0036841573,0.0096366769,-0.0138299428,-0.0408444107
7.6566200256,-0.0113451499,-0.0093302326,0.0075872485,0.0053778826,-0.0149378171,-0.0418980867
7.6665768623,-0.0112139788,-0.0092631085,0.0036781968,0.0117140757,-0.0094812671,-0.0345011577
7.6766009331,-0.0111023933,-0.0149562042,0.0125098769,0.0138509963,-0.0105159050,-0.0323708951
7.6865630150,-0.0090734176,-0.0217104796,0.0135310832,0.0009053703,0.0043834159,-0.0282089096
7.6966280937,-0.0051736753,-0.0276555754,0.0165233556,-0.0225568116,0.0031032346,-0.0313700810
7.7065329552,-0.0022825280,-0.0318499245,0.0243849698,-0.0460778512,0.0051133884,-0.0249923430
7.7166161537,-0.0024238748,-0.0264829546,0.0312109534,-0.0610758439,0.0093219820,-0.0196991768
7.7265491486,-0.0026316734,-0.0074701076,0.0320855901,-0.0429242700,0.0042182999,-0.0079924539
7.7366237640,0.0002140405,0.0088752760,0.0193310324,0.0007604947,0.0089459438,0.0057591777
7.7465310097,0.0009951817,0.0247044954,0.0055837575,0.0464901663,0.0264730044,0.0141127147
7.7566022873,-0.0021612400,0.0291112419,-0.0032509028,0.0625141412,0.0244727060,0.0162416473
7.7665061951,0.0015552475,0.0258723516,-0.0022298156,0.0561433285,0.0191067010,0.0194680654
7.7765941620,0.0063667861,0.0215699896,-0.0051012691,0.0454965420,0.0105861854,0.0322778672
7.7864689827,0.0141537599,0.0162143707,-0.0118481573,0.0390871093,0.0095041413,0.0365389287
7.7965779305,0.0150581300,0.0166225992,-0.0138036069,0.0380396880,0.0115348017,0.0248396620
7.8065052032,0.0129870046,0.0188972726,-0.0236009415,0.0348175317,0.0188824628,0.0120455697
7.8165111542,0.0108165890,0.0230690446,-0.0285136756,0.0305439569,0.0240876116,-0.0007354730
7.8265671730,0.0066568838,0.0204126984,-0.0207148250,0.0295007974,0.0240159724,-0.0081710191
7.8365030289,0.0074152001,0.0119048357,-0.0157694276,0.0295069218,0.0260932371,-0.0145559469
7.8465590477,0.0072804042,-0.0033975998,-0.0127624925,0.0306632668,0.0206401497,-0.0283324793
7.8564891815,0.0013014788,-0.0197750069,-0.0039421972,0.0211608410,0.0150634907,-0.0474148281
7.8665542603,-0.0055921539,-0.0265710875,0.0009262504,-0.0021540690,0.0018941592,-0.0664361864
7.8764810562,-0.0104863402,-0.0266956184,-0.0020479022,-0.0074202036,-0.0035615924,-0.0748970509
7.8865308762,-0.0144489612,-0.0248996429,0.0028064789,-0.0181396939,0.0006579200,-0.0717297494
7.8964800835,-0.0165265352,-0.0212132633,0.0125451628,-0.0245997235,0.0028454403,-0.0600531213
7.9065361023,-0.0166360214,-0.0233515296,0.0213532988,-0.0151361814,0.0116597051,-0.0378066748
7.9164562225,-0.0168519188,-0.0224728882,0.0223343316,-0.0067891683,0.0258239936,-0.0134676462
7.9265260696,-0.0161827244,-0.0244205408,0.0311432425,-0.0004116958,0.0196694285,0.0110028088
7.9364528656,-0.0114382245,-0.0263277739,0.0194729511,0.0037726630,0.0199261550,0.0375593193
7.9464492798,-0.0077028745,-0.0262564365,0.0185289327,-0.0015533930,0.0156733543,0.0450273566
7.9564781189,-0.0019334655,-0.0195055343,0.0068123285,-0.0206973925,0.0059304461,0.0472256616
7.9664411545,-0.0019521432,-0.0101031261,0.0009105148,-0.0526175089,-0.0050407122,0.0430695340
7.9763851166,0.0000643556,0.0020122863,0.0037977637,-0.0706069022,-0.0233675204,0.0410761572
7.9864683151,0.0042067287,0.0120537765,-0.0040432867,-0.0652922913,-0.0243134759,0.0506401025
7.9964270592,0.0064210021,0.0164151192,-0.0118708070,-0.0386300571,-0.0219552480,0.0527328104
8.0064420700,0.0066240770,0.0201002508,-0.0196999963,-0.0066755833,-0.0089824572,0.0409400687
8.0163898468,0.0056550992,0.0250406191,-0.0216849502,0.0135549856,0.0017623331,0.0291698277
8.0264835358,0.0095242262,0.0282439925,-0.0206950363,0.0231681988,0.0039107050,0.0217124447
8.0362577438,0.0152919348,0.0285751913,-0.0255333837,0.0359505713,0.0124440053,0.0078360438
8.0464763641,0.0151120666,0.0299813598,-0.0226049479,0.0444766805,0.0198643710,-0.0070915064
8.0564193726,0.0130092334,0.0217049308,-0.0176931079,0.0551612861,0.0230577663,-0.0177412219
8.0664529800,0.0089066708,0.0124678193,-0.0147497114,0.0562838092,0.0250133257,-0.0400649011
8.0764436722,0.0057151807,0.0100954799,-0.0049861129,0.0478799380,0.0193634313,-0.0687090605
8.0864591599,0.0016026555,0.0094984798,-0.0001353083,0.0341223106,0.0126717063,-0.0888414979
8.0963697433,0.0004774753,0.0107094655,0.0076763574,0.0118128788,0.0017644633,-0.0940664858
8.1064510345,-0.0015017071,0.0058468347,0.0164657179,-0.0052582501,-0.0004779183,-0.0908528492
8.1165189743,-0.0064232140,-0.0099447044,0.0253046099,-0.0257324986,0.0166051965,-0.0739488304
8.1264419556,-0.0124210753,-0.0317712761,0.0439430401,-0.0450236388,0.0177064128,-0.0526946783
8.1363754272,-0.0125969555,-0.0429614373,0.0508484170,-0.0430473089,0.0275470577,-0.0293904208
8.1464338303,-0.0139616802,-0.0404337272,0.0498506948,-0.0336607322,0.0428370684,0.0002508285
8.1566543579,-0.0163419116,-0.0368021950,0.0537345931,-0.0218866281,0.0313402005,0.0205044337
8.1663637161,-0.0137227764,-0.0233822875,0.0361011550,-0.0091175698,0.0304973070,0.0353744626
8.1763448715,-0.0101707391,0.0008891802,0.0145294014,0.0058535240,0.0232210197,0.0460357592
8.1864919662,-0.0094759697,0.0176044740,0.0095561091,0.0261334963,0.0139676007,0.0705166012
8.1963748932,-0.0075100209,0.0120557537,-0.0050488766,0.0463161282,0.0154267466,0.0981161371
8.2063388824,-0.0024694947,-0.0118863974,-0.0185719784,0.0356882513,0.0068577584,0.1056158692
8.2163791656,-0.0003112077,-0.0243894551,-0.0292409118,-0.0036000321,-0.0075808349,0.0770500004
8.2263298035,0.0047013643,-0.0158443041,-0.0419508889,-0.0504192039,-0.0146009270,0.0484436564
8.2364025116,0.0087008663,0.0030825073,-0.0478830412,-0.0780962408,-0.0212878585,0.0410679020
8.2463207245,0.0108476486,0.0169345569,-0.0586823300,-0.0749238804,-0.0180478562,0.0421070680
8.2563877106,0.0079824897,0.0260549933,-0.0567867234,-0.0471821278,-0.0083923005,0.0218424071
8.2662820816,0.0001570315,0.0277485251,-0.0422130898,-0.0033539562,-0.0019493147,-0.0143512832
8.2762908936,-0.0038280941,0.0230244137,-0.0334243849,0.0360740088,0.0142120793,-0.0357344709
8.2863750458,-0.0069891666,0.0216520894,-0.0178017076,0.0617274418,0.0174534116,-0.0548964478
8.2963066101,-0.0111187790,0.0223931447,0.0007177534,0.0661537498,0.0034824684,-0.0675567165
8.3063421249,-0.0111450134,0.0220980737,0.0085386578,0.0567186996,-0.0116807716,-0.0823252723
8.3162889481,-0.0110475980,0.0285599455,0.0182805602,0.0537119955,-0.0299937334,-0.0960144550
8.3263530731,-0.0078771235,0.0398738720,0.0153095666,0.0622831136,-0.0362857133,-0.0896052942
8.3362789154,-0.0065404163,0.0268673934,0.0104767624,0.0727213696,-0.0104892738,-0.0823436454
8.3462905884,-0.0112343365,-0.0056442562,0.0223248545,0.0565346777,0.0107614202,-0.0824701488
8.3562707901,-0.0132663483,-0.0356278196,0.0185564104,0.0038582832,0.0531637371,-0.0763356909
8.3662433624,-0.0128657166,-0.0535423867,0.0440676734,-0.0997434780,0.0556687079,-0.0645932853
8.3762798309,-0.0056863320,-0.0537893996,0.0715106055,-0.1710864902,0.0337498263,-0.0633388013
8.3862762451,0.0082749752,-0.0124602551,0.0802302286,-0.1667221040,0.0230774749,-0.0653974265
8.3962583542,0.0162710678,0.0547606647,0.0848668143,-0.0526021980,0.0262927096,-0.0421229936
8.4062871933,0.0117394729,0.1006976813,0.0513771102,0.1133399010,0.0719507411,0.0222709104
8.4162492752,-0.0015109151,0.0788171366,0.0318391249,0.2250158340,0.1000082120,0.0772545338
8.4262313843,-0.0076966095,0.0058718529,0.0174947921,0.2206735462,0.1001653373,0.0995667651
8.4364061356,-0.0002114249,-0.0499564223,-0.0026937781,0.1280458719,0.0758248419,0.0870413855
8.4462337494,0.0092686862,-0.0727740005,-0.0249761995,-0.0082773417,0.0436482653,0.0724717602
8.4563064575,0.0109918555,-0.0627097860,-0.0425891951,-0.1179284751,0.0106652798,0.0642623082
8.4662294388,0.0090104584,-0.0408365168,-0.0593085364,-0.1645468473,-0.0240692645,0.0443346649
8.4762659073,0.0072259442,-0.0190972798,-0.0711472109,-0.1313197762,-0.0294022448,0.0156618766
8.4862203598,0.0024069299,0.0060650250,-0.0849917009,-0.0545736030,-0.0097065708,-0.0004553085
8.4962968826,0.0023638254,0.0136145819,-0.0801370218,0.0222649872,0.0013801695,-0.0239555743
8.5062294006,0.0051542786,0.0103627834,-0.0595883802,0.0767167807,0.0090830969,-0.0474161580
8.5164842606,0.0030681456,0.0015967302,-0.0380674675,0.0832013115,0.0026504972,-0.0548125580
8.5261898041,0.0011116241,-0.0092563229,-0.0194610413,0.0427806489,-0.0126706678,-0.0599969327
8.5362348557,-0.0026021635,-0.0167858377,-0.0008958040,-0.0146333752,-0.0367136858,-0.0704274699
8.5461797714,-0.0022574577,-0.0062462846,0.0146822874,-0.0452898219,-0.0670132712,-0.0861454457
8.5562515259,-0.0027487266,0.0109784035,0.0263075773,-0.0302572101,-0.0723571703,-0.0988664329
8.5661735535,-0.0090624057,0.0186920352,0.0359761640,0.0112580098,-0.0529158264,-0.1128325835
8.5762424469,-0.0194463208,0.0072457474,0.0476729199,0.0419312343,-0.0132491067,-0.1269233674
8.5862045288,-0.0282377452,-0.0118513322,0.0584414527,0.0415464044,0.0327242464,-0.1250964403
8.5961570740,-0.0296981577,-0.0310633555,0.0624417588,0.0068904255,0.0839608014,-0.1020331979
8.6061906815,-0.0239225421,-0.0351370163,0.0820779726,-0.0776697323,0.1017033160,-0.0755294189
8.6161108017,-0.0096745780,-0.0204145014,0.1095057651,-0.1503818929,0.1088011712,-0.0542753972
8.6262159348,0.0111662652,0.0310928486,0.1260697842,-0.1291048378,0.1081058159,-0.0298507474
8.6361379623,0.0241557825,0.0910222381,0.1190648004,0.0081140148,0.1459687799,0.0239901133
8.6462106705,0.0165515561,0.1006032228,0.1101689860,0.1697354019,0.1990477145,0.0851517394
8.6561355591,0.0032447774,0.0461221896,0.1054503247,0.2666194737,0.2224092335,0.1040536538
8.6661672592,-0.0004292565,-0.0187485851,0.0910894796,0.2259378135,0.2454173416,0.0816226527
8.6761293411,0.0025627075,-0.0709371492,0.0864853188,0.0576685183,0.2138394415,0.0405097045
8.6861915588,0.0079459269,-0.1056731269,0.0740065500,-0.1764726043,0.1401649565,0.0114040133
8.6961240768,0.0127327573,-0.1055135280,0.0730956718,-0.3743589222,0.0710511208,-0.0166922025
8.7061853409,0.0149008241,-0.0764933825,0.0769076273,-0.4518494606,0.0285417493,-0.0429222062
8.7161502838,0.0123776672,-0.0428014882,0.0708613917,-0.3984585404,0.0351743512,-0.0653115362
8.7261228561,0.0086841136,-0.0237817205,0.0736592337,-0.2781158984,0.0870167762,-0.1114145815
8.7361164093,0.0015117361,-0.0201030690,0.0794480965,-0.1558851749,0.1667097360,-0.1523885131
8.7461652756,-0.0004680508,-0.0251527820,0.0794431493,-0.0773999542,0.2366068065,-0.1741444021
8.7560911179,0.0036816851,-0.0295614302,0.0882765576,-0.0458596051,0.2945837975,-0.1724176109
8.7659473419,0.0082251504,-0.0269670617,0.0912199542,-0.0325163677,0.3483719230,-0.1440911740
8.7759170532,0.0053090309,-0.0203744490,0.0872132704,-0.0055686403,0.4291213751,-0.1000131890
8.7861347198,-0.0071564089,-0.0135275135,0.0782143399,0.0332265571,0.4981803596,-0.0590557717
8.7961473465,-0.0239562821,-0.0120240413,0.0867776200,0.0896285847,0.5084734559,-0.0315405242
8.8060770035,-0.0242639650,0.0009007426,0.0797491595,0.1577383876,0.5168541670,0.0119156074
8.8161334991,-0.0206413139,0.0155252470,0.0590494201,0.2290790230,0.5189103484,0.0628473610
8.8261432648,-0.0235640462,0.0110984771,0.0324941799,0.2569159567,0.4927600324,0.1044307575
8.8361358643,-0.0221693572,-0.0050703185,0.0060139839,0.2122494280,0.4606124759,0.1354805529
8.8460512161,-0.0165530313,-0.0189832170,-0.0165324267,0.1154858768,0.4128825068,0.1411695927
8.8560972214,-0.0095552672,-0.0211767815,-0.0322862938,0.0177016612,0.3650231063,0.1330508143
8.8660507202,-0.0023408697,-0.0047377539,-0.0510478094,-0.0579318441,0.3431257904,0.1406823695
8.8760862350,0.0031220748,0.0092761312,-0.0600524023,-0.0844470784,0.3173780739,0.1536168158
8.8860902786,0.0097538438,0.0212565660,-0.0690250471,-0.0747395903,0.3130054474,0.1334529519
8.8960618973,0.0142816287,0.0403659455,-0.0624306276,-0.0415655263,0.3151322305,0.1026086286
8.9060726166,0.0207269993,0.0568707287,-0.0528902486,-0.0095133157,0.3215749562,0.0770470798
8.9160327911,0.0282568913,0.0571089573,-0.0364171937,0.0109027438,0.3140536547,0.0526410677
8.9260654449,0.0300611760,0.0515022241,-0.0190010723,-0.0007009162,0.3062825501,0.0293269567
8.9360446930,0.0298883300,0.0407986455,-0.0015822707,-0.0242492519,0.3240527511,0.0047972444
8.9460554123,0.0227588471,0.0208726097,-0.0115775522,-0.0427142791,0.3718059063,-0.0188721325
8.9560508728,0.0035308881,0.0045183725,-0.0158763584,-0.0748117566,0.3863957822,-0.0338188559
8.9660482407,-0.0021766739,0.0017395050,-0.0044969972,-0.0841951370,0.3595942557,-0.0347008966
8.9760093689,0.0050266297,0.0225339197,-0.0155804809,-0.0414207801,0.3356654942,0.0026057286
8.9860200882,0.0171943288,0.0449309237,-0.0286060032,0.0246229507,0.3344382942,0.0493127815
8.9960327148,0.0110492315,0.0424645431,-0.0436151102,0.0800402686,0.3371890783,0.0715694800
9.0060119629,-0.0036702768,0.0187662132,-0.0625096038,0.0844272971,0.3254117668,0.0652684420
9.0161170959,-0.0123568345,-0.0060407906,-0.0686305240,0.0314311907,0.2884657383,0.0421711132
9.0259866714,-0.0110759083,-0.0109255332,-0.0649598911,-0.0482090488,0.2407501489,0.0340370201
9.0360164642,-0.0005425529,-0.0106475381,-0.0660860613,-0.1193667054,0.1942947656,0.0407629684
9.0460119247,0.0035753532,-0.0070983912,-0.0682036355,-0.1595679224,0.1543476135,0.0304261744
9.0559597015,-0.0027621628,-0.0029354882,-0.0694217160,-0.1689530313,0.1390525550,-0.0002794068
9.0660142899,-0.0120126475,0.0070932410,-0.0687296465,-0.1432279646,0.1368778199,-0.0279054418
9.0759992599,-0.0154571403,0.0145661803,-0.0631005839,-0.1112173051,0.1434313208,-0.0396531783
9.0859956741,-0.0150259901,0.0165826753,-0.0495911315,-0.0781283304,0.1457794309,-0.0450034700
9.0959577560,-0.0116530526,0.0208751429,-0.0438965037,-0.0450606570,0.1481829286,-0.0439802818
9.1059532166,-0.0111612547,0.0176658984,-0.0401425436,-0.0119692814,0.1452960521,-0.0365479328
9.1159658432,-0.0086481441,0.0147567093,-0.0412543491,0.0136291543,0.1424044073,-0.0238021761
9.1259574890,-0.0089823622,0.0071249753,-0.0482240394,0.0328513198,0.1393921077,-0.0184841100
9.1359405518,-0.0132011343,0.0045257555,-0.0591595843,0.0487618446,0.1471003443,-0.0057938811
9.1459550858,-0.0146979112,0.0020180168,-0.0759706572,0.0495309643,0.1792609543,0.0046209428
9.1559743881,-0.0184649248,-0.0004892028,-0.0752389506,0.0356078222,0.1876419187,-0.0028613415
9.1659584045,-0.0125700403,0.0038624858,-0.0646798685,0.0346421599,0.1769101769,-0.0070406403
9.1759309769,-0.0008637027,0.0180777069,-0.0482698157,0.0442741476,0.1685521305,0.0068180505
9.1859912872,0.0112602543,0.0266773906,-0.0395861343,0.0916376710,0.1134955212,0.0252026506
9.1959838867,0.0270134043,0.0339902304,-0.0415423587,0.1731924415,0.0565209202,0.0382635929
9.2059621811,0.0315113515,0.0379462689,-0.0767797902,0.2436176091,0.0602629259,0.0371277556
9.2159013748,0.0175051969,0.0226995498,-0.1013226584,0.2554580271,0.0611407049,0.0041801897
9.2259683609,0.0046574310,-0.0064244149,-0.1101474240,0.1949573904,0.0336350426,-0.0327828899
9.2358951569,0.0018125458,-0.0305287912,-0.1081272438,0.0705285221,-0.0166283920,-0.0483057909
9.2459239960,0.0111559313,-0.0412206836,-0.1079198197,-0.0634564459,-0.0838300660,-0.0360901356
9.2557106018,0.0181475859,-0.0442873016,-0.1067282632,-0.1612644941,-0.1420851052,-0.0101458859
9.2659521103,0.0187435728,-0.0403253548,-0.1104310229,-0.2101143152,-0.1786748171,0.0049989787
9.2759599686,0.0077583627,-0.0298398715,-0.1083876565,-0.2111274004,-0.1830091178,-0.0013481332
9.2859468460,-0.0052484884,-0.0181689318,-0.1005134657,-0.1717182100,-0.1720254421,-0.0025092713
9.2956886292,-0.0125032384,-0.0127754100,-0.0886799768,-0.1141933799,-0.1597772837,0.0026825608
9.3059234619,-0.0091685373,-0.0047025289,-0.0679801777,-0.0555598997,-0.1549487114,0.0142966071
9.3159027100,-0.0029475854,-0.0010340852,-0.0482255295,-0.0300790425,-0.1439360231,0.0290806126
9.3258934021,0.0014011397,-0.0069871177,-0.0254930314,-0.0235159490,-0.1673079133,0.0398515016
9.3358068466,0.0061407522,-0.0177221950,-0.0046588238,-0.0093866820,-0.2002797127,0.0464312434
9.3458805084,0.0061776401,-0.0225956738,-0.0005042611,-0.0030560819,-0.1916713119,0.0474333912
9.3558759689,-0.0009034516,-0.0197139382,-0.0023221432,0.0019583842,-0.1437280178,0.0248090345
9.3658456802,-0.0125440452,-0.0208385531,-0.0042585786,-0.0199780762,-0.0607860014,-0.0054604532
9.3759002686,-0.0200955365,-0.0192914046,0.0250287596,-0.0766791701,-0.0368314013,-0.0268203355
9.3858623505,-0.0073514967,-0.0111957239,0.0788828060,-0.1256632209,-0.0521552302,-0.0245619752
9.3959016800,0.0163991209,0.0153181246,0.1151943728,-0.0954885408,-0.1018287763,0.0129185533
9.4058923721,0.0399246663,0.0453886576,0.1144052073,0.0233566165,-0.1625182331,0.0578495413
9.4160432816,0.0453360155,0.0697502941,0.0861635134,0.1650813818,-0.1409282386,0.0788558871
9.4258460999,0.0252598580,0.0678725764,0.0519398972,0.2801214457,-0.1007201001,0.0519550368
9.4358425140,0.0041669146,0.0374831185,0.0217392985,0.3228264153,-0.0857709795,0.0125238737
9.4458360672,0.0034695475,0.0090939896,-0.0044164713,0.2578040063,-0.0896437466,-0.0065286476
9.4560327530,0.0144714620,-0.0123814968,-0.0109475907,0.1182499677,-0.1228155494,-0.0094025973
9.4658679962,0.0237689298,-0.0245723706,-0.0077402648,-0.0308755934,-0.1645195782,-0.0015912798
9.4758548737,0.0342663899,-0.0204853043,-0.0114017185,-0.1257674992,-0.1916774362,0.0326449871
9.4858560562,0.0332655832,-0.0211251881,-0.0297791418,-0.1674851179,-0.1844458878,0.0411263555
9.4959621429,0.0164620113,-0.0211249925,-0.0317060426,-0.1769819409,-0.1837609261,0.0050080335
9.5057945251,0.0016133694,-0.0141823869,-0.0219245013,-0.1565080881,-0.1935214102,-0.0300018825
9.5158081055,0.0033693148,0.0047868495,-0.0316025689,-0.1203147918,-0.1825286746,-0.0279769488
9.5258045197,0.0040077851,0.0202482194,-0.0422660187,-0.0853118002,-0.1586718112,-0.0196569674
9.5358238220,-0.0043649017,0.0176398717,-0.0373053029,-0.0396512449,-0.1294588000,-0.0188126117
9.5457658768,-0.0099767316,0.0106914081,-0.0274507459,0.0147403590,-0.1247356832,-0.0156940483
9.5558300018,-0.0107024405,-0.0035037422,-0.0233717021,0.0615841635,-0.1125517190,-0.0083696907
9.5658102036,-0.0125102494,-0.0163527969,-0.0193193611,0.0956585109,-0.1047521234,-0.0020697166
9.5758304596,-0.0184419025,-0.0270388406,-0.0172733124,0.1134163365,-0.0575832799,-0.0013233658
9.5858163834,-0.0327551439,-0.0369159840,-0.0231912788,0.0798200294,0.0104144104,-0.0187391080
9.5958099365,-0.0459395722,-0.0384746194,0.0089263264,-0.0090046506,0.0542540364,-0.0614572763
9.6058053970,-0.0411444977,-0.0174555331,0.0576655194,-0.1157595888,0.0660177469,-0.0890811831
9.6158027649,-0.0138780419,0.0244672168,0.1055238768,-0.1398630738,-0.0001769810,-0.0588894561
9.6256999969,0.0222173166,0.0560832210,0.1330599785,-0.0477099717,-0.0725571662,0.0180077218
9.6357574463,0.0405665189,0.0769620985,0.1380829215,0.0923434049,-0.1253972203,0.0862436369
9.6457548141,0.0335482061,0.0678570420,0.0883636996,0.2748810053,-0.1313397884,0.1010281742
9.6557426453,0.0030068813,0.0404578522,0.0091751162,0.3907467425,-0.0580714382,0.0654162541
9.6657447815,-0.0261395145,0.0020668106,-0.0230693873,0.3749558032,-0.0598163418,0.0006327259
9.6757421494,-0.0220036004,-0.0280993097,-0.0404319838,0.2291169763,-0.1017158553,-0.0170529280
9.6857366562,-0.0049501597,-0.0365435444,-0.0606733635,0.0330180340,-0.1489909589,0.0067631896
9.6957340240,0.0095580425,-0.0341098197,-0.0623620227,-0.1405119449,-0.2268237025,0.0605044477
9.7057285309,0.0267508607,-0.0351803377,-0.0874278620,-0.2513606846,-0.2636567950,0.1033163592
9.7157087326,0.0235893410,-0.0341819264,-0.0950504616,-0.2958197892,-0.2953002155,0.0684960634
9.7257299423,0.0177461188,-0.0165642109,-0.0842033103,-0.2621987164,-0.3403563797,0.0188323688
9.7357149124,0.0247599166,0.0222773049,-0.0948584750,-0.1448230594,-0.3278461993,0.0006086244
9.7456951141,0.0254519787,0.0536621734,-0.1055702642,-0.0122170886,-0.2326485664,0.0137097798
9.7556762695,0.0098655280,0.0539518557,-0.1026352718,0.0877019167,-0.1753613204,-0.0026695938
9.7656631470,-0.0029339360,0.0249756090,-0.0858878568,0.1623045206,-0.1546134353,-0.0187921040
9.7756881714,-0.0034495981,0.0012287996,-0.0974252895,0.1691982448,-0.0840236768,-0.0192526989
9.7856845856,-0.0146002490,-0.0196363740,-0.0749082044,0.1409516931,-0.0212468468,-0.0270767994
9.7956790924,-0.0244899709,-0.0311826505,-0.0387850478,0.0690776333,0.0209674519,-0.0251757018
9.8056840897,-0.0279014353,-0.0373615958,0.0256990734,0.0094614411,0.0033602293,-0.0303318463
9.8156700134,-0.0163602550,-0.0183947217,0.0843594000,0.0122357896,-0.0694061220,-0.0426102169
9.8256673813,0.0016357063,0.0379955694,0.1057836935,0.1162127927,-0.1241338104,-0.0370159820
9.8356466293,0.0055863918,0.0905200318,0.0919548795,0.2572396994,-0.1526674628,-0.0018715777
9.8456583023,-0.0052558421,0.0915427804,0.0616269633,0.3885329962,-0.1673478484,0.0374404080
9.8556518555,-0.0234909076,0.0465526842,0.0070180241,0.4385422468,-0.1466756165,0.0351483598
9.8656902313,-0.0388693251,-0.0139775025,-0.0054915603,0.3578101099,-0.1786492616,-0.0060211821
9.8757677078,-0.0326123312,-0.0542265028,-0.0061646756,0.1672197729,-0.2252859920,-0.0374570005
9.8856210709,-0.0203479845,-0.0574695803,-0.0088603552,-0.0416500792,-0.2706676126,-0.0306425057
9.8956470490,-0.0097747240,-0.0352519713,-0.0126361903,-0.2015252262,-0.3185331225,0.0154586770
9.9056329727,0.0012605211,-0.0164443012,-0.0427451208,-0.2976243198,-0.3275543153,0.0474560224
9.9156265259,-0.0022927204,-0.0041149193,-0.0397229269,-0.3174662292,-0.3675491214,0.0137353446
9.9256076813,0.0042442852,0.0172478966,-0.0356867984,-0.2562694550,-0.3983342052,-0.0169171058
9.9356184006,0.0178341400,0.0455695838,-0.0511974767,-0.1111347452,-0.3929468989,-0.0181151293
9.9456281662,0.0300867911,0.0638334826,-0.0559735969,0.0365569741,-0.3136917651,-0.0081083011
9.9555959702,0.0278746057,0.0618301593,-0.0578650907,0.1372725219,-0.2169939876,-0.0406772979
9.9656057358,0.0230048969,0.0313050188,-0.0430774763,0.1742143035,-0.1486868262,-0.0857664794
9.9756126404,0.0283116810,0.0076344842,-0.0360623673,0.1398045272,-0.1158718839,-0.0923310369
9.9855976105,0.0361072868,0.0011625206,-0.0105542596,0.0959886089,-0.1097980142,-0.0923398212
9.9955930710,0.0418739021,0.0081301639,0.0217170063,0.0981601477,-0.1161512583,-0.0869868770
10.0055704117,0.0387232155,0.0356307365,0.0362186357,0.1385576427,-0.0955407843,-0.0882111266
10.0155210495,0.0198156051,0.0577357858,0.0554773733,0.2121724784,-0.0854676440,-0.1021402553
10.0256996155,0.0020219686,0.0678100958,0.0591658279,0.2848184407,-0.0913457721,-0.1053400412
10.0355854034,-0.0065127178,0.0520328693,0.0346983001,0.3201089203,-0.1058882326,-0.0882733092
10.0455703735,-0.0147613958,0.0168098938,0.0161746088,0.2829509079,-0.1338916272,-0.0795666352
10.0555667877,-0.0206676312,-0.0209860727,0.0123678390,0.1842710674,-0.1978956461,-0.1003303677
10.0655632019,-0.0203825887,-0.0334885754,0.0036261620,0.0682600439,-0.2341812253,-0.1138251424
10.0755701065,-0.0191369746,-0.0196561627,0.0006549301,-0.0170876123,-0.2495966703,-0.0892300531
10.0855655670,-0.0155933090,-0.0124771697,-0.0061663445,-0.0894891024,-0.2882790864,-0.0474953875
10.0955619812,-0.0057887961,-0.0167862922,-0.0265331920,-0.1534826010,-0.2972712219,-0.0410173833
10.1055564880,-0.0038007011,-0.0205364302,-0.0127586182,-0.1894834787,-0.3234096169,-0.0652577430
10.1155605316,0.0024432840,-0.0185323227,-0.0175638851,-0.1669033468,-0.3435378075,-0.0651450902
10.1254844666,0.0124148019,-0.0130715547,-0.0126001295,-0.1149780899,-0.3034545779,-0.0495054089
10.1355648041,0.0081633134,-0.0089973444,0.0127385799,-0.0726527348,-0.2519602180,-0.0658052862
10.1455049515,-0.0013631920,-0.0135867251,0.0253848974,-0.0741323829,-0.1944202334,-0.0853004232
10.1555776596,0.0003725758,-0.0133912032,0.0371171758,-0.1030402035,-0.1787251532,-0.0981286019
10.1655654907,0.0108002219,-0.0112372516,0.0665030405,-0.0954656377,-0.1977595687,-0.0810122043
10.1755619049,0.0213593189,-0.0010833843,0.0714017078,-0.0358873978,-0.1842363030,-0.0535197258
10.1855602264,0.0180397741,0.0155822812,0.0624716803,0.0598676242,-0.1502631605,-0.0421205945
10.1955661774,0.0076249880,0.0253284983,0.0486065671,0.1577546448,-0.1058075354,-0.0562863499
10.2053403854,-0.0021019836,0.0212504771,0.0357919857,0.2109813839,-0.0830601454,-0.0692197308
10.2155075073,-0.0011617548,0.0067712208,0.0318937823,0.2067565322,-0.0853019953,-0.0777018964
10.2254896164,0.0017210564,-0.0040160259,0.0338571593,0.1609198153,-0.0910459012,-0.0829445943
