0.0000000000,0.0155980708,-0.2078222185,0.0190701075,-1.2968981266,0.6976498365,-1.5904829502
0.0101480484,0.0349132530,-0.1974762827,-0.0002935932,-1.3837651014,0.6147261858,-1.5845725536
0.0202180147,0.0463678949,-0.1712460071,-0.0180201344,-1.4698280096,0.5617804527,-1.5735452175
0.0304950476,0.0412003510,-0.1418492645,-0.0320296697,-1.5378172398,0.5206793547,-1.5636485815
0.0398750305,0.0496696346,-0.1157844514,-0.0468899421,-1.5770409107,0.4882953167,-1.5655366182
0.0495120287,0.0774946958,-0.0811887830,-0.0655317083,-1.5929921865,0.4817410111,-1.5676077604
0.0593500137,0.0991683751,-0.0506978221,-0.0683700219,-1.5602413416,0.5257558227,-1.5753550529
0.0713191032,0.0893036872,-0.0360558219,-0.0642623082,-1.5009002686,0.5838207603,-1.5885217190
0.0794880390,0.0880161077,-0.0301580913,-0.0775770321,-1.3986247778,0.6060381532,-1.5823609829
0.0901080370,0.1001658589,-0.0279478617,-0.0881199613,-1.2803248167,0.6272965670,-1.5783318281
0.0995340347,0.0779085308,-0.0315536447,-0.0962858573,-1.1556191444,0.6580135226,-1.5988028049
0.1093630791,0.0610919707,-0.0425165184,-0.0851144567,-1.0649840832,0.6725543737,-1.6053347588
0.1193190813,0.0606429093,-0.0523289628,-0.0789728537,-1.0136591196,0.6633036137,-1.6084972620
0.1293730736,0.0358892791,-0.0800628215,-0.0810361877,-1.0261306763,0.6246760488,-1.6146123409
0.1393740177,0.0071497681,-0.0985526890,-0.0793010369,-1.1197500229,0.5854897499,-1.6121661663
0.1493220329,0.0065161707,-0.1000772864,-0.0653923526,-1.2752187252,0.5383473039,-1.6096271276
0.1593470573,0.0196704976,-0.1017503291,-0.0615914278,-1.4649039507,0.4984164238,-1.6081752777
0.1693500280,0.0240578763,-0.1056174785,-0.0425529294,-1.6312344074,0.4715515077,-1.5993857384
0.1793169975,0.0216223709,-0.0990841538,-0.0318233781,-1.7603521347,0.4579073191,-1.5779584646
0.1893590689,0.0318229310,-0.0731119663,-0.0322866254,-1.8799192905,0.4559863806,-1.5693633556
0.1993540525,0.0371747725,-0.0433982797,-0.0450284295,-1.9760416746,0.4553911388,-1.5522955656
0.2094380856,0.0328851454,-0.0187421627,-0.0652549043,-2.0455367565,0.4572454989,-1.5225120783
0.2196720839,0.0267638676,0.0039795456,-0.0891783014,-2.0830969810,0.4679410458,-1.4874954224
0.2293061018,0.0305512659,0.0316967778,-0.1217177287,-2.1248233318,0.4605545104,-1.4385484457
0.2394400835,0.0502574556,0.0623443536,-0.1667808145,-2.1603870392,0.4768567383,-1.3748861551
0.2494250536,0.0650981814,0.0862089247,-0.1872175783,-2.1706063747,0.5191690326,-1.2922868729
0.2595660686,0.0660391003,0.1093183011,-0.1752927154,-2.1305401325,0.4737182260,-1.0189861059
0.2695800066,-0.0462678559,0.1299519390,-0.1631874889,-2.0646717548,0.4353026450,-0.8211781979
0.2795640230,-0.1478743404,0.1441659778,-0.1841384023,-2.0040433407,0.6587368250,-0.9958385825
0.2895460129,0.0136171104,0.1991585940,-0.1947380155,-1.9294456244,0.8098776340,-1.0128066540
0.2996190786,0.1474911720,0.2510215938,-0.1901563853,-1.8137695789,0.8606345057,-0.9314116836
0.3095810413,0.1262744218,0.2949538827,-0.1735986322,-1.6704016924,0.9180381894,-0.8479551077
0.3196099997,0.2276310474,0.2196728438,-0.1365899891,-1.5335412025,0.9850730896,-0.7571192384
0.3295600414,0.2254763991,0.2267269641,-0.0947607532,-1.4514478445,1.0996087790,-0.6867390275
0.3396050930,0.2228163630,0.2263827473,-0.0632463470,-1.4399418831,1.2108269930,-0.5652927756
0.3495410681,0.2298788577,0.2142026871,-0.0586782508,-1.4334923029,1.2742109299,-0.4084743857
0.3595240116,0.2597638965,0.1425590068,-0.0719610229,-1.4546062946,1.3243383169,-0.2770481706
0.3694890738,0.2453682572,0.1466646045,-0.0668047443,-1.4552372694,1.3458575010,-0.1348268688
0.3795000315,0.2515114546,0.1422161460,-0.0440592580,-1.4482994080,1.3598611355,-0.0031852177
0.3896830082,0.2625918388,0.1329615861,-0.0243710093,-1.4552075863,1.3757697344,0.1135794818
0.3995430470,0.2769149542,0.1243094504,-0.0148841543,-1.4502296448,1.3683840036,0.2453604192
0.4138320684,0.2843270898,0.1434616745,-0.0197105817,-1.4449099302,1.3276866674,0.3561092913
0.4195340872,0.2802832723,0.1609841585,-0.0007869409,-1.4235486984,1.2859878540,0.4604801834
0.4296160936,0.2679194808,0.1499352604,0.0409924574,-1.3636204004,1.2306226492,0.5564125776
0.4395190477,0.2334337384,0.1349405348,0.0678259358,-1.2898573875,1.1859292984,0.6373906136
0.4495320320,0.2189175636,0.1356698871,0.0885558352,-1.2104067802,1.1079434156,0.6952099800
0.4654170275,0.2255580574,0.1408162266,0.0948955044,-1.0849611759,1.0185556412,0.7530716062
0.4994570017,0.2338375002,0.1274094880,0.1200105771,-0.9584072232,0.9311606288,0.7928584218
0.4995400906,0.2351077944,0.1461937875,0.1219243035,-0.8434803486,0.8276895881,0.8380692601
0.4995679855,0.2479667217,0.1497752219,0.1151468977,-0.7371725440,0.7285446525,0.8970694542
0.4995930195,0.2393475026,0.1295162141,0.1075619087,-0.6158934236,0.6315363646,0.9433004856
0.5095390081,0.2188784331,0.1069185436,0.1060143337,-0.5532159209,0.5212479830,0.9885923266
0.5195870399,0.1985422522,0.1213912889,0.1306212693,-0.6048104167,0.4112785757,1.0488319397
0.5293840170,0.1829809994,0.0887595862,0.1281384975,-0.7505218387,0.3219864964,1.1132562160
0.5392230749,0.1583685130,0.0443177335,0.1029149517,-0.9690724015,0.2746341527,1.1487765312
0.5505740643,0.1464468688,0.0137265520,0.1077877507,-1.1406896114,0.2214535028,1.2097976208
0.5594300032,0.1473089308,0.0033227918,0.1074308380,-1.2346184254,0.2092178762,1.2386258841
0.5700460672,0.1384295672,-0.0135842813,0.1198722348,-1.2826561928,0.2078138590,1.2429181337
0.5795040131,0.1145314723,-0.0221051984,0.1222581491,-1.3040573597,0.2318422198,1.1981601715
0.5892159939,0.0873040110,-0.0260948576,0.1156799421,-1.1908065081,0.2617180943,1.0895234346
0.5991520882,0.0656321496,0.0167269446,0.1040822491,-0.9738572836,0.2867446244,0.9447238445
0.6091300249,0.0647338778,0.0763390958,0.0818396434,-0.7248155475,0.3055598438,0.7946307659
0.6193749905,0.0745782703,0.1020102501,0.0773408636,-0.4807727635,0.2920765281,0.6213761568
0.6292541027,0.0802298933,0.0611910708,0.0622659512,-0.2739868164,0.2801301181,0.4120180905
0.6395649910,0.0874256343,0.0482007302,0.0699936375,-0.0825259089,0.3014849424,0.2364530712
0.6491119862,0.1167475730,0.0567442141,0.0861976966,0.1025707126,0.3069982231,0.0886156783
0.6591171026,0.1589478999,0.0484569557,0.0927650556,0.1553440392,0.2946680486,-0.0260790810
0.6692270041,0.1807148308,0.0198349021,0.1022498235,0.0752159134,0.3277048171,-0.0899808332
0.6791779995,0.1678375751,-0.0099070845,0.1215321049,-0.1021399647,0.3602374792,-0.1251281649
0.6891770363,0.1647399217,-0.0271102078,0.0988002643,-0.3465339839,0.3613810539,-0.1451503485
0.6991670132,0.1905109733,0.0048039970,0.0907258019,-0.5258617997,0.3505957723,-0.1194592267
0.7092330456,0.2144292742,0.0357369073,0.1060139164,-0.7616700530,0.3119453192,-0.0510508753
0.7191730738,0.1882501990,0.0748840719,0.1362886578,-0.9729942679,0.2882988453,0.0002463986
0.7291820049,0.1507451981,0.0503972061,0.1442671567,-1.1221774817,0.2498824894,0.0175979584
0.7391700745,0.1674841791,0.0579032861,0.0877177939,-1.2167668343,0.1790610254,0.0712445453
0.7493439913,0.2039054185,0.1294375211,0.0422541089,-1.1969816685,0.0898712277,0.1228038818
0.7593309879,0.1964851171,0.1653009802,0.0122707682,-1.0788321495,0.0093771899,0.1019944698
0.7693409920,0.1740691215,0.1722885221,-0.0027690933,-0.8884768486,-0.0225101691,0.0755085275
0.7794510126,0.1679370552,0.2009170949,0.0280494280,-0.7038238049,-0.0179287344,0.0689748600
0.7893249989,0.1831880063,0.2159355134,0.0903921351,-0.5520886183,-0.0224169586,0.0317143090
0.7993839979,0.2091734856,0.1938261986,0.1152672991,-0.5135799646,-0.0202440862,0.0008635861
0.8092070818,0.2295132130,0.1804944128,0.1388224512,-0.5524671674,0.0392258987,-0.0090564229
0.8193240166,0.2181600183,0.1614032537,0.1545173675,-0.6468334794,0.0971539170,-0.0242403019
0.8293770552,0.2157939821,0.1148769036,0.1235582456,-0.7588819861,0.0941224396,-0.0273295678
0.8393230438,0.2329582423,0.1056931391,0.0768582448,-0.8108547926,0.0593921505,-0.0419416688
0.8491940498,0.2360650152,0.1396643072,0.0745620951,-0.7520713210,0.0554626584,-0.0547059327
0.8592520952,0.2128890902,0.1859898269,0.0524556823,-0.6451522112,0.0558181927,-0.1100276411
0.8695310354,0.1861446649,0.2147104889,0.0157314129,-0.5851722360,0.0431932099,-0.1407970190
0.8793751001,0.1742400378,0.2066546381,0.0017373755,-0.6225622296,0.0471690446,-0.1418585479
0.8894050121,0.1682680994,0.1748784035,-0.0072126794,-0.6663398147,0.0510511324,-0.1482274979
0.8992660046,0.1643544286,0.1584544033,-0.0436740331,-0.6385377645,0.0417250097,-0.1386230737
0.9096159935,0.1745903939,0.1917057484,-0.0772545114,-0.5138067603,0.0713292435,-0.1643995494
0.9192640781,0.1694565862,0.2490405291,-0.0668448582,-0.3390234709,0.1173087135,-0.1956298947
0.9295240641,0.1639804095,0.2856636941,-0.0403377824,-0.1760923415,0.1697620749,-0.2088325173
0.9392690659,0.1663129777,0.2796456516,-0.0376646332,-0.0590260476,0.2207280546,-0.2294300646
0.9492770433,0.1548778862,0.2507658601,-0.0527518801,0.0217787903,0.2661061883,-0.2457166314
0.9592500925,0.1523005813,0.2391345352,-0.0527073555,0.0526899695,0.2695962489,-0.2404485047
0.9695839882,0.1758147031,0.2404629588,-0.0607070141,0.0753438845,0.2304531187,-0.2136507183
0.9792490005,0.1889909357,0.2303522080,-0.0722321048,0.0979152396,0.2040760964,-0.1933078915
0.9893260002,0.1736686975,0.2121565193,-0.0417035632,0.0843022242,0.1624967009,-0.1685937643
0.9993309975,0.1667185873,0.1844851226,-0.0129371090,0.0397501998,0.1143613979,-0.1331942081
1.0095090866,0.1739711910,0.1342263967,-0.0075293588,-0.0058234092,0.0671454147,-0.1137331724
1.0192509890,0.1607233435,0.1125286967,-0.0273483805,-0.0724156126,-0.0145608997,-0.1089076474
1.0292410851,0.1627368480,0.1380697042,-0.0774810091,-0.1101784408,-0.1012981907,-0.0934453383
1.0392220020,0.1666648835,0.1402909160,-0.1188379303,-0.1460538805,-0.1612283736,-0.0696590468
1.0494459867,0.1546734422,0.1310125142,-0.1316274256,-0.1406303495,-0.1750081033,-0.0610743500
1.0592050552,0.1404377371,0.1200048774,-0.1352788657,-0.1831154972,-0.1978486925,-0.0683314651
1.0692180395,0.1589100212,0.1253656894,-0.1323855370,-0.2077276409,-0.1999677718,-0.0438655354
1.0792390108,0.1654485613,0.1226877421,-0.1460518688,-0.1806341112,-0.1269191355,-0.0252339281
1.0893859863,0.1308466345,0.1350479126,-0.1283626407,-0.0737606436,-0.0117496671,-0.0281801838
1.0992029905,0.1173678190,0.1623654068,-0.1030295864,0.0371835791,0.1227945611,-0.0195711143
1.1091870070,0.1320098191,0.1778412610,-0.0660539046,0.0618287362,0.2301098406,0.0084003322
1.1191459894,0.1539418250,0.1665887684,-0.0628090873,0.0172886997,0.3081420660,0.0493584163
1.1294680834,0.1588856727,0.1330705434,-0.0877792612,-0.0206648074,0.3711071908,0.0723492280
1.1391741037,0.1406166106,0.1168859452,-0.0942843929,-0.0072737681,0.4258188903,0.0847383812
1.1491830349,0.1304051429,0.1274835765,-0.0811342373,0.0405925587,0.4423118532,0.0952219144
1.1591570377,0.1485910565,0.1271368414,-0.0636935011,0.1101874858,0.4203245342,0.0846871138
1.1691510677,0.1721799225,0.1049572080,-0.0685141459,0.1818930954,0.3952825665,0.0911737755
1.1791501045,0.1734619290,0.0910737962,-0.0686428323,0.2557364106,0.3754792511,0.0838157237
1.1891320944,0.1582293063,0.0770035833,-0.0482722931,0.3456159532,0.3599154949,0.0572941042
1.1992640495,0.1570337564,0.0601291619,-0.0345260315,0.4549009204,0.3199457228,0.0341048948
1.2091209888,0.1756143123,0.0669024587,-0.0226321630,0.5449876785,0.2808337510,0.0034862673
1.2191510201,0.1965427846,0.0714352578,-0.0097734137,0.5890784264,0.2437161952,-0.0016131536
1.2291640043,0.2048084587,0.0544434898,0.0038114383,0.5883503556,0.2020366490,-0.0002799751
1.2391370535,0.2080168277,0.0199838094,0.0183370300,0.5736117363,0.1721045822,0.0126735065
1.2491260767,0.2107412368,-0.0073504928,0.0245558210,0.5279345512,0.1366627067,0.0341830589
1.2591220140,0.2045272738,-0.0170303769,0.0248962827,0.4212323129,0.1179590672,0.0673082545
1.2691340446,0.1931719929,-0.0290285982,0.0415312238,0.3368628323,0.1195167452,0.0758562014
1.2791460752,0.1872660667,-0.0658493638,0.0680285916,0.2547253370,0.1156088188,0.0685034841
1.2891080379,0.1903180629,-0.0692048371,0.0677949414,0.1598622352,0.1009262800,0.0622905940
1.2991050482,0.1842490584,-0.0424207784,0.0845738277,0.0906531960,0.0873920992,0.0422416516
1.3091090918,0.1832543463,-0.0318564959,0.0778178200,0.0387812108,0.0503067821,0.0021474962
1.3191061020,0.1929544061,-0.0371470638,0.0555110164,0.0157065168,0.0114123775,-0.0252047647
1.3290650845,0.1991851181,-0.0301210620,0.0350243039,0.0255804528,-0.0090817120,-0.0558881089
1.3390610218,0.1867258698,-0.0129778562,0.0270636268,0.0888218731,-0.0281115957,-0.0887433961
1.3490970135,0.1804755181,-0.0162506290,0.0291507430,0.2043676376,-0.0456961840,-0.1248313636
1.3590750694,0.1940500587,-0.0183407404,0.0149233537,0.2996227741,-0.0696880743,-0.1428069025
1.3690600395,0.2017346174,0.0067610410,0.0123290615,0.3787386417,-0.0871911645,-0.1363742948
1.3791470528,0.1970091015,0.0089970054,0.0156549402,0.4343734086,-0.1027874351,-0.1352477819
1.3890540600,0.1837923378,-0.0070820483,0.0258239098,0.4216845036,-0.1199317947,-0.1287533939
1.3990460634,0.1812119931,-0.0118788211,0.0398251601,0.3393999040,-0.1192726642,-0.1021402925
1.4090380669,0.1805522591,-0.0196104087,0.0487876125,0.2357070595,-0.1081635579,-0.0840792730
1.4190300703,0.1730679125,-0.0440998711,0.0498248525,0.1214037836,-0.1014856771,-0.0744805634
1.4290750027,0.1741588861,-0.0326570906,0.0397967286,0.0061546904,-0.1170949936,-0.0456143022
1.4390360117,0.1801397055,-0.0202117302,0.0384165235,-0.0867695212,-0.1166084409,-0.0296168253
1.4490340948,0.1746038944,-0.0379835553,0.0262146778,-0.1540897042,-0.1043853313,-0.0392105952
1.4590170383,0.1541884691,-0.0298651792,0.0020220473,-0.1531327069,-0.0863101855,-0.0510138571
1.4690340757,0.1421386451,0.0109476121,-0.0192082934,-0.0774086416,-0.0688326582,-0.0756150782
1.4789870977,0.1408481747,0.0402182154,-0.0244306736,0.0070495126,-0.0716678575,-0.1085895374
1.4891980886,0.1473753303,0.0500372164,-0.0400062613,0.0753516108,-0.0648357868,-0.1214302331
1.4990180731,0.1400790960,0.0465544425,-0.0485018902,0.1489547193,-0.0536859334,-0.1343034208
1.5090180635,0.1254925579,0.0532695912,-0.0286702327,0.1937443018,-0.0438202508,-0.1460849792
1.5189560652,0.1343923360,0.0568729155,-0.0145695610,0.1768238991,-0.0684169382,-0.1321017891
1.5290130377,0.1525295824,0.0390762947,-0.0393929891,0.1523385346,-0.0875994191,-0.1032757312
1.5390120745,0.1377707869,0.0203636102,-0.0451744609,0.1170836017,-0.0856992528,-0.0990133435
1.5490870476,0.1073837429,0.0310598277,-0.0476678424,0.1063201725,-0.0761361122,-0.0958806649
1.5589950085,0.1001793593,0.0367292427,-0.0510311536,0.0998636037,-0.0760492980,-0.0799411163
1.5689880848,0.1030179411,0.0332883112,-0.0541398339,0.0987035334,-0.0684949756,-0.0704277754
1.5790230036,0.0972492546,0.0291240625,-0.0583039932,0.0932448506,-0.0598538145,-0.0556094125
1.5889770985,0.0938465297,0.0265254192,-0.0548351817,0.0982681066,-0.0286655333,-0.0377545133
1.5989830494,0.0862176269,0.0230596773,-0.0425115637,0.0945671126,0.0259479098,-0.0221688971
1.6089700460,0.0787220150,0.0258423798,-0.0337140970,0.1431381106,0.0915018842,-0.0247526951
1.6189939976,0.0681860149,0.0386535190,-0.0238337927,0.2313811481,0.1433011740,-0.0463962033
1.6289470196,0.0708380044,0.0596673451,-0.0335054211,0.3069398105,0.1685314327,-0.0391758420
1.6389200687,0.0796688050,0.0566358082,-0.0430367999,0.3400193453,0.1677663028,-0.0338832103
1.6487780809,0.0759751201,0.0341384374,-0.0505980067,0.3357918262,0.1634402573,-0.0359769873
1.6587750912,0.0714562982,0.0292183571,-0.0573767237,0.3381026685,0.1399900615,-0.0305145755
1.6687980890,0.0771023482,0.0301386379,-0.0720421448,0.3297483325,0.1153885722,-0.0250372533
1.6791110039,0.0723425299,0.0308796056,-0.0742131248,0.3127969205,0.1044677496,-0.0366399772
1.6889261007,0.0599463545,0.0244897045,-0.0540460162,0.2669652700,0.0997563526,-0.0461389422
1.6988900900,0.0604171269,0.0154011967,-0.0407468490,0.1953792125,0.1098452061,-0.0514663309
1.7089120150,0.0647554547,0.0072562215,-0.0373018794,0.1163496375,0.1156194732,-0.0546357557
1.7189030647,0.0659326911,0.0074555692,-0.0436819606,0.1002818570,0.1250569224,-0.0610586368
1.7289320230,0.0668707639,0.0169976391,-0.0470973067,0.1280016303,0.1358139515,-0.0781460106
1.7389230728,0.0676735640,0.0369101577,-0.0426673107,0.1792556345,0.1382510215,-0.0898853615
1.7489100695,0.0752713680,0.0494082682,-0.0380908661,0.1867859811,0.1266524196,-0.0781291053
1.7587610483,0.0861586630,0.0451580845,-0.0393526368,0.1495057195,0.1094262972,-0.0588680543
1.7688970566,0.0819144994,0.0228194930,-0.0407653861,0.1144225746,0.0899620503,-0.0534053780
1.7788980007,0.0787348449,0.0131188454,-0.0364258103,0.1103008017,0.0686274618,-0.0447652824
1.7889000177,0.0804744363,0.0170980953,-0.0350754075,0.0901579782,0.0471956730,-0.0329259336
1.7988849878,0.0784689039,0.0150424214,-0.0230463557,0.0689902455,0.0266898684,-0.0370284021
1.8088440895,0.0766750574,0.0018770440,-0.0081115169,0.0403583348,0.0061068283,-0.0432492793
1.8188480139,0.0856243819,0.0079397233,0.0018683865,0.0629043877,-0.0034736278,-0.0591390319
1.8288331032,0.0927150995,0.0141204866,-0.0106090112,0.1302424222,-0.0063317325,-0.0793529600
1.8391140699,0.0875426531,0.0241187923,0.0062706065,0.2026630938,0.0166153964,-0.0859251022
1.8488950729,0.0810673684,0.0361150093,0.0272194929,0.2602627277,0.0297138877,-0.1062356979
1.8588290215,0.0794639289,0.0302410536,0.0357197709,0.3071772456,0.0385752879,-0.1127015948
1.8688420057,0.0886257142,0.0188555308,0.0316510983,0.3573701084,0.0305312127,-0.0988733917
1.8790560961,0.0979382098,0.0097360807,0.0343890376,0.3788032532,0.0168779828,-0.0903020129
1.8888040781,0.0967738628,-0.0021351012,0.0438410826,0.3650783896,-0.0024483106,-0.0880423188
1.8988950253,0.0947657377,-0.0155391274,0.0590701886,0.3130092919,-0.0327409692,-0.0824930891
1.9088060856,0.0961436927,-0.0209958144,0.0565163083,0.2299786061,-0.0695314705,-0.0598863140
1.9188530445,0.1022249162,-0.0362926163,0.0411210246,0.1555392593,-0.1095308214,-0.0457657017
1.9288160801,0.0961194485,-0.0506104864,0.0254478045,0.0799193233,-0.1293721795,-0.0477090105
1.9390079975,0.0879045576,-0.0251040496,0.0241400786,0.0736501068,-0.1485978067,-0.0401420370
1.9488689899,0.0884659439,-0.0029726434,0.0346734114,0.1035930961,-0.1526958793,-0.0465107225
1.9588060379,0.0883004963,0.0019591269,0.0257836767,0.1303348243,-0.1599612385,-0.0464868844
1.9687939882,0.0911359489,0.0071951640,0.0110653238,0.1303686500,-0.1673698872,-0.0379397348
1.9788110256,0.0910675377,0.0163760446,-0.0056543755,0.1249834746,-0.1630995125,-0.0326475017
1.9888060093,0.0878533721,0.0149532827,-0.0066599655,0.1279574186,-0.1373800337,-0.0275044050
1.9988369942,0.0795078278,0.0079110088,-0.0095531149,0.1406537741,-0.1212995946,-0.0329274014
2.0087831020,0.0719753206,0.0098670693,-0.0104954643,0.1289190948,-0.1193163395,-0.0403688028
2.0189030170,0.0761705190,0.0133840414,-0.0182314329,0.1202446446,-0.1064809710,-0.0319489539
2.0288310051,0.0713734329,0.0106440233,-0.0230481438,0.1156850457,-0.0712460130,-0.0321742594
2.0387639999,0.0545099787,0.0046862629,-0.0249666385,0.0898397341,-0.0436585993,-0.0323344469
2.0487840176,0.0479171090,0.0072225747,-0.0306885056,0.0575848557,-0.0213362481,-0.0175831988
2.0587759018,0.0526997261,-0.0003433110,-0.0235321932,0.0264650211,-0.0023199464,-0.0155602619
2.0687699318,0.0493301861,-0.0091720698,-0.0163821392,0.0080255605,0.0349089131,-0.0200383663
2.0787758827,0.0427544229,-0.0004588993,-0.0102878017,-0.0103053767,0.0613964461,-0.0308213718
2.0887510777,0.0458278619,0.0140184583,-0.0031776831,-0.0253735408,0.0752014741,-0.0277131964
2.0987582207,0.0558665954,0.0128080966,-0.0115614934,-0.0221507158,0.0720336437,-0.0266347509
2.1088109016,0.0592113249,0.0174712949,-0.0171286874,-0.0188041888,0.0528575554,-0.0222631730
2.1187469959,0.0590016060,0.0301229171,-0.0179608874,-0.0047743907,0.0316494703,-0.0146965981
2.1287379265,0.0621778034,0.0330488645,-0.0256162100,0.0039637075,0.0050516836,-0.0081558749
2.1387000084,0.0606829636,0.0313840471,-0.0342731290,0.0350589082,-0.0159920827,0.0025823903
2.1487200260,0.0536675267,0.0289562605,-0.0391171388,0.0363430828,-0.0468772948,0.0144680794
2.1587409973,0.0566888861,0.0283793770,-0.0322508626,0.0226092972,-0.0693157539,0.0284370240
2.1687312126,0.0589986257,0.0068183509,-0.0194784217,-0.0115095237,-0.0811820030,0.0465984493
2.1787219048,0.0495613627,-0.0102658896,-0.0127149029,-0.0327739343,-0.0888870656,0.0392242894
2.1887059212,0.0341699235,-0.0137718646,-0.0187559538,-0.0093362518,-0.0749930888,0.0178700015
2.1986880302,0.0234395228,-0.0092597855,-0.0276642852,0.0310491212,-0.0470301583,0.0017255184
2.2087268829,0.0161317699,0.0074594882,-0.0277386121,0.0681504160,-0.0084209815,-0.0166114103
2.2187130451,0.0124455662,0.0079473527,-0.0246485882,0.0806648806,0.0332316533,-0.0317637324
2.2286870480,0.0202393346,-0.0011086644,-0.0233123116,0.0857501850,0.0663491264,-0.0383563861
2.2387320995,0.0269294195,-0.0033884677,-0.0376142077,0.0846255347,0.0727644190,-0.0373358615
2.2486948967,0.0354887657,0.0004307447,-0.0421601944,0.0750352219,0.0674189180,-0.0287953727
2.2587060928,0.0393131636,-0.0015678288,-0.0379572324,0.0632697716,0.0684381127,-0.0234798379
2.2686929703,0.0324983858,-0.0047116685,-0.0270134620,0.0483542085,0.0661579147,-0.0266418085
2.2786850929,0.0258521102,-0.0012271100,-0.0190911107,0.0431248248,0.0553771704,-0.0329436474
2.2886829376,0.0253242068,-0.0047411914,-0.0130828423,0.0358442739,0.0349501930,-0.0402428359
2.2986779213,0.0298433267,-0.0053914520,-0.0080774231,0.0252482239,0.0231619775,-0.0337826759
2.3087182045,0.0363542847,-0.0012269908,-0.0089598699,0.0061895777,0.0058775302,-0.0379068442
2.3186399937,0.0273054652,0.0077120815,-0.0070646810,0.0159990638,-0.0134045556,-0.0526658185
2.3287081718,0.0234474652,0.0098555842,-0.0217506103,0.0183674134,-0.0401424281,-0.0567436516
2.3386549950,0.0315416567,0.0110910842,-0.0353851132,0.0036510527,-0.0711765140,-0.0469671860
2.3485789299,0.0340632908,-0.0024999860,-0.0353907160,-0.0165871084,-0.0777185634,-0.0437234566
2.3586249352,0.0276990347,-0.0133097498,-0.0188661031,-0.0306213014,-0.0606828555,-0.0395781137
2.3686552048,0.0297892652,-0.0007157059,0.0034726455,-0.0381399356,-0.0595723167,-0.0278937593
2.3786358833,0.0348484181,0.0118158916,0.0043667746,-0.0254306644,-0.0529375821,-0.0130704725
2.3886799812,0.0329075567,0.0098149562,0.0141197639,-0.0117124571,-0.0356853604,-0.0078799715
2.3986101151,0.0280413590,0.0046117050,0.0150682526,-0.0310924146,-0.0207564775,0.0058490233
2.4086351395,0.0318794511,0.0052976315,0.0180141516,-0.0246369112,-0.0281608645,0.0090797041
2.4186320305,0.0414865129,0.0050653745,0.0190707631,-0.0278183222,-0.0303316079,0.0080333482
2.4286799431,0.0432445966,0.0107035683,0.0161416717,-0.0385489985,-0.0198083930,-0.0015889187
2.4385929108,0.0342999659,0.0114463242,0.0180356689,-0.0513470843,-0.0147071071,-0.0186121091
2.4486660957,0.0379435979,0.0198320560,0.0209676214,-0.0630908236,-0.0095629450,-0.0313859619
2.4585781097,0.0494219176,0.0172765963,0.0181319900,-0.0706213117,-0.0000557266,-0.0378170945
2.4686009884,0.0491781645,0.0107899131,0.0103717046,-0.0472305045,0.0150065795,-0.0474926271
2.4787690639,0.0390492938,0.0135016935,0.0005676343,0.0156989265,0.0281649921,-0.0656828135
2.4884948730,0.0394871049,0.0207913332,0.0026200011,0.0467268862,0.0219377223,-0.0720384493
2.4985930920,0.0516979210,0.0244562440,0.0106331902,0.0585807487,0.0008209860,-0.0517218634
2.5086159706,0.0612706952,0.0153309079,0.0059604836,0.0543409958,-0.0024272716,-0.0527602285
2.5185580254,0.0544098429,0.0127810920,0.0010762408,0.0395478010,-0.0207151994,-0.0536961965
2.5285968781,0.0563381724,0.0285104401,0.0029539063,0.0043903459,-0.0410308577,-0.0227305572
2.5385510921,0.0603680126,0.0272589363,0.0058841896,-0.0435946248,-0.0530286655,-0.0066803503
2.5485680103,0.0509236120,0.0079166861,0.0067992997,-0.0777925402,-0.0552763715,0.0114187589
2.5585398674,0.0394524895,0.0030505476,0.0046811891,-0.0650445223,-0.0476999432,0.0102957031
2.5685272217,0.0365369581,0.0160314254,0.0055001569,-0.0288175419,-0.0441134647,0.0219334513
2.5790781975,0.0443366878,0.0264874212,-0.0062406468,0.0203055292,-0.0448391773,0.0176545512
2.5888240337,0.0433165245,0.0170932747,-0.0081134839,0.0822067186,-0.0380656943,0.0037563120
2.5985500813,0.0344161652,0.0161342733,-0.0110062165,0.1441166997,-0.0281776432,-0.0207855161
2.6085162163,0.0351666771,0.0223367177,-0.0138306422,0.1665351838,-0.0259211455,-0.0271901526
2.6187760830,0.0418768488,0.0160310902,-0.0126412911,0.1677097529,-0.0356046632,-0.0356269144
2.6284739971,0.0439642482,-0.0048347595,-0.0124023957,0.1506298333,-0.0367783196,-0.0324202031
2.6385200024,0.0400814079,-0.0121516315,-0.0025362179,0.1473906487,-0.0283411611,-0.0430978760
2.6485052109,0.0303114764,-0.0128072007,-0.0054525542,0.1622564048,-0.0154732987,-0.0516908318
2.6584949493,0.0272618793,-0.0044839825,-0.0024891899,0.1795830578,-0.0358587317,-0.0760040283
2.6685180664,0.0311104320,0.0100165689,-0.0004778312,0.1977633983,-0.0358089320,-0.0866409615
2.6785311699,0.0322806500,0.0089418637,-0.0013571786,0.1893725693,-0.0467193685,-0.1046234220
2.6885728836,0.0325848721,-0.0010509858,0.0075328541,0.1638336778,-0.0523516908,-0.1151929796
2.6984820366,0.0407342277,-0.0063408422,0.0056929779,0.1457852870,-0.0663431361,-0.1108431071
2.7086250782,0.0489510708,-0.0028039771,-0.0020527646,0.1426313072,-0.0779971257,-0.0958918557
2.7184970379,0.0465533696,-0.0002695242,-0.0089313788,0.1543271095,-0.0746490061,-0.0895458013
2.7285010815,0.0392641090,0.0044120518,-0.0051367688,0.1682487875,-0.0788437501,-0.0927155018
2.7384769917,0.0397382341,0.0169565082,-0.0003307865,0.1788674742,-0.0775718242,-0.0789215267
2.7484979630,0.0451064222,0.0227083489,-0.0022848651,0.2022172809,-0.0665852204,-0.0651979893
2.7584660053,0.0378170572,0.0138577605,-0.0061897445,0.2064660788,-0.0654509738,-0.0609569065
2.7684690952,0.0314515196,0.0100567276,-0.0120694442,0.2245609313,-0.0599488877,-0.0588804372
2.7784509659,0.0307335369,0.0104184570,-0.0071564722,0.2266520411,-0.0577278100,-0.0514614023
2.7884941101,0.0327617787,0.0146071659,0.0007177188,0.2136891037,-0.0427832156,-0.0419877395
2.7984170914,0.0337392054,0.0088517116,0.0066895676,0.2007219046,-0.0215530284,-0.0474283099
2.8084559441,0.0268220268,0.0019458315,0.0135875540,0.2006302923,-0.0087645296,-0.0517607406
2.8184251785,0.0246408395,0.0047642556,0.0058574867,0.2219013721,0.0051978910,-0.0624872930
2.8284459114,0.0252914540,0.0067777750,0.0020632341,0.2219170779,0.0041110553,-0.0646050349
2.8384270668,0.0310128145,0.0078717405,-0.0036738322,0.2168010175,-0.0205591377,-0.0697519928
2.8483781815,0.0418676548,0.0110644558,-0.0006354855,0.2319274992,-0.0439283773,-0.0664238408
2.8584041595,0.0421454273,0.0211840719,0.0022253587,0.2470923364,-0.0694915205,-0.0705216452
2.8684091568,0.0436974876,0.0293494575,-0.0037205026,0.2514876127,-0.0917478278,-0.0523197427
2.8784120083,0.0483847819,0.0250045620,0.0020917847,0.2622268200,-0.1002007052,-0.0501458012
2.8884081841,0.0414357297,0.0236623362,0.0058390689,0.2782204449,-0.1000315920,-0.0448461100
2.8984241486,0.0391032659,0.0371740311,0.0154173570,0.2908046544,-0.0784306899,-0.0301217604
2.9084060192,0.0348140560,0.0318143405,0.0124049978,0.2446635365,-0.0582806841,-0.0068475967
2.9183669090,0.0294119380,0.0131193595,0.0006954863,0.1771896929,-0.0383368023,0.0111287404
2.9283590317,0.0267164968,-0.0044937166,-0.0051107812,0.0713399500,-0.0303236172,0.0440848246
2.9383559227,0.0295898877,-0.0074850316,-0.0089704199,-0.0057211434,-0.0136397127,0.0652794540
2.9484050274,0.0217024200,-0.0230381675,-0.0089170737,-0.0762411207,-0.0066763451,0.0684707314
2.9583501816,0.0135861756,-0.0165048763,-0.0089791818,-0.0890344083,-0.0078617185,0.0663623065
2.9683799744,0.0125030102,-0.0069960090,-0.0217231326,-0.0793029517,-0.0238002054,0.0685836449
2.9784941673,0.0096850814,-0.0013365516,-0.0345181637,-0.0546276979,-0.0396236405,0.0707940608
2.9883630276,0.0060584964,-0.0107401861,-0.0306409411,-0.0011548875,-0.0468005948,0.0580545701
2.9983561039,0.0092440518,-0.0086390702,-0.0297016911,0.0576260015,-0.0517697893,0.0484833047
3.0083599091,0.0133878710,0.0048526456,-0.0317421965,0.1025053263,-0.0536419898,0.0389025807
3.0188190937,0.0059794905,0.0020064232,-0.0367266349,0.1164321974,-0.0547128469,0.0261514988
3.0284070969,0.0034959586,-0.0094788102,-0.0377166085,0.1014114320,-0.0462605059,0.0282319598
3.0383050442,0.0077448012,-0.0173269808,-0.0318373255,0.0650346503,-0.0348142385,0.0249968842
3.0483720303,0.0040030750,-0.0217599683,-0.0211310200,0.0201231036,-0.0244918279,0.0228365287
3.0583510399,0.0050481828,-0.0247677155,-0.0172225647,-0.0312902853,-0.0035061182,0.0237995274
3.0683012009,0.0068231942,-0.0272597298,-0.0054496336,-0.0944354385,0.0173632093,0.0215835106
3.0783572197,0.0054667862,-0.0254170783,-0.0053995657,-0.1148743927,0.0364439599,0.0214737896
3.0883080959,0.0029920908,-0.0216746293,-0.0073109674,-0.0978038013,0.0428707004,0.0076091066
3.0982930660,0.0014176489,-0.0108268922,-0.0043549943,-0.0753216594,0.0407782532,-0.0072657131
3.1083321571,0.0029131742,0.0013825415,0.0005417063,-0.0420497246,0.0196415465,-0.0092766657
3.1182951927,0.0144722583,0.0003655000,-0.0032259033,-0.0066974582,0.0028455211,-0.0060072364
3.1283600330,0.0183781050,0.0025712256,-0.0100421710,0.0243446119,-0.0055101467,-0.0112866871
3.1382379532,0.0155232968,0.0020065797,-0.0071421075,0.0244494081,-0.0183335338,-0.0112042623
3.1483500004,0.0204984508,0.0034730067,-0.0002992557,0.0190722197,-0.0151324142,-0.0069717001
3.1582510471,0.0175439529,0.0057491777,0.0074774814,0.0092709884,0.0051715262,0.0014026102
3.1682660580,0.0076985182,-0.0019620354,0.0074768257,-0.0036259023,0.0178519003,-0.0039825682
3.1782131195,-0.0001732885,-0.0148006482,0.0026149347,-0.0292276666,0.0176138133,-0.0082108686
3.1882960796,0.0044669779,-0.0072892639,-0.0012562678,-0.0324596800,0.0208042804,-0.0071669100
3.1983718872,0.0051192613,0.0020829146,-0.0051584649,-0.0399239883,0.0196804274,-0.0071557243
3.2084012032,0.0047467025,0.0036579338,-0.0089977188,-0.0368014351,0.0335080922,-0.0178714860
3.2184829712,0.0071973922,-0.0034666504,0.0087191658,-0.0507248379,0.0387531891,-0.0168332532
3.2284841537,0.0213019811,-0.0010062786,0.0069637490,-0.0667970106,0.0440182574,-0.0115442146
3.2382988930,0.0257395171,-0.0036632265,-0.0075477767,-0.0657461286,0.0430233032,-0.0041028098
3.2483310699,0.0272237919,0.0046638255,-0.0094601912,-0.0293633565,0.0326076746,-0.0051230667
3.2582058907,0.0298210643,0.0173584223,-0.0094620390,-0.0004523462,0.0210895054,-0.0029422040
3.2680420876,0.0285466127,0.0293202065,-0.0036299035,0.0348193571,0.0139170801,0.0013292399
3.2783300877,0.0275589339,0.0209061243,-0.0045571136,0.0392029211,0.0000571914,0.0014157929
3.2884650230,0.0257010274,0.0124057131,-0.0035542652,0.0211171284,-0.0086058052,0.0046717734
3.2983419895,0.0267140083,0.0154741900,0.0022880628,-0.0034003323,-0.0130634038,0.0057811132
3.3080868721,0.0238157324,0.0172935612,0.0081018405,-0.0247002952,-0.0227655675,0.0154204248
3.3179988861,0.0288918577,0.0082592824,0.0013246728,-0.0257702209,-0.0227666311,0.0164844915
3.3280491829,0.0261260979,-0.0019275876,-0.0045173573,-0.0418477245,-0.0164418910,0.0207042694
3.3384120464,0.0220621042,0.0052875285,-0.0016508505,-0.0515771806,-0.0005095294,0.0174191259
3.3482620716,0.0228703283,0.0056102131,-0.0006519959,-0.0451469794,0.0005181846,0.0067840600
3.3582229614,0.0334303938,0.0060823006,-0.0054150033,-0.0431052670,0.0101897204,0.0109693501
3.3682360649,0.0399675183,0.0065774401,-0.0111763282,-0.0486385189,0.0294851195,0.0225343928
3.3784079552,0.0317306034,-0.0028423290,-0.0042790580,-0.0507682450,0.0325927660,0.0129544698
3.3881912231,0.0313206278,0.0015732391,-0.0061961222,-0.0218937211,0.0232605133,0.0204315614
3.3982400894,0.0377570055,0.0111992294,-0.0080773635,-0.0026166970,0.0127847046,0.0279230345
3.4081959724,0.0375277959,0.0092033604,0.0007618262,-0.0153237032,0.0019621502,0.0237525236
3.4183568954,0.0326221548,-0.0018208319,0.0076222611,-0.0280897003,-0.0076614488,0.0344460495
3.4282331467,0.0307769142,-0.0089999279,0.0017717078,-0.0173262674,-0.0172245931,0.0313133709
3.4381918907,0.0238235556,-0.0062268260,0.0124431448,-0.0003177235,-0.0054073492,0.0227249432
3.4481940269,0.0245152079,-0.0013120653,0.0251700468,-0.0035675792,0.0020127506,0.0184295308
3.4581961632,0.0291883759,-0.0013416664,0.0223081298,-0.0036191111,0.0105143599,0.0130639262
3.4682850838,0.0309837423,-0.0101833707,0.0155803757,-0.0035911482,0.0083497427,0.0098907696
3.4781980515,0.0326881222,-0.0093471659,0.0048897457,-0.0046907682,0.0126105342,0.0098668020
3.4881660938,0.0284505151,-0.0095323650,0.0127386646,-0.0249467697,0.0102981105,0.0077711600
3.4981460571,0.0253577642,-0.0156924613,0.0186258145,-0.0397467539,-0.0058803260,0.0036347387
3.5081729889,0.0252766572,-0.0140958009,0.0156910010,-0.0386793576,-0.0058720708,0.0036339397
3.5182151794,0.0194065981,-0.0037700119,0.0116826491,-0.0364134088,-0.0197934788,-0.0015897178
3.5282301903,0.0215138011,-0.0011038923,0.0145725207,-0.0266087148,-0.0401064754,-0.0110263629
3.5381221771,0.0258332305,-0.0061574685,0.0135703878,-0.0232275650,-0.0625095144,-0.0087573491
3.5481350422,0.0322939120,-0.0013578901,0.0047052694,-0.0070810877,-0.0805178061,-0.0044022822
3.5581099987,0.0357610099,0.0074830097,0.0094565945,-0.0081621986,-0.0794432312,-0.0022817401
3.5681838989,0.0334015898,0.0172933415,0.0131675201,0.0078141056,-0.0792288482,0.0083296243
3.5781831741,0.0310898535,0.0193754174,0.0149769383,0.0055987556,-0.0738071725,0.0189179536
3.5880999565,0.0297976099,0.0096239494,0.0149010019,-0.0104920641,-0.0716305748,0.0380381197
3.5981240273,0.0285849832,0.0044058268,0.0020860627,-0.0233177133,-0.0758684650,0.0540102944
3.6080889702,0.0233982168,0.0059870486,-0.0059066820,-0.0201381668,-0.0747387558,0.0582503118
3.6181700230,0.0152627351,0.0085824998,-0.0217325501,-0.0062704217,-0.0704270899,0.0497126170
3.6282501221,0.0099795582,0.0065108580,-0.0218831711,0.0002143765,-0.0768623576,0.0412506908
3.6381080151,0.0105407657,0.0034762849,-0.0297712497,0.0075800139,-0.0597952232,0.0305108260
3.6481420994,-0.0008096873,0.0043291491,-0.0367740206,0.0106932493,-0.0407144725,0.0091370959
3.6580882072,-0.0035954891,0.0062986319,-0.0319539718,0.0116433324,-0.0247128699,0.0047837589
3.6680641174,0.0051848711,0.0083967121,-0.0318959765,0.0083388817,-0.0098297941,-0.0016847927
3.6781170368,0.0040343376,0.0084599340,-0.0338306241,0.0134356394,0.0159365553,0.0066421125
3.6880631447,0.0017607928,0.0056064022,-0.0386409573,0.0217625462,0.0385182984,0.0149889933
3.6981220245,0.0002160341,0.0009773454,-0.0287545137,0.0291448273,0.0534519702,0.0053278431
3.7080380917,-0.0005094587,0.0051801470,-0.0208335333,0.0344043039,0.0641533509,0.0020676015
3.7180371284,-0.0003041803,0.0143101225,-0.0197550468,0.0343899205,0.0631437525,0.0084461384
3.7280540466,-0.0007245272,0.0066108783,-0.0264617614,0.0056871721,0.0417002402,0.0266658887
3.7380571365,0.0020305933,-0.0160111897,-0.0340708308,-0.0198984817,0.0403745212,0.0203202423
3.7480711937,-0.0022970317,-0.0251031518,-0.0173848681,-0.0486622192,0.0358223803,0.0139955003
3.7582039833,0.0000249864,0.0017577863,-0.0115732951,-0.0369692147,0.0370844491,0.0256640092
3.7680459023,0.0054072859,0.0102984840,-0.0075862217,-0.0166855119,0.0393244363,0.0192609690
3.7780461311,0.0050725909,-0.0054512876,-0.0045049596,-0.0081962869,0.0437056012,0.0245410856
3.7880311012,0.0067008855,-0.0095358742,-0.0112402244,-0.0081992149,0.0395302996,0.0362544656
3.7980320454,0.0112602236,-0.0057417969,-0.0219074897,0.0153535148,0.0280241109,0.0437470078
3.8080301285,0.0138591947,0.0003346732,-0.0208792500,0.0431305505,0.0239910185,0.0469409302
3.8179979324,0.0116407545,-0.0020976993,-0.0130148334,0.0559704490,0.0219169501,0.0426955894
3.8280870914,0.0095256837,-0.0112673184,-0.0041526365,0.0539626926,0.0163394921,0.0172357690
3.8379840851,0.0132142128,-0.0106198182,0.0037442639,0.0646888390,0.0173325855,-0.0008367088
3.8480780125,0.0178874396,-0.0002372557,-0.0001427339,0.0647745952,0.0097881155,-0.0082245842
3.8580100536,0.0177964531,-0.0034816223,0.0028292730,0.0541092977,0.0107287439,-0.0135350600
3.8679730892,0.0136864306,-0.0127517162,0.0116962986,0.0261620879,0.0329845138,-0.0104726916
3.8780331612,0.0073823305,-0.0233884528,0.0186365433,-0.0071169073,0.0551843606,-0.0095327292
3.8879609108,0.0106738331,-0.0205986761,0.0119112330,-0.0178760774,0.0584619120,0.0085141826
3.8980469704,0.0138729187,-0.0100724464,0.0041986299,-0.0147400722,0.0649344623,0.0127199795
3.9079790115,0.0054368945,-0.0101859039,0.0003313019,0.0034700911,0.0617690273,0.0010414852
3.9179611206,0.0049131634,-0.0099636791,-0.0054275203,0.0388959907,0.0405998230,-0.0062808758
3.9280130863,0.0152474316,-0.0044164653,-0.0023693845,0.0722132027,0.0172532219,-0.0167766605
3.9379758835,0.0219381116,-0.0025240625,0.0016241863,0.0852083638,-0.0030051777,-0.0230300296
3.9480271339,0.0211368464,-0.0065135355,-0.0013014482,0.0747906119,-0.0309470631,-0.0313406885
3.9579350948,0.0254642330,-0.0115551343,0.0026011660,0.0471856147,-0.0503705628,-0.0280088093
3.9679250717,0.0327558927,-0.0120297475,-0.0003413365,0.0172511507,-0.0452490374,-0.0269587245
3.9779911041,0.0280751549,-0.0060618329,0.0112627344,-0.0127823828,-0.0283645950,-0.0249214061
3.9881160259,0.0232060514,0.0025354293,0.0121333795,-0.0323326476,0.0100152828,-0.0187822878
3.9980480671,0.0229224823,0.0041274992,0.0112012224,-0.0507282987,0.0366705991,-0.0104456600
4.0079069138,0.0224803947,-0.0042166482,0.0093653994,-0.0594336390,0.0506338179,0.0054057408
4.0179929733,0.0219068341,-0.0017907763,-0.0022638843,-0.0242386367,0.0551667847,0.0042920066
4.0279731750,0.0203414373,0.0050560315,-0.0070942449,0.0292770527,0.0374202766,0.0054321066
4.0379219055,0.0208771043,0.0202228911,-0.0188152604,0.0753211081,0.0217052288,0.0001868771
4.0478129387,0.0185895376,0.0182883069,-0.0070383954,0.0946671069,0.0110488562,-0.0135686165
4.0578861237,0.0174543522,0.0094948532,0.0145331221,0.0745023265,-0.0030043786,-0.0134619568
4.0678968430,0.0224185549,-0.0006205881,0.0195049234,0.0308483206,-0.0182688199,-0.0090829208
4.0779790878,0.0237220936,-0.0172406882,0.0107823806,-0.0257120300,-0.0229192302,-0.0015758694
4.0879402161,0.0199999623,-0.0176651850,0.0077902866,-0.0534533784,-0.0273454040,0.0059089446
4.0978851318,0.0182635598,-0.0124411313,-0.0010989711,-0.0513428263,-0.0262186211,0.0112139620
4.1079430580,0.0163831972,-0.0051213088,-0.0011715697,-0.0300497860,-0.0164983496,0.0036993199
4.1178922653,0.0105468007,0.0014179355,-0.0032274530,-0.0012564873,-0.0120245051,0.0004614489
4.1280841827,0.0135595771,0.0043762703,-0.0129865212,0.0275716987,-0.0107781459,-0.0048787217
4.1378531456,0.0164960437,0.0037748036,-0.0139462156,0.0456837229,-0.0021846578,-0.0166348480
4.1478800774,0.0086317630,0.0012792206,-0.0071437168,0.0360769033,-0.0001667805,-0.0219531786
4.1578879356,0.0125040980,-0.0012298556,-0.0070866751,0.0158434026,-0.0056755291,-0.0229661129
4.1681032181,0.0192813389,0.0019342048,-0.0031311915,-0.0033678412,-0.0068747504,-0.0208201371
4.1778130531,0.0182401054,0.0009301497,0.0056606722,-0.0322249234,-0.0038608513,-0.0165672023
4.1878519058,0.0211907439,-0.0024090032,0.0018017485,-0.0590019450,-0.0006890266,0.0036163623
4.1978731155,0.0211467110,-0.0040275115,0.0027812317,-0.0622745678,0.0015613446,0.0195390023
4.2076621056,0.0162143074,-0.0066839526,-0.0011441514,-0.0601943731,0.0090408325,0.0173642654
4.2176427841,0.0150200697,0.0024976921,-0.0031357810,-0.0399034806,0.0091705285,0.0141620813
4.2277421951,0.0167043321,0.0149489390,-0.0031556890,-0.0089844484,0.0157770328,0.0087856920
4.2380123138,0.0135557177,0.0177736804,-0.0090205474,-0.0036599906,0.0200330298,0.0013160571
4.2478122711,0.0113977911,0.0090013454,-0.0079670949,0.0059361779,0.0201344956,0.0044958717
4.2578067780,0.0171120428,-0.0045490186,-0.0078033018,0.0112819411,0.0159706436,0.0130195851
4.2678079605,0.0169030987,-0.0053761746,-0.0058127451,0.0176937673,0.0118177105,0.0215411671
4.2778611183,0.0147813978,-0.0090854941,0.0069229198,0.0145467110,0.0022372548,0.0290424936
4.2877988815,0.0205715708,-0.0118548078,0.0089498954,0.0081929406,-0.0010818427,0.0216317140
4.2978100777,0.0156748109,-0.0040414999,0.0098424153,0.0051611983,-0.0214214697,0.0207033362
4.3077521324,0.0228065215,-0.0070749666,0.0098688798,-0.0213039666,-0.0483460277,0.0208964162
4.3177862167,0.0292588584,-0.0162807666,0.0088872509,-0.0552712493,-0.0689735413,0.0146811306
4.3278431892,0.0251350068,-0.0249694623,0.0126608806,-0.1085406020,-0.0832435563,0.0190604329
4.3377780914,0.0229999535,-0.0233884156,0.0056287837,-0.1458879709,-0.0867003351,0.0233574435
4.3477759361,0.0189036541,-0.0260149017,-0.0043268013,-0.1726870984,-0.0730132908,0.0232874025
4.3577580452,0.0097109051,-0.0209083781,-0.0084662242,-0.1535957009,-0.0558156632,0.0167863593
4.3677883148,0.0060622515,-0.0134241907,-0.0047150063,-0.1132147163,-0.0278418176,0.0017032810
4.3778290749,0.0040984573,-0.0064064632,0.0000790550,-0.0621450022,-0.0029599040,-0.0091154110
4.3877391815,0.0010522426,-0.0048028822,-0.0126197143,-0.0110376123,0.0207763184,-0.0294904578
4.3977160454,0.0006402255,-0.0006359922,-0.0106282039,0.0252201278,0.0316018015,-0.0465854220
4.4077529907,0.0108688297,0.0028757234,-0.0026390955,0.0241013337,0.0411396474,-0.0551456213
4.4177432060,0.0162425302,-0.0015974486,0.0043610525,-0.0036334917,0.0408794582,-0.0604363903
4.4277291298,0.0178174786,-0.0054789218,-0.0004135774,-0.0281412341,0.0343043767,-0.0571894646
4.4377279282,0.0175451301,-0.0027877870,-0.0081943674,-0.0483528934,0.0203725826,-0.0432743132
4.4477601051,0.0222554021,0.0005756101,-0.0101166768,-0.0888110995,0.0009666607,-0.0261219591
4.4577422142,0.0242159478,-0.0012835519,-0.0062151956,-0.1133679822,-0.0044334307,-0.0101327393
4.4677553177,0.0213537626,-0.0073228399,-0.0042894888,-0.1240696311,-0.0044435509,-0.0016260699
4.4777841568,0.0164329819,0.0090803998,-0.0015215680,-0.1026177257,-0.0171002243,-0.0015604229
4.4877243042,0.0184805952,0.0219993778,-0.0006417439,-0.0565847233,-0.0306929983,-0.0078787729
4.4977102280,0.0265590511,0.0226209015,-0.0035681531,-0.0341493227,-0.0358006731,-0.0004241855
4.5077562332,0.0219976716,0.0233130641,-0.0017226741,-0.0255486444,-0.0432157144,-0.0003821074
4.5176949501,0.0175254010,0.0201924406,-0.0037762925,-0.0084793810,-0.0451507643,0.0081187030
4.5276889801,0.0150042446,0.0171664916,-0.0145900650,0.0021421053,-0.0407480299,0.0133946911
4.5377073288,0.0045951875,0.0083258795,-0.0127275391,-0.0001010755,-0.0300234780,0.0197013225
4.5477080345,0.0009014428,-0.0054111327,-0.0068481970,-0.0152078569,-0.0119344909,0.0238441359
4.5577068329,-0.0000688165,-0.0114918789,-0.0009771988,-0.0174134877,-0.0013084777,0.0184645504
4.5676708221,-0.0030842302,-0.0087197749,0.0048549366,-0.0002310378,-0.0035402067,-0.0080927573
4.5777201653,-0.0021814881,-0.0038250941,-0.0010084317,0.0168873630,-0.0024669527,-0.0229847562
4.5876741409,0.0006395698,0.0051458892,0.0038651421,0.0115799485,-0.0036312868,-0.0293478463
4.5977048874,0.0045777978,-0.0025128718,0.0156532116,0.0042625144,-0.0197798982,-0.0366764665
4.6076440811,0.0107342871,-0.0131606711,0.0127800899,0.0097238589,-0.0315670483,-0.0451029763
4.6176738739,0.0081460448,-0.0052654739,0.0019198849,0.0076457937,-0.0421914645,-0.0365369171
4.6277341843,0.0075388672,0.0084575908,-0.0011662052,-0.0051235305,-0.0528510325,-0.0215853974
4.6378030777,0.0090959044,-0.0003674435,0.0007386996,-0.0201011486,-0.0528749973,-0.0098845325
4.6476497650,0.0106124105,-0.0063594985,0.0045934510,-0.0169200040,-0.0507037230,-0.0088384431
4.6576609612,0.0089405747,0.0034623076,0.0132501321,0.0181305259,-0.0280165207,-0.0121965557
4.6676683426,0.0069999518,0.0222590044,0.0219021626,0.0265237428,-0.0097911786,-0.0133829936
4.6777019501,0.0098018320,0.0353762321,0.0228451081,0.0445331037,0.0105745466,-0.0230896845
4.6876158714,0.0115904184,0.0242748223,0.0278719254,0.0497379862,0.0287389047,-0.0285230651
4.6976528168,0.0172430985,0.0149829620,0.0260700770,0.0283900872,0.0254373830,-0.0199863017
4.7076220512,0.0189466439,0.0152063230,0.0163623877,0.0209026113,0.0264664292,-0.0178629644
4.7176551819,0.0177739076,0.0144208157,0.0095740752,0.0231013149,0.0179501716,-0.0156839658
4.7276659012,0.0137561979,0.0186939873,0.0036845997,0.0584606379,0.0021826604,-0.0166688021
4.7375850677,0.0070474269,0.0172913857,-0.0110002561,0.0767175406,-0.0115643106,-0.0165954307
4.7476167679,0.0032875361,0.0210149176,-0.0100835962,0.0960009545,-0.0199655201,-0.0165544190
4.7576541901,0.0064275982,0.0247611478,-0.0110893054,0.0897005871,-0.0317899548,-0.0185977295
4.7675962448,0.0096415402,0.0255794637,-0.0062195468,0.0769182071,-0.0350952037,-0.0185673684
4.7776041031,0.0119352313,0.0193410330,-0.0032906339,0.0437767692,-0.0320762433,-0.0100628305
4.7876019478,0.0112948390,0.0127564045,-0.0033056543,0.0170708541,-0.0301361308,-0.0089943707
4.7976207733,0.0105063589,0.0157312043,-0.0023827360,0.0073559093,-0.0226079077,0.0047728405
4.8075881004,0.0125185819,0.0283662491,-0.0044096517,-0.0002048053,-0.0172043536,0.0185541660
4.8175539970,0.0107017132,0.0271725617,-0.0034735010,-0.0194481425,-0.0193649754,0.0334557481
4.8275790215,0.0060678395,0.0219075233,-0.0103606386,-0.0109436018,-0.0192083828,0.0440727063
4.8375239372,0.0072654905,0.0226585679,-0.0221263580,0.0071890615,-0.0190334115,0.0483092666
4.8475689888,0.0024782838,0.0265072174,-0.0231841616,0.0231821425,-0.0146799432,0.0429579094
4.8575677872,-0.0052538244,0.0227701254,-0.0212824158,0.0465736203,-0.0006658570,0.0354127735
4.8675708771,-0.0081343381,0.0134470845,-0.0173365884,0.0626785532,-0.0049708569,0.0173687916
4.8775682449,-0.0021941392,0.0062335362,-0.0211463384,0.0680602640,-0.0081831617,0.0120749623
4.8875007629,0.0066160532,0.0108312080,-0.0181767754,0.0777299404,-0.0145483827,0.0089223115
4.8975572586,0.0164953135,0.0184398368,-0.0152110262,0.0810242742,-0.0262684226,0.0100573506
4.9075779915,0.0225590281,0.0142751345,-0.0054033804,0.0639480799,-0.0295433123,0.0175272506
4.9175500870,0.0287804119,0.0039389473,-0.0014587448,0.0319370180,-0.0423666984,0.0473819524
4.9276061058,0.0331179015,-0.0018296571,-0.0014517710,0.0201557279,-0.0413072929,0.0569448322
4.9375257492,0.0179565363,-0.0058738659,-0.0065270471,0.0201092549,-0.0370033607,0.0601032116
4.9475030899,0.0124925943,-0.0049387398,-0.0125136776,0.0200935416,-0.0359165221,0.0622209571
4.9575538635,0.0245003663,0.0002298510,-0.0066427994,0.0425218865,-0.0389141776,0.0664748251
4.9675250053,0.0277280174,-0.0023030448,-0.0017674372,0.0532056876,-0.0346744247,0.0526287816
4.9775509834,0.0192197822,-0.0038759443,-0.0008926795,0.0691886544,-0.0292495638,0.0472691655
4.9875278473,0.0156216295,-0.0110737002,-0.0067847180,0.0841825157,-0.0303113684,0.0345168859
4.9981489182,0.0118739875,-0.0112362234,-0.0038909123,0.1012043729,-0.0216656812,0.0301993713
5.0080947876,0.0070245834,-0.0112541420,0.0038883283,0.1011790708,-0.0132335806,0.0163336210
5.0181422234,0.0061739059,-0.0220079422,0.0058862758,0.0947551280,-0.0111416681,0.0163225699
5.0282468796,0.0063129487,-0.0271583460,0.0010279610,0.0595292337,-0.0103634922,0.0142173413
5.0380878448,0.0034479620,-0.0316027068,0.0068812561,0.0350333452,-0.0148770167,0.0089534707
5.0478200912,0.0055669816,-0.0382685624,0.0078795748,-0.0032732990,-0.0301273428,0.0101415068
5.0574221611,0.0136453630,-0.0315927751,0.0019946888,-0.0277394950,-0.0399474837,0.0091611966
5.0674209595,0.0149722369,-0.0279955342,0.0019068315,-0.0394494124,-0.0422119685,0.0049344939
5.0772690773,0.0142795416,-0.0245408416,0.0135370092,-0.0607931837,-0.0413427129,0.0006932770
5.0872449875,0.0155366035,-0.0212171823,0.0202892013,-0.0715502203,-0.0276133195,-0.0089497631
5.0972361565,0.0108135762,-0.0169449933,0.0182347484,-0.0588028692,-0.0127137313,-0.0281789843
5.1072168350,0.0108076008,-0.0065698507,0.0113304453,-0.0333086960,0.0045387587,-0.0336206220
5.1172637939,0.0116996141,-0.0008167023,-0.0052776146,-0.0077419505,0.0184649620,-0.0528506413
5.1273250580,0.0055088224,-0.0015214899,-0.0023141310,0.0198302884,0.0463397354,-0.0679241344
5.1373000145,0.0009407968,0.0009429014,0.0133720832,0.0240737684,0.0558512174,-0.0849893987
5.1472902298,0.0090156319,0.0035498184,0.0262630768,0.0347280130,0.0612140261,-0.0924683586
5.1572608948,0.0201407485,-0.0007113958,0.0196712203,0.0261244029,0.0644537583,-0.0807970539
5.1674528122,0.0252315514,0.0045704474,0.0266670175,-0.0017256038,0.0707691759,-0.0670074746
5.1774301529,0.0176311992,0.0046192450,0.0355267115,-0.0220587049,0.0749327615,-0.0617084466
5.1874361038,0.0122000994,-0.0014811637,0.0258639641,-0.0261836741,0.0536067039,-0.0520057529
5.1974258423,0.0215735994,0.0012984170,0.0162347741,-0.0270647835,0.0238320306,-0.0326865166
5.2074332237,0.0281663798,0.0216292217,0.0054675532,-0.0109332167,0.0006340321,-0.0102371350
5.2174220085,0.0205182545,0.0273513794,-0.0054059434,0.0084175775,-0.0204922911,0.0015726530
5.2274103165,0.0140207531,0.0235947222,-0.0113569899,0.0384031758,-0.0330677405,0.0037580428
5.2373943329,0.0065266164,0.0209169649,-0.0163298659,0.0298180729,-0.0267392676,0.0015980860
5.2473793030,0.0018136770,0.0192124285,-0.0105302138,0.0244179815,-0.0203410238,0.0047475407
5.2575650215,-0.0038379161,0.0124317342,-0.0203285031,0.0125533342,-0.0065138927,0.0078546498
5.2674870491,-0.0067015765,0.0016697204,-0.0281125121,-0.0014706058,0.0125886956,0.0045533958
5.2774400711,-0.0068742959,-0.0032602693,-0.0309721641,-0.0057827970,0.0220778063,-0.0071930084
5.2873730659,-0.0061513511,-0.0005051153,-0.0387520008,-0.0111179082,0.0209859088,-0.0050574197
5.2973990440,-0.0045531122,0.0061234799,-0.0416395478,-0.0197341666,0.0326239243,-0.0115024028
5.3073859215,-0.0088504581,-0.0000406461,-0.0337585621,-0.0304451324,0.0378668904,-0.0136537040
5.3173627853,-0.0101945279,-0.0003729979,-0.0307677202,-0.0293026362,0.0314052626,-0.0199853685
5.3274149895,-0.0066456227,0.0121155502,-0.0297783427,-0.0185490586,0.0176849216,-0.0092799943
5.3373422623,-0.0009480744,0.0216408037,-0.0346575193,-0.0313350298,0.0070692948,0.0109838638
5.3473591805,-0.0018432766,0.0056177084,-0.0355537347,-0.0398891009,0.0018135458,0.0290845726
5.3573513031,-0.0076515852,-0.0084434850,-0.0286859684,-0.0217395239,0.0040335571,0.0216179993
5.3673238754,-0.0068805693,0.0081280256,-0.0219201855,0.0102943080,0.0052956291,0.0152130984
5.3774170876,0.0005615026,0.0348379798,-0.0102432175,0.0444052704,0.0109090395,0.0162169747
5.3873381615,0.0111326994,0.0315078497,-0.0091249151,0.0581759438,0.0238410849,0.0161234979
5.3973512650,0.0120745124,0.0086648772,-0.0138364239,0.0666711628,0.0282060057,0.0192780122
5.4072742462,0.0049680891,0.0013485035,-0.0098849935,0.0494983010,0.0366871059,0.0266717467
5.4172911644,0.0025467994,0.0065008183,-0.0049581337,0.0205753073,0.0440523438,0.0383268073
5.4272999763,0.0002024890,0.0006174563,-0.0019382045,-0.0082595367,0.0407319181,0.0511171706
5.4373240471,0.0066741379,-0.0093283048,0.0060466719,-0.0327724665,0.0362631343,0.0511652380
5.4472732544,0.0141514810,-0.0126893735,0.0100823240,-0.0433955491,0.0308188312,0.0490831807
5.4572649002,0.0147585096,-0.0092899716,0.0198954530,-0.0337776802,0.0308641065,0.0458899178
5.4672279358,0.0163481794,-0.0028838548,0.0169879980,-0.0187499933,0.0223936569,0.0416847840
5.4773468971,0.0122752311,-0.0030965391,0.0150350528,0.0037882053,0.0086498810,0.0385692865
5.4873042107,0.0142872902,-0.0147989905,0.0160933919,0.0017535500,-0.0031316779,0.0375847146
5.4972472191,0.0192858540,-0.0227012634,0.0142058330,-0.0088644736,-0.0106798755,0.0397671759
5.5071911812,0.0183613859,-0.0150252944,0.0160893388,-0.0013873829,-0.0116817569,0.0408308432
5.5172991753,0.0134799452,-0.0042863968,0.0228148289,0.0146614918,-0.0127020134,0.0323285684
5.5272722244,0.0126753422,-0.0090704514,0.0218320675,0.0083258320,-0.0223429222,0.0355826840
5.5372343063,0.0206963979,-0.0119285723,0.0150439935,0.0082982685,-0.0180895887,0.0323651880
5.5473451614,0.0188357644,-0.0031566690,0.0071491790,0.0168073345,-0.0127161276,0.0280748345
5.5572609901,0.0198823921,-0.0009357998,0.0032355383,0.0466380678,-0.0039716391,0.0237478614
5.5672569275,0.0219113640,-0.0091085015,0.0023221567,0.0690970421,-0.0070497207,0.0184401814
5.5772743225,0.0239123069,-0.0092586083,-0.0093697114,0.0978415981,0.0038284936,0.0151647609
5.5874838829,0.0189403258,-0.0092032505,-0.0103665991,0.1159657389,0.0102997087,0.0055486192
5.5972499847,0.0148506584,-0.0109704388,0.0023591712,0.1106313020,0.0112959975,0.0012938199
5.6072649956,0.0148058059,-0.0225771070,0.0063523841,0.0989458859,0.0068759490,-0.0050437045
5.6172142029,0.0098522725,-0.0313792750,0.0122534232,0.0893244073,0.0110232895,-0.0114387535
5.6274642944,0.0068169357,-0.0393623896,0.0132765966,0.0711802989,0.0119245034,-0.0146190999
5.6372141838,0.0134379091,-0.0397120118,0.0241230913,0.0360589251,0.0030183601,-0.0240971576
5.6472220421,0.0240637176,-0.0313986652,0.0241764374,0.0319254324,-0.0057365159,-0.0442229323
5.6573867798,0.0212865882,-0.0272690542,0.0084744887,0.0171396956,-0.0240414869,-0.0462172404
5.6674242020,0.0176818930,-0.0300788768,0.0015809133,0.0012352988,-0.0317641236,-0.0599671416
5.6771831512,0.0092212977,-0.0329310335,0.0024438098,0.0034494512,-0.0371833891,-0.0705566704
5.6872191429,0.0074764909,-0.0111089749,0.0061586094,0.0280892830,-0.0487313867,-0.0683742091
5.6972198486,0.0243768506,0.0061156307,0.0071158600,0.0365630612,-0.0464024544,-0.0535210893
5.7073850632,0.0247750841,0.0094635831,0.0021465018,0.0140116811,-0.0378539711,-0.0333753452
5.7171878815,0.0163769089,0.0026160819,-0.0028356120,-0.0234788358,-0.0283893645,-0.0185411368
5.7272272110,0.0107612284,-0.0055124941,-0.0038571164,-0.0577547848,-0.0157926120,-0.0143493218
5.7371859550,0.0049976083,-0.0032924446,-0.0097888513,-0.0855872184,-0.0095208678,-0.0048053516
5.7473382950,0.0040849121,-0.0023032422,-0.0205650143,-0.1154937148,-0.0065639596,-0.0069284234
5.7571649551,0.0002708257,-0.0112249507,-0.0322797112,-0.1155369952,0.0019147464,-0.0154831633
5.7671928406,-0.0027417718,0.0023606163,-0.0421324782,-0.0877500996,0.0020388493,-0.0261272863
5.7772493362,-0.0048216460,0.0154593261,-0.0490497164,-0.0289658792,0.0001972734,-0.0452818051
5.7872481346,-0.0019489705,0.0184160061,-0.0548988394,0.0190264136,0.0059033623,-0.0464147143
5.7971467972,0.0008207232,0.0188396536,-0.0489846282,0.0317647122,0.0145546403,-0.0454140306
5.8071632385,-0.0033964394,0.0153823281,-0.0333139710,0.0284448154,0.0284323730,-0.0444393121
5.8171448708,-0.0017263620,0.0031030108,-0.0243892483,0.0262261368,0.0359523445,-0.0391795672
5.8272051811,0.0086543532,-0.0022314223,-0.0134654446,0.0326432884,0.0307397377,-0.0295887291
5.8371081352,0.0140305879,0.0098984437,-0.0036406324,0.0230053086,0.0349328853,-0.0296055060
5.8471479416,0.0116016241,0.0130674513,0.0071572852,0.0047714440,0.0475719795,-0.0349866897
5.8571419716,0.0061974050,0.0042111245,0.0179941840,-0.0273525380,0.0601402335,-0.0361082777
5.8671379089,0.0066370936,-0.0039676498,0.0181445666,-0.0551010780,0.0578243509,-0.0318243168
5.8771810532,0.0157948397,0.0014038315,0.0163473673,-0.0529596284,0.0557316393,-0.0286255963
5.8871231079,0.0132395448,0.0165837705,0.0143730836,-0.0357955582,0.0483192615,-0.0360262543
5.8971171379,0.0069574239,0.0212233141,0.0114555554,-0.0175304003,0.0366431661,-0.0434014797
5.9071059227,0.0154350521,0.0202600844,0.0096175270,-0.0089068161,0.0260310005,-0.0422762930
5.9170842171,0.0258032046,0.0360294208,0.0174785443,0.0093179932,0.0092331124,-0.0230562612
5.9271602631,0.0257335715,0.0332150757,0.0194772072,0.0029389234,0.0007514772,-0.0091857193
5.9371099472,0.0219942443,0.0272529870,0.0165137239,-0.0087104095,-0.0194483325,0.0143271964
5.9471011162,0.0271781348,0.0241769031,0.0204280801,-0.0288228691,-0.0482797176,0.0357760303
5.9572930336,0.0315939598,0.0257129706,0.0135199623,-0.0363058187,-0.0566753298,0.0602688529
5.9671659470,0.0194828026,0.0241374597,0.0104028778,-0.0320362374,-0.0566423088,0.0602656566
5.9773778915,0.0092902901,0.0226782374,0.0121690826,-0.0181771480,-0.0502153002,0.0495914444
5.9870991707,0.0038159462,0.0264408924,0.0188650079,0.0159579180,-0.0436202511,0.0399633162
5.9973020554,0.0003112525,0.0197689272,0.0139284329,0.0532062240,-0.0284005497,0.0366535410
6.0070419312,-0.0052488176,0.0065166135,0.0090342360,0.0702382028,-0.0176898465,0.0238234960
6.0170650482,-0.0110394089,0.0033078422,0.0177803226,0.0873036012,-0.0112505909,0.0110194180
6.0271072388,-0.0081083355,0.0099611739,0.0207010098,0.0798406303,-0.0123771084,0.0110319350
6.0370221138,-0.0031103371,0.0027444218,0.0188157149,0.0467758849,-0.0158333592,0.0121414075
6.0470228195,-0.0037065623,-0.0175195187,0.0178934522,0.0202124529,-0.0320434868,0.0154522499
6.0572791100,-0.0023293821,-0.0223719366,0.0178736635,-0.0009978944,-0.0472104549,0.0102506969
6.0670681000,0.0011209816,-0.0147611862,0.0109090405,-0.0158026740,-0.0633750409,0.0082410751
6.0771079063,0.0037693800,-0.0120672798,0.0039514494,-0.0135447122,-0.0741376802,-0.0023139643
6.0870161057,0.0004884423,0.0005759342,0.0037315681,0.0174177308,-0.0686904490,-0.0183067787
6.0970411301,0.0021335008,0.0097051496,-0.0003483103,0.0505328104,-0.0695479810,-0.0236365627
6.1070380211,0.0067154290,0.0112577165,-0.0033687756,0.0590141788,-0.0641020909,-0.0194282364
6.1170392036,0.0082610967,0.0128192166,-0.0044480967,0.0535380505,-0.0470466726,-0.0195335653
6.1270561218,0.0066392990,0.0144230807,0.0071813655,0.0544600375,-0.0330634788,-0.0100633632
6.1369919777,0.0098724933,0.0198860243,0.0051670861,0.0490568839,-0.0360704511,0.0175795816
6.1470251083,0.0112850787,0.0173418820,-0.0056231427,0.0447617397,-0.0391738340,0.0335385762
6.1570010185,0.0117333503,0.0108506875,-0.0046748924,0.0373473614,-0.0498387292,0.0431750901
6.1669931412,0.0121684493,0.0112027088,0.0001220300,0.0469312817,-0.0486594811,0.0474103168
6.1770548820,0.0096739652,0.0116067836,0.0029375150,0.0586882047,-0.0475635901,0.0399583913
6.1870203018,0.0043305578,0.0061814119,-0.0039932537,0.0608381741,-0.0444495566,0.0271880012
6.1970210075,-0.0019543795,0.0027051349,-0.0099876327,0.0566989593,-0.0584167726,0.0230341349
6.2069902420,-0.0022729067,-0.0007879803,-0.0227867775,0.0577924512,-0.0595225170,0.0177285857
6.2169480324,-0.0055208681,-0.0091514764,-0.0297119431,0.0535357855,-0.0574982464,0.0081562530
6.2270441055,-0.0059766201,-0.0097537888,-0.0298079662,0.0395736322,-0.0479689240,0.0102289915
6.2369751930,-0.0037713377,-0.0112841008,-0.0181188993,0.0393870771,-0.0223831367,0.0026265988
6.2469882965,-0.0046744822,-0.0129780760,-0.0161779933,0.0210618675,0.0009522797,-0.0017614916
6.2569441795,-0.0010245471,0.0038114940,-0.0142520471,0.0145411175,0.0148025807,-0.0007830462
6.2669582367,0.0076279910,-0.0029431465,-0.0160643868,-0.0089959009,0.0199917499,0.0023869143
6.2770261765,0.0054646106,-0.0080539910,-0.0179658346,-0.0272145830,0.0284086708,0.0034082367
6.2869229317,-0.0035837470,-0.0045235301,-0.0199634843,-0.0281815790,0.0145431887,0.0077483896
6.2969408035,-0.0017712890,-0.0007565276,-0.0238428526,-0.0025174944,0.0114818858,0.0013754459
6.3069162369,-0.0019876985,0.0071543348,-0.0199596696,0.0177438352,0.0127346367,0.0045403466
6.3169560432,-0.0011630832,0.0132354433,-0.0170293860,0.0199269615,0.0084413551,0.0003164397
6.3269653320,0.0036460431,0.0076931310,-0.0130317016,0.0284554679,0.0106267454,-0.0018284703
6.3369221687,0.0044753077,0.0031893146,-0.0100433035,0.0380250067,0.0170713291,-0.0071904790
6.3469362259,0.0111016603,0.0065893685,-0.0031363771,0.0391922668,0.0074067162,-0.0135029703
6.3569211960,0.0216433816,0.0160156451,0.0047302437,0.0531098135,0.0021776001,-0.0124154668
6.3669252396,0.0265411548,0.0175483413,0.0076936674,0.0457349867,-0.0117283612,-0.0070081851
6.3768181801,0.0277323835,0.0140687199,0.0125642614,0.0341313295,-0.0320493467,0.0016292452
6.3868980408,0.0263119601,-0.0023357715,0.0105999904,0.0117783537,-0.0459803417,0.0176710617
6.3969001770,0.0257541798,0.0005186504,0.0144051509,-0.0117565328,-0.0491620228,0.0421441831
6.4068651199,0.0271381848,0.0021645953,0.0182292648,-0.0267730355,-0.0469952747,0.0591388792
6.4169149399,0.0256976001,0.0007962367,0.0122698741,-0.0193061959,-0.0490150154,0.0665852055
6.4269008636,0.0173217468,0.0063993041,0.0062271548,0.0169165246,-0.0391429402,0.0633087233
6.4368748665,0.0078107240,0.0113234939,0.0148494439,0.0318117179,-0.0305342749,0.0568693317
6.4468822479,0.0060873749,0.0046730903,0.0236247368,0.0243450124,-0.0295595564,0.0526186600
6.4570012093,0.0064880373,-0.0069858017,0.0148310261,0.0222475063,-0.0317657180,0.0462590307
6.4668688774,0.0009779901,-0.0166856088,0.0147816734,0.0126633225,-0.0308527872,0.0366982818
6.4769058228,-0.0046400307,-0.0186667368,0.0195853896,0.0020239940,-0.0320727825,0.0282126516
6.4868602753,-0.0033925502,-0.0196549147,0.0195524283,-0.0011576852,-0.0300596971,0.0165155157
6.4971499443,0.0017182947,-0.0168031380,0.0136656361,-0.0054681441,-0.0237125866,0.0122258300
6.5069298744,0.0047192248,-0.0090375235,0.0185029097,-0.0086620720,-0.0206217226,0.0015841047
6.5168700218,0.0118311765,-0.0101577928,0.0155860381,-0.0245486293,-0.0357103944,0.0016943596
6.5268750191,0.0259096883,-0.0046241726,0.0019154742,-0.0447497666,-0.0475779697,0.0070973812
6.5368151665,0.0283032320,0.0056038131,-0.0070062089,-0.0522240624,-0.0486754626,0.0102959704
6.5468711853,0.0198834799,0.0128795067,-0.0042629647,-0.0416206867,-0.0379509106,0.0049070632
6.5568542480,0.0163600408,0.0106323669,-0.0072741318,-0.0149665736,-0.0334783979,0.0048637874
6.5668520927,0.0185153298,0.0185900405,-0.0054027247,0.0276583843,-0.0204139948,-0.0058746105
6.5768971443,0.0175965689,0.0327039026,-0.0016099021,0.0511007234,-0.0201282371,0.0057912334
6.5868210793,0.0207005255,0.0322641283,-0.0064961719,0.0585131012,-0.0157321580,0.0131942872
6.5968017578,0.0209459774,0.0161955357,-0.0025285289,0.0403668545,-0.0179630872,0.0185325947
6.6068668365,0.0201059394,0.0164791793,-0.0015955970,0.0232629701,-0.0211655386,0.0345011726
6.6168150902,0.0242145173,0.0165575705,-0.0016044781,0.0051512113,-0.0297616906,0.0451917723
6.6267852783,0.0245169811,0.0154841403,-0.0026206777,0.0051743807,-0.0350509919,0.0516003966
6.6368541718,0.0238249712,0.0183285363,0.0021654561,0.0020084139,-0.0445808508,0.0654776022
6.6467900276,0.0262388401,0.0123312110,0.0001816346,0.0040928703,-0.0433869548,0.0782170966
6.6569380760,0.0208553486,0.0033473638,-0.0037982867,0.0115714259,-0.0433470085,0.0760867000
6.6667652130,0.0105143907,0.0041667377,-0.0049412060,0.0168977492,-0.0411863849,0.0739441887
6.6767902374,0.0080221416,0.0002078159,-0.0011170313,0.0094958916,-0.0497931875,0.0740047768
6.6867389679,0.0066729160,-0.0165810995,-0.0030992434,-0.0118064675,-0.0542603731,0.0708614439
6.6967129707,0.0043427618,-0.0238320604,-0.0139329834,-0.0224989280,-0.0511567295,0.0687249228
6.7068967819,-0.0000484466,-0.0262362845,-0.0160049014,-0.0255913883,-0.0566971712,0.0485775806
6.7167391777,-0.0045122383,-0.0235847160,-0.0044279504,-0.0116928834,-0.0514214449,0.0272829421
6.7267432213,-0.0070854155,-0.0188302808,-0.0035760805,-0.0042850338,-0.0386475958,0.0144462408
6.7367320061,-0.0088406233,-0.0150592430,-0.0026898787,-0.0129445679,-0.0174839851,-0.0026832116
6.7467389107,-0.0078312932,-0.0131270876,0.0041461182,-0.0023326706,-0.0057359831,-0.0133907171
6.7567462921,0.0038480433,-0.0042133550,-0.0016721294,0.0061680055,-0.0024310001,-0.0091668107
6.7665510178,0.0076908441,0.0026262221,-0.0133907003,-0.0110855494,0.0146270795,0.0013585349
6.7765760422,-0.0003110348,-0.0005772518,-0.0143684549,-0.0346470699,0.0219718125,0.0066393167
6.7867431641,-0.0043870835,-0.0029181833,-0.0163076930,-0.0421429351,0.0188407321,0.0226021707
6.7968230247,0.0023695054,-0.0062420885,-0.0220671706,-0.0378010496,0.0061345249,0.0322410837
6.8066692352,0.0052763494,-0.0066153179,-0.0210691504,-0.0398743190,-0.0013630725,0.0322911516
6.8166780472,0.0042773159,0.0017818405,-0.0201475434,-0.0323414356,-0.0108772153,0.0376588851
6.8267087936,0.0043864669,0.0064460044,-0.0182548575,-0.0033888808,-0.0214592870,0.0238962006
6.8367061615,0.0055773081,0.0035731797,-0.0211905651,0.0211618692,-0.0170874409,0.0132279769
6.8466968536,-0.0022001890,0.0097125480,-0.0154428883,0.0402886905,-0.0052100085,0.0099504255
6.8566799164,-0.0021586148,0.0031851982,-0.0144361062,0.0220420435,0.0053715291,0.0141449049
6.8666729927,0.0076312395,-0.0142890951,-0.0083954735,-0.0196718480,0.0105018429,0.0268894620
6.8767571449,0.0163118206,-0.0204590112,-0.0092363162,-0.0400434285,0.0168574769,0.0385485142
6.8867058754,0.0180056803,-0.0131318634,-0.0111608310,-0.0454523116,0.0243244488,0.0416910425
6.8966789246,0.0157345943,-0.0038797441,-0.0053192782,-0.0432942212,0.0190513898,0.0480982102
6.9067091942,0.0165377073,-0.0092101796,0.0035326674,-0.0335949883,0.0115631130,0.0385784768
6.9166750908,0.0145240845,-0.0163773112,0.0045460653,-0.0185759552,0.0052058804,0.0311710257
6.9267010689,0.0134411128,-0.0028755362,0.0073996973,-0.0013841856,-0.0022789335,0.0152716879
6.9366283417,0.0094500305,0.0098836320,0.0151101546,0.0200485345,-0.0054731290,-0.0027836130
6.9466781616,0.0075963112,0.0022191298,0.0141562419,0.0018713949,-0.0034398055,0.0014654605
6.9566640854,0.0076039555,-0.0056154164,0.0132208066,-0.0152974715,0.0060780663,0.0056676627
6.9666709900,0.0036853822,-0.0186259039,0.0103485780,-0.0452806726,0.0134185366,0.0162649117
6.9766221046,-0.0003536671,-0.0192726664,0.0054681492,-0.0698406100,0.0101183476,0.0279916096
6.9866123199,-0.0004653066,-0.0103626577,-0.0053127217,-0.0815886110,0.0079534631,0.0354505926
6.9966950417,0.0032881172,-0.0063443179,-0.0023500726,-0.1007890701,0.0056793904,0.0365396924
7.0068283081,0.0002388478,-0.0064451951,-0.0072383094,-0.0934089199,0.0185256805,0.0322016701
7.0166020393,-0.0077403365,-0.0103271222,-0.0062708664,-0.0773503184,0.0185243487,0.0173161961
7.0266017914,-0.0119711040,0.0036156406,-0.0034103796,-0.0560010932,0.0218232069,0.0087807644
7.0366501808,-0.0082180975,0.0021562618,-0.0013986633,-0.0548103973,0.0068687582,0.0088771712
7.0466508865,0.0006208689,-0.0021518613,-0.0061956453,-0.0429212451,-0.0122503405,0.0121800229
7.0566530228,0.0057108970,0.0003510235,-0.0120671792,-0.0502956696,-0.0272018611,0.0207832325
7.0665922165,0.0010781557,-0.0012196893,-0.0072669792,-0.0652985871,-0.0229791515,0.0282030646
7.0766000748,-0.0035899160,-0.0078014056,-0.0024429366,-0.0695853457,-0.0219224095,0.0303225406
7.0866341591,-0.0034302352,-0.0055128965,-0.0054232883,-0.0451356620,-0.0078753000,0.0259648114
7.0965900421,-0.0102420626,-0.0010133156,-0.0074627209,-0.0184902027,0.0028915934,0.0110029057
7.1065921783,-0.0093913851,0.0017949311,-0.0035569475,-0.0132080894,0.0124880280,0.0035002488
7.1166019440,-0.0026405333,-0.0051596607,-0.0092941327,-0.0196966138,0.0231161714,0.0023737315
7.1265931129,0.0021246048,-0.0160734951,-0.0120928092,-0.0292541683,0.0187307447,-0.0018407209
7.1366229057,0.0047675641,-0.0036088708,-0.0130816502,-0.0196388233,0.0177363195,-0.0018409871
7.1465811729,0.0054780366,0.0069424589,-0.0101499362,-0.0249704719,0.0166353695,-0.0007677332
7.1565890312,0.0092455270,-0.0010623442,-0.0022331879,-0.0302958637,0.0113343466,0.0088306982
7.1665821075,0.0131629081,-0.0159696750,-0.0031020448,-0.0270934142,0.0092669353,0.0141538251
7.1765632629,0.0053126337,-0.0171789937,-0.0021623776,-0.0003134627,0.0029507156,0.0014281766
7.1866412163,0.0014331163,-0.0072676237,-0.0051989960,0.0404299721,-0.0160360243,-0.0059138923
7.1965708733,0.0045675607,0.0040447344,-0.0072328853,0.0651940405,-0.0394121855,-0.0121540781
7.2066011429,0.0059532346,-0.0000348384,0.0015273883,0.0695038363,-0.0426215641,-0.0163858403
7.2165570259,-0.0003918587,-0.0151242083,0.0014741018,0.0363466814,-0.0332877152,-0.0196095966
7.2265410423,-0.0020514457,-0.0149146197,0.0004289343,0.0074497852,-0.0249426998,-0.0175187495
7.2365512848,0.0019383848,-0.0079899570,0.0062540364,-0.0054693418,-0.0122050680,-0.0165313836
7.2465600967,0.0048271539,-0.0110282591,0.0111866789,-0.0398331769,0.0110789500,-0.0124088097
7.2565927505,0.0045206966,-0.0008381637,0.0062875939,-0.0699507296,0.0365491547,-0.0061774123
7.2665400505,0.0031814249,-0.0015519516,-0.0014647648,-0.0721473098,0.0461059101,-0.0115498072
7.2765178680,0.0027616294,-0.0022024917,-0.0043142247,-0.0592492148,0.0396959446,-0.0232049990
7.2865300179,0.0101054134,0.0198964514,-0.0091841025,-0.0228363462,0.0239729118,-0.0199412946
7.2965459824,0.0137923332,0.0267269053,-0.0081769032,-0.0013984339,0.0113527225,-0.0156264417
7.3065471649,0.0128741534,0.0160282664,-0.0081271930,0.0019289199,-0.0067274775,-0.0080747819
7.3164739609,0.0141097726,0.0043856245,-0.0110249920,0.0095556797,-0.0258961115,-0.0058273394
7.3264808655,0.0123501690,0.0124131972,-0.0072307992,0.0277035236,-0.0288985595,0.0016161955
7.3365278244,0.0085688056,0.0253810473,-0.0054091024,0.0265314672,-0.0160836950,0.0015347027
7.3465242386,0.0008770645,0.0138577009,0.0043434096,0.0114366710,0.0030196919,-0.0007034179
7.3564977646,0.0009110243,-0.0065873633,0.0083739953,-0.0068218289,0.0136291934,0.0056108041
7.3664579391,0.0046492489,-0.0087215407,0.0006507828,-0.0175961778,0.0274038613,0.0012794386
7.3764638901,-0.0007266431,-0.0000987122,0.0055195284,-0.0059863962,0.0477083325,-0.0094834603
7.3865089417,-0.0042037992,-0.0001839766,0.0056136441,-0.0071073193,0.0603889748,-0.0255007762
7.3964748383,0.0010746986,-0.0030358094,0.0106678205,0.0036670314,0.0507976003,-0.0318199247
7.4064779282,0.0055230232,-0.0048045325,0.0049459529,0.0176707320,0.0411596224,-0.0466406830
7.4164628983,0.0080085518,0.0032812697,-0.0008461879,0.0326274447,0.0422872007,-0.0530316010
7.4264659882,0.0095791193,0.0086241672,-0.0017664835,0.0391615070,0.0294486377,-0.0603896491
7.4364643097,0.0180771761,0.0150907384,0.0041809273,0.0392665714,0.0124414228,-0.0496564470
7.4464511871,0.0296736024,0.0126199694,0.0023637607,0.0156688318,0.0188351404,-0.0305583850
7.4564790726,0.0226450376,0.0057982286,0.0111777382,-0.0175021701,0.0240219124,-0.0188822877
7.4664311409,0.0195509754,0.0025992063,0.0102370577,-0.0302645694,0.0133442357,-0.0060554394
7.4764442444,0.0252815597,0.0151473107,0.0063215089,-0.0088182678,-0.0034802854,0.0067867222
7.4864339828,0.0273188017,0.0248042233,-0.0044860053,-0.0034019304,-0.0151497237,0.0121705700
7.4964408875,0.0168339126,0.0139531018,-0.0035721466,-0.0011816528,-0.0226750188,0.0058466271
7.5064172745,0.0103103938,0.0012086040,0.0032333329,0.0010146564,-0.0301395934,0.0058934987
7.5164151192,0.0125255855,0.0040958789,-0.0056187320,0.0009830976,-0.0237844922,-0.0015874541
7.5264000893,0.0097489031,0.0059655090,-0.0086059375,-0.0087464955,-0.0088966228,-0.0016772026
7.5364089012,0.0049108388,-0.0039773318,-0.0125010414,-0.0142252827,0.0144390604,-0.0177609641
7.5464372635,-0.0022377996,-0.0011000925,-0.0056778002,-0.0025915308,0.0304973889,-0.0253099613
7.5563960075,0.0069416733,0.0214959234,-0.0046536732,0.0153866708,0.0436249077,-0.0062843384
7.5664010048,0.0133256735,0.0158113129,-0.0005652116,0.0163933448,0.0448377095,0.0096429624
7.5763578415,0.0071351202,-0.0084824739,0.0064405990,0.0099640749,0.0469445400,0.0117581794
7.5864171982,0.0047111930,-0.0074576247,0.0143192606,0.0036459919,0.0351661779,0.0150261447
7.5963811874,0.0092315497,0.0023516309,0.0163089223,0.0048168506,0.0202641934,0.0214974917
7.6064190865,0.0121140452,-0.0064911763,0.0154288607,-0.0078025376,0.0008465522,0.0120707005
7.6163539886,0.0074299099,-0.0231289528,0.0144709544,0.0020329151,-0.0153638422,-0.0175778717
7.6263670921,0.0057107033,-0.0180758387,0.0153678255,0.0279127154,-0.0367666036,-0.0440169387
7.6363658905,0.0079694809,-0.0011025661,0.0074058962,0.0397427455,-0.0431834906,-0.0556719974
7.6463451385,0.0083858045,-0.0017240600,0.0073283506,0.0151979867,-0.0444330424,-0.0545843616
7.6563701630,0.0087686600,-0.0113081997,0.0190381594,-0.0126699964,-0.0317939483,-0.0503937416
7.6663451195,0.0089346142,-0.0093393391,0.0307100005,-0.0149171716,-0.0189676322,-0.0483505651
7.6763548851,0.0139452191,0.0042755608,0.0247805901,-0.0106934002,-0.0219538342,-0.0270892195
7.6863918304,0.0151079269,0.0120000253,0.0198220201,-0.0181414634,-0.0314852893,-0.0100239487
7.6965031624,0.0175173245,0.0068856743,0.0129418569,-0.0351287015,-0.0454495735,-0.0024837409
7.7063779831,0.0259480737,0.0074833115,0.0080005126,-0.0541599132,-0.0743089169,0.0147149526
7.7163310051,0.0286473297,0.0126747387,-0.0019452975,-0.0680180788,-0.0786461458,0.0200648457
7.7263259888,0.0156925730,0.0070118126,0.0056483936,-0.0701938793,-0.0691437200,0.0083184391
7.7363171577,0.0085075172,0.0014663195,0.0113519030,-0.0585536025,-0.0583307520,0.0124904141
7.7463231087,0.0109880688,0.0039263372,-0.0014571354,-0.0266409405,-0.0431571268,0.0081201671
7.7561569214,0.0025913985,0.0018104432,-0.0045169401,0.0128027387,-0.0333084874,-0.0004689265
7.7663121223,0.0019370884,0.0021362272,-0.0055661607,0.0534369871,-0.0373692773,-0.0121572744
7.7762980461,0.0052245827,0.0027400223,-0.0095042987,0.0555898845,-0.0374017656,-0.0185355451
7.7863001823,0.0134110274,-0.0026090587,-0.0065504718,0.0257430375,-0.0408753268,-0.0227417406
7.7962579727,0.0089919539,-0.0152279241,-0.0144114895,-0.0052468348,-0.0368393064,-0.0227465350
7.8065571785,0.0005332053,-0.0192443542,-0.0125610633,-0.0116903540,-0.0284205228,-0.0323581509
7.8163490295,0.0036516609,-0.0085669262,-0.0145981116,-0.0148781575,-0.0295273326,-0.0334090330
7.8262538910,0.0078286799,-0.0057463120,-0.0204968862,-0.0170550253,-0.0252508279,-0.0313104615
7.8364439011,0.0012281508,-0.0088267615,-0.0235109143,-0.0128731951,-0.0124412896,-0.0377738215
7.8462791443,-0.0085280566,-0.0010660285,-0.0168140940,0.0030847313,-0.0038129142,-0.0431528762
7.8563289642,-0.0046094386,0.0020485190,-0.0158144645,0.0041788905,-0.0080563948,-0.0399369746
7.8662471771,0.0021973969,0.0051592109,-0.0167596750,0.0083869509,-0.0005422862,-0.0399886407
7.8764371872,0.0001774550,0.0082210796,-0.0109286113,-0.0054833237,-0.0027572373,-0.0367787294
7.8862919807,0.0042002024,0.0072818515,-0.0118796034,-0.0065041147,-0.0154362815,-0.0186351463
7.8962540627,0.0121485712,0.0151351625,-0.0158099942,0.0010117264,-0.0228119064,-0.0122149317
7.9062747955,0.0025586458,0.0112483138,-0.0100279851,0.0030900575,-0.0142818000,-0.0165212639
7.9164342880,-0.0031487672,0.0132155316,-0.0023159191,-0.0021794066,-0.0260037035,-0.0079438873
7.9262351990,0.0067761512,0.0220368803,-0.0013441847,-0.0107601117,-0.0259610936,0.0048105242
7.9362449646,0.0069499435,0.0267202705,-0.0043437886,-0.0226925351,-0.0098662795,0.0227747429
7.9462327957,-0.0065476475,0.0096314074,-0.0024318502,-0.0462505929,-0.0025306023,0.0269931909
7.9564371109,-0.0113410233,-0.0075395550,0.0015187457,-0.0527071655,0.0059228037,0.0216317158
7.9662199020,-0.0065338491,0.0007409757,-0.0082545085,-0.0324125439,0.0039512655,0.0226927176
7.9761118889,-0.0077203987,0.0131828533,-0.0122121973,-0.0004732516,0.0201014727,0.0076929964
7.9861640930,-0.0128549812,0.0122626768,-0.0043852734,0.0092078708,0.0189350080,-0.0124916341
7.9964017868,-0.0041991053,0.0056321477,-0.0003261373,0.0135062132,0.0147080394,-0.0114077274
8.0062160492,0.0044542374,0.0058398810,-0.0021896765,0.0135618728,0.0124709839,-0.0230795648
8.0161867142,-0.0016221731,0.0117673287,0.0036254122,0.0006977394,0.0167000834,-0.0167231299
8.0262060165,0.0031143548,0.0087546641,0.0105440216,-0.0323470309,0.0069161630,-0.0060126958
8.0363407135,0.0060807141,-0.0042588594,0.0135697322,-0.0387671106,0.0058618174,0.0014351006
8.0461902618,0.0011845649,-0.0026857252,0.0144968228,-0.0269432068,-0.0036749626,0.0004262950
8.0562191010,0.0041722776,0.0089067677,0.0124848681,-0.0022491813,-0.0205934923,-0.0005437613
8.0661773682,0.0083591463,0.0147823179,0.0104664164,0.0021751281,-0.0397884920,0.0006400137
8.0763988495,0.0078393938,0.0138357216,0.0074364734,0.0043923431,-0.0473076627,-0.0056869909
8.0861673355,0.0015481234,0.0020857272,0.0024691417,0.0053944904,-0.0377170853,-0.0099994484
8.0961685181,-0.0059400825,0.0080313021,-0.0035452649,0.0298871826,-0.0237815622,-0.0271037314
8.1061992645,-0.0078871874,0.0221369006,0.0070925546,0.0393813550,-0.0108644320,-0.0250693429
8.1161346436,-0.0001272737,0.0313662775,0.0032037094,0.0338290632,0.0095244627,-0.0113898842
8.1262283325,0.0018209637,0.0130561115,0.0004146292,0.0080382107,0.0254658777,0.0012734467
8.1361417770,-0.0062323688,0.0013260363,0.0053614569,0.0026104217,0.0340303406,0.0086621204
8.1461257935,0.0012500853,0.0092270272,0.0054432941,0.0144630866,0.0160524026,0.0204567276
8.1561470032,0.0108928354,0.0231214352,-0.0004050539,0.0391821489,-0.0061612898,0.0248313695
8.1660871506,0.0081617953,0.0195248574,-0.0014126704,0.0361381546,-0.0254231337,0.0249584038
8.1762027740,0.0095624747,0.0050843772,0.0025044277,0.0159435384,-0.0393996723,0.0335616097
8.1861152649,0.0139751853,-0.0075447033,0.0005625083,0.0137946326,-0.0372877866,0.0324870236
8.1961259842,0.0084215971,-0.0056211795,0.0024051263,0.0147945173,-0.0276905503,0.0292381048
8.2060651779,0.0046497406,0.0022832011,0.0022903278,0.0232473910,-0.0158956759,0.0259685405
8.2164278030,0.0038196864,-0.0054306383,0.0003543689,0.0092174578,0.0032231570,0.0247928873
8.2262792587,0.0008357585,-0.0065169255,-0.0025740073,-0.0122372331,0.0127490181,0.0332452282
8.2372989655,-0.0002449184,-0.0126831783,-0.0035074756,-0.0293158218,0.0126174577,0.0332577452
8.2478752136,0.0045931609,-0.0228590406,-0.0043718624,-0.0399492905,0.0072003221,0.0343626924
8.2560739517,0.0095066400,-0.0232814252,-0.0053281593,-0.0387153141,-0.0110069113,0.0281019974
8.2658586502,0.0115939500,-0.0158178136,-0.0073392796,-0.0267321542,-0.0345548466,0.0133728534
8.2759056091,0.0100152167,-0.0130709922,-0.0064738202,-0.0105607742,-0.0453060307,-0.0078132590
8.2859745026,0.0055778744,-0.0111304326,-0.0027099058,0.0044733030,-0.0496102311,-0.0247941073
8.2962722778,0.0039783837,-0.0051610651,0.0000907971,0.0065653492,-0.0390244313,-0.0386751667
8.3060922623,0.0003800065,-0.0050992700,0.0009749724,-0.0105923321,-0.0274458062,-0.0440502241
8.3158931732,0.0074418010,-0.0110959439,-0.0019171045,-0.0524524339,-0.0083389562,-0.0218354668
8.3259639740,0.0152453454,-0.0087625971,-0.0077349949,-0.0825232416,0.0075966003,-0.0059819361
8.3360433578,0.0131835910,-0.0076392922,-0.0165312700,-0.0783784389,0.0173693355,0.0088280356
8.3460540771,0.0080309780,-0.0004941778,-0.0253512673,-0.0379175618,0.0294481013,0.0097838445
8.3560829163,0.0086317779,0.0071075675,-0.0253201537,-0.0037916843,0.0297908522,0.0182538945
8.3660545349,0.0131460996,0.0179586820,-0.0330962949,0.0281931460,0.0353640504,0.0160706360
8.3760833740,0.0039664330,0.0134453634,-0.0203510337,0.0463624299,0.0385808796,0.0011650559
8.3860292435,-0.0002980559,0.0109969759,-0.0163788609,0.0506336093,0.0396554694,-0.0020320690
8.3960437775,0.0041132392,0.0105764056,-0.0123324795,0.0420027003,0.0492396504,0.0010967460
8.4061021805,0.0016407490,0.0080150710,-0.0044148969,0.0217064843,0.0501696281,0.0032296719
8.4160327911,0.0060746791,0.0013465813,-0.0003378199,0.0057067466,0.0437442176,0.0170970187
8.4260654449,0.0095226290,0.0013318962,0.0076022935,-0.0134499036,0.0350820199,0.0214161314
8.4360303879,0.0101490738,0.0030878675,0.0105938511,-0.0144583108,0.0223696884,0.0353089124
8.4460563660,0.0148377093,0.0019285759,0.0038312867,-0.0026610391,0.0181312673,0.0289538112
8.4560413361,0.0068497779,0.0018810896,0.0096614556,0.0080975993,0.0138100218,0.0141018927
8.4659843445,0.0057747932,0.0039452468,0.0184435435,0.0167949498,-0.0053610099,0.0142201371
8.4760341644,0.0176250599,-0.0026864628,0.0185618587,0.0104844570,-0.0171588138,0.0153640984
8.4860410690,0.0217478834,-0.0065843756,0.0215119906,-0.0075965412,-0.0226971228,0.0090382919
8.4960403442,0.0151086720,-0.0115914447,0.0292533226,-0.0171968378,-0.0217434447,0.0037246202
8.5060253143,0.0133643569,-0.0158047862,0.0282380171,-0.0364922397,-0.0143566355,0.0100645423
8.5159778595,0.0173519664,-0.0103268651,0.0252817459,-0.0322691314,-0.0100196777,0.0132197216
8.5266628265,0.0076876702,-0.0087068258,0.0212670155,-0.0109041892,-0.0078076562,0.0025665443
8.5359878540,0.0067938091,0.0011201358,0.0143454866,0.0308563076,-0.0193338171,-0.0080109984
8.5459804535,0.0186957978,0.0132866325,0.0084689455,0.0448661298,-0.0363080055,-0.0057859272
8.5559635162,0.0297276787,0.0196971148,0.0133438902,0.0395988002,-0.0438530110,-0.0089227315
8.5659675598,0.0242613517,0.0112224417,0.0298811980,0.0075772181,-0.0461928621,-0.0035732402
8.5759973526,0.0218732469,0.0091436962,0.0268321820,-0.0222513843,-0.0580780171,0.0092766453
8.5860052109,0.0244706385,0.0087861205,0.0198683925,-0.0467689782,-0.0688102916,0.0263616238
8.5959920883,0.0193781815,0.0081647458,0.0089342790,-0.0435529463,-0.0730071664,0.0316946059
8.6059455872,0.0112253549,0.0174451359,0.0008625581,-0.0201512165,-0.0621563792,0.0294831153
8.6159496307,0.0039279284,0.0260652192,-0.0023048923,0.0160604510,-0.0543453321,0.0357840210
8.6259746552,0.0025483640,0.0192634650,-0.0092235608,0.0160007961,-0.0479148626,0.0378671438
8.6359338760,-0.0028263507,0.0066086878,-0.0131850047,0.0169554055,-0.0329713337,0.0345822684
8.6459560394,-0.0102982251,0.0007359168,-0.0171755366,0.0190289430,-0.0275659133,0.0398577228
8.6558818817,-0.0062012551,0.0058298861,-0.0162457041,0.0339758024,-0.0253674742,0.0334588140
8.6658000946,-0.0080569563,0.0091038728,-0.0084928079,0.0488383695,-0.0145827383,0.0312537178
8.6759157181,-0.0098757176,0.0008032104,0.0003222420,0.0584772825,-0.0156370830,0.0248822346
8.6859321594,-0.0057370840,-0.0132599166,0.0013817742,0.0606381707,-0.0167345721,0.0195758864
8.6959228516,-0.0056078611,-0.0088334223,-0.0006265448,0.0670766309,-0.0167745184,0.0089472122
8.7059926987,-0.0074594049,-0.0024739425,0.0022282198,0.0414660759,-0.0169907678,0.0068417173
8.7160720825,0.0005445749,-0.0051425355,0.0022849634,0.0030466476,-0.0214891136,0.0153961889
8.7258682251,0.0096747847,-0.0160961561,-0.0064449715,-0.0449930504,-0.0218425151,0.0175568126
8.7359294891,0.0060169818,-0.0157921463,-0.0153120561,-0.0642351881,-0.0187796131,0.0175477564
8.7460851669,-0.0015775441,-0.0097248023,-0.0271826796,-0.0546201132,-0.0176818576,0.0122219687
8.7559499741,-0.0033933995,-0.0043770890,-0.0311745815,-0.0364938378,-0.0153981978,0.0132584702
8.7658557892,-0.0044036238,0.0091206999,-0.0293146782,0.0061050220,-0.0012197944,0.0078248233
8.7759008408,-0.0073504923,0.0054248837,-0.0234496407,0.0296107475,-0.0000522647,-0.0017600270
8.7858390808,-0.0005632966,0.0048491624,-0.0233749561,0.0348563753,0.0106853349,-0.0007709290
8.7959003448,0.0020884993,0.0151230143,-0.0096880002,0.0487287827,0.0170771871,-0.0156950168
8.8058547974,-0.0000604569,0.0098090665,-0.0027910874,0.0454775952,0.0213635452,-0.0114709781
8.8158559799,0.0046006264,0.0083181048,-0.0017189786,0.0263027027,0.0158848912,-0.0103619043
8.8258838654,0.0142345848,0.0143498937,-0.0045840549,-0.0035167132,0.0008364322,0.0067547653
8.8358612061,0.0211649798,0.0113094980,-0.0074521112,-0.0194398854,-0.0152024552,0.0206818990
8.8458499908,0.0145399841,0.0090653086,-0.0143819852,-0.0045730565,-0.0107033104,0.0333910361
8.8558416367,0.0058609517,0.0060732183,-0.0144411130,0.0188747458,-0.0020640164,0.0226955153
8.8658390045,-0.0011278271,0.0161866136,0.0020566180,0.0615686812,-0.0006831674,0.0205319636
8.8758459091,0.0065927925,0.0267337821,0.0001280500,0.0989255086,0.0017014269,0.0151767461
8.8857021332,0.0047084214,0.0228605531,-0.0066832709,0.1224710420,-0.0024642898,0.0066881860
8.8958396912,0.0009817899,0.0094612846,-0.0086099906,0.1396638900,-0.0120428819,-0.0038848300
8.9058494568,0.0031068595,0.0060143699,-0.0027339265,0.1451063156,-0.0248263199,-0.0038057342
8.9158096313,0.0024182918,0.0015106878,0.0001772239,0.1259884089,-0.0367258564,-0.0026508542
8.9258661270,-0.0048827855,-0.0141457980,-0.0106279654,0.0928134173,-0.0294373184,0.0047617881
8.9357852936,-0.0094280569,-0.0212210342,-0.0106815500,0.0703894719,-0.0254058242,-0.0037490088
8.9457902908,-0.0112184314,-0.0166777745,-0.0097754998,0.0713966787,-0.0147827407,-0.0123177301
8.9558219910,-0.0112943826,-0.0041576433,-0.0039869952,0.0915505439,0.0045289053,-0.0220181607
8.9657764435,-0.0134140430,-0.0002104336,0.0048045707,0.1096640378,0.0131194638,-0.0337728225
8.9757909775,-0.0047283052,-0.0057581174,0.0078664022,0.1192776486,0.0152649069,-0.0422956012
8.9858036041,-0.0009300291,-0.0132529764,0.0079735713,0.1193000153,0.0162521414,-0.0518635400
8.9957752228,0.0017345817,0.0005767389,0.0069790077,0.0926244631,0.0118395481,-0.0433153287
9.0057697296,0.0083932402,0.0033419249,0.0090042548,0.0380600244,0.0190716293,-0.0231386852
9.0158700943,0.0122019770,-0.0170202702,0.0140696364,-0.0260894001,0.0261734799,-0.0093280654
9.0258064270,0.0041913958,-0.0291949324,0.0238886662,-0.0677401721,0.0248642713,0.0002710328
9.0357942581,0.0059303166,-0.0132809496,0.0160440989,-0.0611833334,0.0036007937,0.0078420006
9.0457553864,0.0147088440,0.0037884754,-0.0015695498,-0.0301282164,-0.0121091940,0.0174837094
9.0557603836,0.0168507062,0.0064571728,-0.0084405942,-0.0097899213,-0.0194238313,0.0185790677
9.0657186508,0.0112655433,0.0024608714,-0.0124215884,0.0051834350,-0.0225234851,0.0175263193
9.0757808685,0.0065887840,0.0024456759,-0.0105571551,0.0019556833,-0.0203905590,0.0196384732
9.0857667923,0.0086764516,-0.0015017422,-0.0056563425,-0.0013727350,-0.0075362800,0.0259317886
9.0957088470,0.0067769410,-0.0112921847,-0.0105007095,0.0049003409,0.0116794929,0.0173028801
9.1057691574,-0.0013010233,-0.0052772458,-0.0095676584,0.0367530808,0.0353757665,0.0096902344
9.1157207489,0.0012166620,0.0001071213,-0.0094936294,0.0559656546,0.0376170836,0.0043500634
9.1258077621,0.0047992589,-0.0081667593,-0.0083633466,0.0420703441,0.0386056490,0.0075405301
9.1357326508,0.0064495178,-0.0206706300,-0.0101562543,-0.0016840585,0.0382453240,0.0054504815
9.1456851959,0.0032346519,-0.0335888490,-0.0012515590,-0.0485266671,0.0250120759,0.0002570513
9.1557331085,0.0098372223,-0.0381448567,0.0018061593,-0.0932993293,0.0192830823,-0.0049897758
9.1657037735,0.0076616080,-0.0342264660,0.0066804481,-0.1081624329,0.0126827052,-0.0134357242
9.1757297516,0.0066198828,-0.0312915854,0.0037365749,-0.0919641554,-0.0023226095,-0.0324708037
9.1856765747,0.0075878771,-0.0172582716,-0.0002464459,-0.0469743088,-0.0159870218,-0.0462246984
9.1956558228,0.0134610357,0.0030996171,-0.0003446148,-0.0106136370,-0.0211154725,-0.0536525212
9.2056980133,0.0184361599,0.0169254392,0.0054487181,0.0065107546,-0.0294698086,-0.0461735651
9.2156925201,0.0236489289,0.0103635760,0.0083922939,0.0096795168,-0.0304037780,-0.0334216841
9.2256727219,0.0249454938,0.0016664831,0.0005811646,-0.0118364273,-0.0154890111,-0.0196922887
9.2356281281,0.0191553496,0.0054142480,-0.0004889772,-0.0247997642,-0.0047269114,0.0004314883
9.2456388474,0.0152249159,0.0060894568,0.0004626109,-0.0409979075,0.0113250250,0.0173369683
9.2556772232,0.0102973701,-0.0031716484,-0.0053646374,-0.0453637615,0.0199107900,0.0257851817
9.2656450272,0.0004077525,-0.0105373478,-0.0082981391,-0.0367934406,0.0198953450,0.0162177756
9.2756404877,-0.0018317729,0.0028595109,-0.0093257232,-0.0046918336,0.0167959575,-0.0007847773
9.2856750488,-0.0059985695,0.0127209658,-0.0083874865,0.0274570491,0.0114826849,-0.0262701623
9.2956018448,-0.0060909269,0.0092527429,0.0043507409,0.0329446271,-0.0035103792,-0.0346760340
9.3056507111,0.0038360776,0.0017726241,0.0005454614,0.0085615218,-0.0240060668,-0.0345260948
9.3155765533,0.0070054503,-0.0000903526,0.0005294873,-0.0095795318,-0.0272942726,-0.0270528663
9.3254556656,0.0033227922,0.0035461192,0.0013927415,-0.0427135155,-0.0295246691,-0.0078922212
9.3353776932,0.0083799781,0.0187183544,0.0042246771,-0.0587026030,-0.0380715504,0.0070478451
9.3456678391,0.0126500698,0.0190912932,0.0002768828,-0.0694364756,-0.0359085314,0.0187234096
9.3556594849,0.0130343260,0.0152824009,-0.0124794645,-0.0813314840,-0.0251379106,0.0399131179
9.3655939102,0.0112864943,0.0212048292,-0.0184315257,-0.0728501156,-0.0196920112,0.0441214442
9.3756036758,0.0065508606,0.0233224593,-0.0185278468,-0.0633177236,-0.0089663975,0.0397955403
9.3856525421,0.0045856806,0.0236136168,-0.0185423903,-0.0549314320,0.0092770550,0.0407337695
9.3955402374,0.0034275474,0.0201546066,-0.0155765815,-0.0400940329,0.0222186875,0.0406388268
9.4056110382,-0.0006507366,0.0129185030,-0.0213823728,-0.0145069119,0.0298164189,0.0310101714
9.4155445099,-0.0028581647,0.0078539411,-0.0193554573,-0.0091078859,0.0223755464,0.0310551766
9.4255952835,-0.0002995461,0.0165154673,-0.0124806566,-0.0091518275,0.0277191792,0.0310205575
9.4355506897,0.0023950608,0.0046601822,-0.0074609923,-0.0134477727,0.0298475772,0.0341985039
9.4455451965,-0.0018710970,-0.0032594348,0.0043469262,0.0004083877,0.0373273306,0.0213916320
9.4555883408,0.0006485254,0.0035912325,0.0092954235,0.0058493586,0.0266384687,0.0161440056
9.4655542374,0.0110402526,0.0125087360,0.0113479691,0.0186652876,0.0246272497,0.0193352718
9.4755496979,0.0147209438,0.0078086671,0.0163388439,0.0165547337,0.0224557072,0.0172257815
9.4855651855,0.0067482712,-0.0009025404,0.0241757222,0.0091463514,0.0138662141,0.0194114372
9.4955425262,0.0105132582,0.0010269439,0.0300696678,-0.0132629499,0.0084485458,0.0311486535
9.5055236816,0.0143389823,-0.0032074112,0.0340517350,-0.0452826694,0.0050580753,0.0386297405
9.5155439377,0.0193008147,-0.0165560022,0.0390338488,-0.0910960957,-0.0091139367,0.0472507924
9.5255470276,0.0193998478,-0.0206141174,0.0341485925,-0.1114346534,-0.0017987655,0.0461551696
9.5355720520,0.0097273709,-0.0228460692,0.0301325507,-0.1059729159,-0.0114950696,0.0324038006
9.5454683304,0.0127558233,-0.0159848928,0.0290997215,-0.0738336220,-0.0230577141,0.0260819905
9.5555486679,0.0198391490,-0.0076942923,0.0300200172,-0.0287437737,-0.0453483760,0.0038868065
9.5655059814,0.0223659091,-0.0087899743,0.0240627714,0.0013555409,-0.0676329061,-0.0044888351
9.5755405426,0.0222357623,-0.0136019876,0.0209862776,0.0090480810,-0.0922058970,-0.0107113104
9.5857563019,0.0232141428,-0.0134336827,0.0188342519,0.0187736787,-0.1029003486,-0.0202102736
9.5955591202,0.0173936300,-0.0083730211,0.0165916868,0.0156892054,-0.1126443222,-0.0318307094
9.6055612564,0.0135081084,-0.0023113857,0.0182664581,0.0113455905,-0.1020262986,-0.0361460969
9.6154785156,0.0094486745,-0.0011283451,0.0238981433,0.0079797544,-0.0786155164,-0.0447927155
9.6255722046,0.0092015835,-0.0020002755,0.0149533944,-0.0007037483,-0.0594807044,-0.0491602980
9.6355142593,0.0106344493,0.0087527307,0.0069919419,-0.0136654871,-0.0455853939,-0.0375557095
9.6455821991,0.0129889669,0.0095271328,0.0039901924,-0.0457706898,-0.0435235724,-0.0173612237
9.6554384232,0.0125000449,0.0069462922,-0.0107630296,-0.0650940537,-0.0381554440,0.0028023673
9.6654863358,0.0051256539,0.0043263626,-0.0226220898,-0.0469656512,-0.0379698202,0.0081004594
9.6754980087,-0.0022894768,0.0097715529,-0.0325609855,-0.0106264204,-0.0409509614,0.0017207244
9.6854429245,-0.0057776747,0.0185701437,-0.0415338688,0.0225762725,-0.0483119376,-0.0141905975
9.6955089569,-0.0073488830,0.0267743766,-0.0406945162,0.0492402427,-0.0417781398,-0.0248782635
9.7054805756,-0.0088875322,0.0175604448,-0.0358558111,0.0460130237,-0.0354629867,-0.0334160887
9.7154598236,-0.0143520562,0.0003985209,-0.0329320841,0.0330733880,-0.0184882637,-0.0367049575
9.7255039215,-0.0142106293,-0.0070713121,-0.0329162292,0.0212209914,-0.0026025078,-0.0431740433
9.7356586456,-0.0163323767,0.0000414705,-0.0251307301,0.0167994779,0.0134483641,-0.0369000398
9.7455463409,-0.0088198660,0.0100704515,-0.0192162208,0.0124249700,0.0220557004,-0.0263288878
9.7553844452,-0.0031593768,0.0093324268,-0.0239901356,0.0241741687,0.0200348943,-0.0231361557
9.7654533386,-0.0014145701,0.0135770375,-0.0268909745,0.0412634090,0.0159554649,-0.0156848971
9.7754192352,0.0032931985,0.0179270543,-0.0229268484,0.0370345749,0.0095425723,-0.0113889528
9.7854385376,0.0031849118,0.0124836871,-0.0101787848,0.0316957384,0.0105519099,-0.0135165518
9.7954807281,0.0030186595,0.0099301012,0.0055012894,0.0252544805,0.0147807440,-0.0135411853
9.8054161072,0.0037068995,0.0180565491,0.0162503310,0.0251897667,0.0201787055,-0.0072017973
9.8153886795,0.0006495536,0.0075339493,0.0173024721,0.0123896822,0.0190111753,-0.0071854182
9.8254327774,-0.0013398110,0.0006540647,0.0085594850,-0.0057344604,0.0125399595,0.0024307233
9.8353786469,0.0014582694,0.0083279395,0.0036791160,-0.0206211321,0.0060016331,0.0014217845
9.8454189301,0.0024078162,0.0099819908,0.0027065470,-0.0312511399,0.0005754423,0.0014643953
9.8554058075,0.0015028984,0.0085789049,-0.0070788669,-0.0333341286,-0.0068963226,0.0047021336
9.8653793335,0.0045337202,0.0083230743,-0.0100015206,-0.0162014812,-0.0121350260,0.0015369663
9.8753709793,0.0016790599,0.0160564519,-0.0061892080,0.0062751980,-0.0173508283,-0.0037567317
9.8854236603,0.0027020844,0.0279271752,-0.0082287593,0.0243261047,-0.0065051038,-0.0017148863
9.8954467773,-0.0011488377,0.0203395113,-0.0091839237,0.0295182019,0.0106464531,-0.0007681327
9.9053869247,-0.0042282371,0.0128738517,0.0045339656,0.0326418243,0.0161054004,0.0098181982
9.9153528214,-0.0044751195,0.0131539861,0.0094648199,0.0293236580,0.0268411357,0.0182496347
9.9253530502,-0.0085214851,0.0044653160,0.0027011826,0.0111869993,0.0235398803,0.0235956628
9.9354047775,-0.0086023686,-0.0004763635,0.0007901980,-0.0046164654,-0.0032690968,0.0280316919
9.9453763962,0.0012295664,0.0042315242,-0.0040535736,-0.0248050913,-0.0183066353,0.0377048217
9.9553632736,0.0014344127,0.0077394028,-0.0021719739,-0.0375005119,-0.0322972871,0.0378034934
9.9653501511,-0.0030715046,0.0003763629,-0.0003051565,-0.0427994020,-0.0324381664,0.0261218045
9.9753313065,-0.0057668565,-0.0030806060,0.0045235348,-0.0450665504,-0.0164227150,0.0260190070
9.9853553772,-0.0047740964,0.0072487225,0.0064012003,-0.0270124488,-0.0034938676,0.0216729939
9.9974975586,-0.0019138932,0.0148982564,0.0024867847,0.0081025260,0.0117042605,0.0173004828
10.0053052902,-0.0010632008,0.0113237770,-0.0003728674,0.0603252500,0.0259116925,0.0065479702
10.0157270432,-0.0014427929,0.0160387605,0.0035922721,0.1018434018,0.0390722342,0.0085605206
10.0262537003,-0.0017857581,0.0102033922,-0.0011637019,0.1028913558,0.0422685593,0.0064142793
10.0359077454,-0.0000805884,-0.0074604931,0.0000066950,0.0773320645,0.0345959924,0.0064785955
10.0453357697,0.0046428563,-0.0175446272,0.0011278583,0.0465025119,0.0183437876,0.0087302979
10.0552453995,0.0064296247,-0.0162951872,0.0060526920,0.0049730451,0.0073060496,0.0056443606
10.0650844574,0.0043705972,-0.0124291284,0.0118909078,-0.0109819528,0.0028529780,-0.0006899687
10.0750827789,0.0044650557,-0.0214330181,0.0099787908,-0.0279606692,-0.0069514494,-0.0069891438
10.0848970413,0.0063982131,-0.0157514699,0.0167864747,-0.0183613058,-0.0047668586,-0.0101971878
10.0951366425,0.0092813941,-0.0100583462,0.0138442116,-0.0141736176,0.0059371851,-0.0123952273
10.1051826477,0.0073427381,-0.0112129180,0.0030961826,-0.0109485295,0.0027648269,-0.0113145169
10.1150932312,0.0054318877,-0.0132170422,-0.0056856084,0.0050618621,0.0039387485,-0.0123909665
10.1251306534,0.0063272985,-0.0081899902,-0.0086342497,0.0136164678,0.0050101383,-0.0198406260
10.1351671219,0.0092276456,-0.0040508616,-0.0066684294,0.0190377310,-0.0066755461,-0.0176492445
10.1452741623,0.0131935300,-0.0017827371,-0.0047181654,0.0212391019,-0.0131076127,-0.0218586363
10.1552639008,0.0173632465,-0.0053960937,-0.0076322365,0.0160282273,-0.0291640759,-0.0196249112
10.1654367447,0.0205937885,-0.0061982567,-0.0066922116,0.0011254437,-0.0367064178,-0.0131912464
10.1753215790,0.0228520744,-0.0061769928,0.0030133321,-0.0128168697,-0.0345492549,0.0016778477
10.1853418350,0.0211726390,-0.0025316733,-0.0019748018,-0.0246825852,-0.0228116401,0.0101091499
10.1953182220,0.0126305940,-0.0126542961,-0.0069041061,-0.0301584452,-0.0078484025,0.0153293442
10.2054376602,0.0058599981,-0.0148752993,-0.0128263040,-0.0046099396,0.0040332908,0.0067353235
10.2152128220,0.0017992676,-0.0050604003,-0.0177615695,0.0241557956,0.0159011353,-0.0061092353
10.2252712250,-0.0004310786,-0.0018200123,-0.0196842961,0.0379046276,0.0372562259,-0.0211307947
