0.0000000000,0.0018171525,-0.0019098932,-0.0005766007,0.0148292426,-0.0007912971,0.0041604866
0.0099180937,0.0006086087,-0.0045507220,-0.0011185262,0.0105442163,-0.0010506889,0.0030408939
0.0198870897,0.0018970227,-0.0030441845,-0.0003644082,0.0108137280,0.0009762429,0.0041125501
0.0297940969,0.0013763165,-0.0008369500,0.0015787033,0.0100865960,-0.0035010634,0.0036797528
0.0396730900,0.0003167247,-0.0002416785,-0.0001159164,0.0127297826,0.0007626574,0.0048839012
0.0496979952,-0.0003211642,-0.0001899863,-0.0002261254,0.0122743826,-0.0004658588,0.0059704706
0.0596830845,-0.0002020145,-0.0036231244,-0.0010009262,0.0113799162,0.0013307097,0.0057348809
0.0697129965,0.0001070952,-0.0031355585,0.0001294759,0.0062405481,0.0021743991,0.0058589838
0.0794200897,-0.0006834412,-0.0055612293,0.0003749278,-0.0003501540,0.0036418007,0.0043459428
0.0894650221,0.0003918266,-0.0050803539,-0.0017430041,-0.0023158337,0.0031869328,0.0039802906
0.0992760658,0.0007573222,-0.0018753374,-0.0017747732,-0.0071399719,0.0039520590,0.0067631938
0.1092300415,-0.0015180850,-0.0022634829,-0.0000569674,-0.0035130135,0.0078740967,0.0052718236
0.1191740036,-0.0005005145,0.0004031544,0.0009050515,-0.0043706400,0.0067875264,0.0058220997
0.1290310621,-0.0009434962,-0.0004871751,-0.0009939524,-0.0063552279,0.0126922876,0.0040439069
0.1390039921,-0.0019020581,-0.0018141086,-0.0012537095,-0.0046031335,0.0128944218,0.0047365949
0.1489090919,-0.0012928987,-0.0020948912,0.0009635237,-0.0060790582,0.0120419441,0.0026396220
0.1588320732,-0.0000330353,0.0022315716,-0.0013303611,-0.0015526600,0.0085571967,0.0027091305
0.1690469980,0.0002698159,0.0056617442,-0.0017701242,-0.0011590449,0.0137405070,0.0025916852
0.1786500216,-0.0021326686,0.0042611989,0.0003187803,-0.0001640879,0.0118675064,0.0036230606
0.1885880232,0.0010328150,0.0017930155,-0.0008467886,-0.0034365808,0.0107955849,0.0016011888
0.1984990835,0.0013069367,0.0004434173,-0.0002454969,-0.0072497833,0.0114166327,-0.0004376273
0.2084510326,0.0017965293,0.0003367250,0.0008567122,-0.0051573380,0.0118499296,0.0009871640
0.2183780670,0.0042622541,0.0021559333,-0.0027015063,-0.0015272717,0.0045406176,0.0014147675
0.2283000946,0.0039898013,0.0004311239,-0.0041799401,-0.0030607199,0.0026516377,0.0027149229
0.2384380102,0.0011733627,0.0013129001,-0.0022230002,-0.0044526658,0.0016201953,0.0042881854
0.2481780052,0.0190974325,0.0021995341,-0.0003291222,0.0017815283,0.2697302103,-0.2970572710
0.2580400705,0.0338421911,0.0068239006,-0.0063956832,-0.0281412173,0.4682257175,-0.6865788102
0.2680240870,-0.0624125749,-0.0089402758,-0.0340961665,-0.0453103520,0.1904750764,-0.3046295643
0.2779279947,-0.0563591868,-0.0103757642,-0.0207438916,-0.0363945290,-0.0298884623,0.0015009209
0.2878559828,0.0126253823,0.0017252301,0.0002465990,-0.0158530362,0.0092610708,-0.0026405610
0.2978440523,-0.0076536681,0.0029387211,-0.0003390166,-0.0172386784,-0.0007300444,0.0040199715
0.3077059984,0.0039459323,0.0046091261,-0.0004195425,-0.0080901887,-0.0001617258,0.0003290966
0.3178460598,-0.0023716833,0.0060255858,-0.0011693690,-0.0016689515,0.0024612215,0.0016656042
0.3276050091,-0.0010239029,0.0058933678,-0.0009060952,0.0026980999,-0.0008754529,0.0010157928
0.3375229836,0.0001706337,0.0060846838,0.0007360128,0.0037387745,-0.0021313997,0.0004929809
0.3474280834,0.0011997080,0.0011566167,0.0000276712,0.0036913701,-0.0021290027,0.0012429273
0.3573470116,0.0021456336,0.0015868729,-0.0008006546,-0.0032146499,-0.0027764174,-0.0012274876
0.3672510386,0.0019335008,-0.0007152671,-0.0011107180,-0.0026396737,-0.0033545897,0.0024522019
0.3771790266,0.0019324279,-0.0008962417,0.0006716994,-0.0045506693,0.0005725077,0.0032226876
0.3871600628,0.0018743133,-0.0008920247,0.0004686859,-0.0109768771,-0.0038273006,0.0021395800
0.3970210552,-0.0004736925,-0.0015437419,-0.0008423778,-0.0132845957,-0.0029103742,0.0046682185
0.4069989920,0.0013105130,-0.0023680294,-0.0000212046,-0.0160265863,-0.0042952183,0.0035824475
0.4169050455,0.0003847932,-0.0034497792,0.0007562783,-0.0184323080,0.0006683815,0.0044658184
0.4267960787,-0.0008056308,-0.0014502222,0.0002142933,-0.0188035518,0.0025938470,0.0049284091
0.4367220402,-0.0025574709,0.0004030203,0.0000683215,-0.0187393688,0.0010004777,0.0053151003
0.4466720819,-0.0016427779,0.0021333431,-0.0015151950,-0.0160573013,0.0026817312,0.0064272359
0.4565500021,-0.0005450392,0.0021119004,-0.0005609247,-0.0149479173,0.0057206643,0.0066619273
0.4664860964,0.0009074664,0.0010521596,0.0003638414,-0.0084332917,0.0026095596,0.0043577603
0.4767720699,-0.0000711823,0.0040867510,0.0001889017,-0.0103083355,0.0041169086,0.0058941050
0.4863350391,0.0003694748,-0.0005285258,-0.0005866143,-0.0057764333,0.0017576143,0.0048493468
0.4962990284,0.0001721239,0.0009500121,0.0000572351,-0.0063495464,0.0009144575,0.0048379283
0.5061860085,0.0019854759,0.0006618237,0.0009596494,-0.0051897396,0.0010268430,0.0034160665
0.5161460638,0.0001173472,0.0021469330,0.0000346449,-0.0055684410,0.0007464121,-0.0009623701
0.5260280371,-0.0005231047,0.0020184552,0.0010953692,-0.0047567096,0.0001021935,0.0021380824
0.5360360146,0.0020828699,-0.0008651728,-0.0011933895,-0.0077762012,-0.0000906194,0.0040905457
0.5459090471,0.0034445976,-0.0009944106,-0.0019827338,-0.0109940991,-0.0018658824,0.0037520577
0.5560330153,0.0015264606,-0.0025942440,-0.0024897906,-0.0137372427,-0.0000948805,0.0032549787
0.5657490492,0.0004204368,-0.0017804021,-0.0016421530,-0.0172768515,-0.0016554929,0.0035109085
0.5756900311,-0.0006693745,-0.0002950842,-0.0003996941,-0.0167911779,0.0003594548,0.0048757452
0.5855890512,-0.0000189090,-0.0003127421,-0.0001293275,-0.0178050436,-0.0003231134,0.0054656351
0.5955500603,-0.0006249094,0.0007842367,-0.0015222285,-0.0155602666,0.0060929740,0.0048420229
0.6054420471,-0.0011434102,0.0025925671,-0.0015433881,-0.0146217672,0.0077398731,0.0029386617
0.6154069901,-0.0010527516,0.0014430021,-0.0001851174,-0.0115621518,0.0062130829,0.0026125908
0.6252430677,-0.0008499170,0.0024601852,-0.0008265826,-0.0157933813,0.0080296248,0.0031329726
0.6352599859,0.0001561498,0.0030429249,-0.0003968331,-0.0148702413,0.0094011528,0.0023466744
0.6451799870,0.0011645412,0.0034180915,-0.0009204599,-0.0103612430,0.0030902601,0.0027959496
0.6549810171,0.0011033273,0.0037366485,-0.0005793425,-0.0098176040,0.0030026422,0.0034401019
0.6653670073,0.0007080888,0.0023684090,-0.0007371160,-0.0035306788,-0.0003910240,0.0031130656
0.6749260426,0.0014838433,0.0036940759,-0.0006981942,0.0010711751,0.0037171682,0.0038389100
0.6849189997,0.0005456662,0.0020202433,-0.0011504147,0.0019798456,0.0020377790,0.0027597970
0.6947660446,0.0003597593,0.0008071845,-0.0022836777,0.0033503966,0.0027472449,0.0003276987
0.7048870325,0.0003248310,0.0000879650,-0.0007673356,0.0030095119,0.0011027431,0.0006640558
0.7146210670,0.0001042938,0.0005018150,-0.0000610205,0.0012011374,0.0014931626,0.0015820808
0.7246520519,0.0005684948,-0.0002507533,0.0010638979,-0.0047323857,0.0019789231,-0.0015687051
0.7344630957,0.0031419252,0.0009684598,-0.0003957602,-0.0024303491,0.0025307301,-0.0004085321
0.7444450855,-0.0001012826,-0.0006186927,-0.0013217184,0.0005023233,0.0001394777,0.0005006711
0.7542780638,-0.0004930639,0.0021019613,0.0008221415,0.0012029121,0.0012151285,-0.0023754430
0.7642520666,0.0001528716,0.0015576666,-0.0013854954,0.0065295007,0.0019469651,-0.0011527860
0.7741900682,-0.0015891338,0.0043047252,0.0009941604,0.0097940043,0.0016862417,-0.0041895886
0.7840920687,0.0016874528,0.0038518345,-0.0010588022,0.0159134157,-0.0032438021,-0.0024023410
0.7940750122,0.0030626510,0.0026422625,0.0008344796,0.0184089746,-0.0082854321,0.0000756637
0.8041660786,0.0031311964,0.0045165452,-0.0000063631,0.0227446016,-0.0149899404,0.0000367814
0.8139560223,0.0031598662,0.0019243245,-0.0018920752,0.0219763685,-0.0202957559,0.0003413472
0.8238120079,0.0035493826,0.0006789600,-0.0011972639,0.0198485013,-0.0196470097,0.0029326030
0.8339080811,0.0022403453,-0.0016452933,0.0002069023,0.0219865777,-0.0198046695,0.0053044809
0.8437000513,0.0012294507,-0.0031237716,-0.0012853000,0.0191042367,-0.0206206627,0.0057377773
0.8535760641,0.0019311166,-0.0044768718,-0.0019029233,0.0200878307,-0.0220912602,0.0060834885
0.8635190725,0.0000964856,-0.0018407071,-0.0008537623,0.0194875561,-0.0197548680,0.0081429109
0.8732980490,-0.0000438834,-0.0010513926,-0.0015252683,0.0211513191,-0.0201050751,0.0080364849
0.8834060431,-0.0014168763,0.0003542488,-0.0018324705,0.0179294273,-0.0164685287,0.0093052145
0.8931150436,-0.0028258706,0.0013099348,-0.0016060922,0.0255154427,-0.0138405208,0.0064393869
0.9032160044,-0.0000799442,0.0074326429,-0.0025886151,0.0312352013,-0.0125036128,0.0066103954
0.9131430387,0.0005352354,0.0075891349,-0.0005405995,0.0392119028,-0.0148799513,0.0038099480
0.9231190681,0.0013319111,0.0072750780,-0.0013531301,0.0493929014,-0.0130966986,0.0003981725
0.9330279827,0.0022123908,0.0073967311,-0.0034646841,0.0565805957,-0.0176475085,0.0029468175
0.9429349899,0.0061924313,0.0076508406,-0.0043843840,0.0666212440,-0.0243759844,0.0016972624
0.9529120922,0.0065767621,0.0058969143,-0.0038328620,0.0677230805,-0.0374174826,0.0082626203
0.9629710913,0.0068326448,0.0048009190,-0.0036812874,0.0645797551,-0.0494525731,0.0136499284
0.9725869894,0.0105965594,0.0008036231,-0.0019894096,0.0493219718,-0.0741430148,0.0274049565
0.9826220274,0.0172455162,-0.0073242304,0.0028375534,0.0201768689,-0.1184529513,0.0394030288
0.9925410748,0.0227389187,-0.0093758665,0.0064025666,-0.0133548137,-0.1562144458,0.0514068976
1.0024970770,0.0186065882,-0.0143541209,-0.0042155837,-0.0441111289,-0.1992743015,0.0569270961
1.0126510859,0.0118055204,-0.0266697221,-0.0089435428,-0.0927220732,-0.2230528593,0.0623304471
1.0223730803,0.0080782631,-0.0242009424,-0.0009345862,-0.1210929975,-0.2464801520,0.0580579378
1.0322570801,0.0062081073,-0.0206549726,-0.0014083240,-0.1468213499,-0.2639033496,0.0540307760
1.0424770117,0.0102490047,-0.0256073587,-0.0100922436,-0.1705269516,-0.2812061608,0.0598681569
1.0521039963,0.0115381340,-0.0186473392,-0.0162101835,-0.1760006249,-0.2975297570,0.0551802590
1.0621089935,0.0127792219,-0.0030441547,-0.0114365667,-0.1678388268,-0.2511100769,0.0408721603
1.0719560385,0.0623919219,0.0053279730,-0.0298071355,-0.0971434563,-0.3858436644,-0.0209312178
1.0819010735,0.1187946051,0.0599851497,-0.0542056412,0.0954864472,-0.4372426569,0.1374677420
1.0918310881,0.0404225439,0.1037282944,-0.0459033102,0.0062429444,-0.5171750784,0.1553630233
1.1017340422,-0.0434906632,0.0179301836,0.0425290018,0.1026187539,-0.4166122079,0.0617158897
1.1116610765,0.0004672265,0.0281069465,-0.0025850388,0.4706822634,0.2771660388,-0.1022217423
1.1215929985,0.1234075874,0.0696368963,-0.1559592932,0.5842304230,0.2911553383,0.0046141562
1.1315280199,0.2661020160,0.1042406708,0.1206849962,0.3941440582,-0.4023150206,0.2835540771
1.1414409876,-0.0011682058,-0.0449799262,0.0312172323,0.3419037461,-0.4700445533,0.0452253968
1.1513650417,-0.2038203031,-0.0261459313,-0.0652269572,0.4248954058,0.0033701584,-0.1637230963
1.1612989902,-0.0984173566,0.0853192806,-0.0403219312,0.5964472294,-0.0547216423,-0.0805267394
1.1712340117,0.0699364394,0.1271862835,0.0789935142,0.7038766146,-0.0717661381,0.1136940718
1.1812490225,0.0992631763,0.1490132064,0.0192757398,0.7851123214,-0.1889532059,0.0679803789
1.1911050081,-0.0031483914,0.0616958328,-0.0504401773,0.9188452959,-0.1219099984,-0.1132094190
1.2009840012,-0.0240146667,0.0303389616,-0.0503263324,0.8992161751,0.0374511629,-0.1495945901
1.2109510899,0.0144529203,0.0415501930,-0.0213221759,0.8342095613,0.1270007491,-0.0774256513
1.2208290100,0.0457526892,0.0352906026,-0.0175480098,0.7572675943,0.2237826884,0.0271649379
1.2307560444,0.0576882809,0.0200633295,-0.0168889612,0.6319769025,0.2840886414,0.1469700336
1.2407710552,0.0595228523,0.0087844618,-0.0008834454,0.5199009776,0.2749526799,0.2008425891
1.2506179810,0.0286160558,-0.0128268413,-0.0046595191,0.4362584054,0.2532162070,0.2122925073
1.2605630159,0.0047138785,-0.0095976554,-0.0117618889,0.3162291944,0.2379262000,0.2161032259
1.2704720497,-0.0286030322,-0.0120290332,-0.0334514230,0.2772453129,0.2621921301,0.1801687777
1.2804640532,-0.0358730704,-0.0016845132,-0.0707334131,0.2969132960,0.2819994092,0.2230480611
1.2903140783,-0.0314296037,0.0161074437,-0.0798410028,0.3502257168,0.1913376600,0.1944469959
1.3002849817,-0.0460795313,0.0191179104,-0.0827337354,0.3854241669,0.1501425505,0.0824432448
1.3101760149,-0.0618678480,0.0129761733,-0.0825819820,0.3360322118,0.2283955514,-0.0109622404
1.3201050758,-0.0541730672,0.0078752525,-0.0763149112,0.2834925652,0.2423467785,0.0129702566
1.3300230503,-0.0463220030,-0.0044565764,-0.0788532346,0.2008789182,0.2876077294,0.0072937626
1.3399740458,-0.0479254276,-0.0204573981,-0.0757402033,0.0777625814,0.3033992052,-0.0031623405
1.3499010801,-0.0568418056,-0.0263370685,-0.0681868643,-0.0686402619,0.3237750828,-0.0035333857
1.3598680496,-0.0661774427,-0.0271184109,-0.0733053535,-0.2147644460,0.3612228334,0.0004640191
1.3697340488,-0.0790723115,-0.0255816095,-0.0783622116,-0.3334908187,0.4032238126,-0.0223277453
1.3799099922,-0.0565297753,-0.0323204510,-0.0803497881,-0.3953275681,0.4226121604,-0.1067049429
1.3895840645,-0.0143431565,-0.0203960203,-0.0925772041,-0.4322816730,0.5010012388,-0.0595284812
1.3994470835,-0.0345969349,0.0104863681,-0.0995862931,-0.3878476322,0.3795070350,0.1016396433
1.4094650745,0.0583024472,0.0419671722,-0.0908821076,-0.2999894917,0.4648799896,0.2003813237
1.4193990231,-0.1016130000,0.0397781171,-0.1227348894,-0.1692767739,0.4892031848,0.0405655652
1.4292820692,-0.1053931862,0.0784632564,-0.1088297218,-0.0573873445,0.4687631428,0.0480394959
1.4392290115,-0.0155943772,0.0624441244,-0.1185877770,-0.0176870674,0.4100106061,-0.3501363993
1.4491670132,0.1091983169,0.0075710746,-0.1006306261,0.0877251104,0.3402563035,-0.3236483634
1.4590719938,0.0233720988,0.0589025356,-0.1322676986,0.2475368828,0.3399068713,-0.1052947342
1.4688470364,-0.0868653208,0.0772463977,-0.1044154018,0.3496297598,0.4525455534,0.4752980471
1.4789830446,-0.1299037486,0.0680724531,-0.1112307757,0.3720290959,0.4490182102,0.4462626576
1.4889090061,-0.0695076138,0.0336946435,-0.1029791683,0.3979429603,0.5368120074,0.2966213524
1.4988290071,0.0040082787,0.0315372236,-0.1110725254,0.4311161041,0.5369856358,0.1827033013
1.5089139938,0.0157244653,0.0219770558,-0.0993929356,0.4646050334,0.4831545949,0.0720337406
1.5186470747,-0.0120576760,0.0195213594,-0.0986468047,0.4962297976,0.4743962586,-0.0062333653
1.5287799835,-0.0427295119,0.0324052610,-0.1019719094,0.4943935275,0.5030705333,0.0003623532
1.5385320187,-0.0498843938,0.0431983955,-0.0960780233,0.4824489653,0.5514180660,0.0671304688
1.5485930443,-0.0467929989,0.0354231335,-0.0981358141,0.4526430666,0.5911002159,0.1278840899
1.5583519936,-0.0453971177,0.0247966535,-0.0891041607,0.4012880027,0.6204147339,0.1547543257
1.5682680607,-0.0469416529,0.0190550424,-0.0816818327,0.3483770490,0.6495257020,0.1588425785
1.5781360865,-0.0511986166,0.0126964189,-0.0745820850,0.3037078381,0.6631358266,0.1575940847
1.5881980658,-0.0529022962,0.0145029612,-0.0689792484,0.2680239379,0.6700128913,0.1494638473
1.5981020927,-0.0527387410,0.0213553496,-0.0616762489,0.2480805963,0.6970884204,0.1592544317
1.6081250906,-0.0520256013,0.0238211043,-0.0559696406,0.2314770371,0.7032201290,0.1725113243
1.6179040670,-0.0467433482,0.0234089456,-0.0493768901,0.2218057662,0.7119792700,0.1826632917
1.6278390884,-0.0444828421,0.0215141512,-0.0422009081,0.2129061073,0.7267062664,0.1944251955
1.6377730370,-0.0457321554,0.0215966664,-0.0332847685,0.2207403183,0.7459521294,0.2064789385
1.6476610899,-0.0482506305,0.0221244507,-0.0250469893,0.2278926969,0.7566164732,0.2257508636
1.6576009989,-0.0520193726,0.0237557031,-0.0177939385,0.2309420109,0.7573182583,0.2392874509
1.6675159931,-0.0520908087,0.0215223469,-0.0103092641,0.2334842682,0.7596003413,0.2507440746
1.6774370670,-0.0524558276,0.0188131072,-0.0036920758,0.2294503748,0.7654440999,0.2595183849
1.6875669956,-0.0520567149,0.0098645575,0.0038949398,0.2155503631,0.7599414587,0.2683024406
1.6973280907,-0.0502942652,0.0057980600,0.0113924295,0.1956578791,0.7492517829,0.2719091475
1.7072399855,-0.0483906418,0.0050849202,0.0153882056,0.1810074747,0.7481667995,0.2751572132
1.7171450853,-0.0480945259,0.0049108448,0.0216487795,0.1698605418,0.7413954735,0.2780131698
1.7271580696,-0.0488734990,0.0089094751,0.0242953449,0.1638449132,0.7400905490,0.2776634395
1.7369130850,-0.0487150401,0.0033034270,0.0307538658,0.1465308964,0.7399339676,0.2714103460
1.7469140291,-0.0464239269,-0.0045263884,0.0407436639,0.1257053316,0.7326056957,0.2735293806
1.7569199800,-0.0440464169,-0.0077559692,0.0476980358,0.1032833904,0.7269291878,0.2764716446
1.7667620182,-0.0431971699,-0.0082409270,0.0587699562,0.0785240605,0.7096681595,0.2755457759
1.7766749859,-0.0427875668,-0.0098097213,0.0624256879,0.0720003843,0.6940324903,0.2702138722
1.7866050005,-0.0390183479,-0.0104455762,0.0527943522,0.0730227679,0.6698650718,0.2658759356
1.7966020107,-0.0307729691,-0.0110328682,0.0510455519,0.0697865039,0.6414754987,0.2582233548
1.8064659834,-0.0268068165,-0.0081200488,0.0583990961,0.0743033141,0.6221822500,0.2491540611
1.8164070845,-0.0298432857,-0.0085626356,0.0559557825,0.0984097123,0.6101077795,0.2410908043
1.8262929916,-0.0318519324,-0.0120322220,0.0576266199,0.1214077994,0.6062634587,0.2356286347
1.8362580538,-0.0330721885,-0.0066379351,0.0539584905,0.1415402293,0.5944725871,0.2256119549
1.8461630344,-0.0334223658,-0.0087173320,0.0553624183,0.1604682058,0.5884125829,0.2168159187
1.8563940525,-0.0306829661,-0.0090023018,0.0590134412,0.1866015345,0.5849339366,0.2073603719
1.8660150766,-0.0321060568,-0.0093570761,0.0552333742,0.2038108706,0.5734490752,0.1969590336
1.8759280443,-0.0321389884,-0.0101701580,0.0558011681,0.2133188844,0.5582365394,0.1962839216
1.8858660460,-0.0328624099,-0.0114940591,0.0553972274,0.2142434567,0.5444224477,0.1966556758
1.8957910538,-0.0322196931,-0.0162233599,0.0517119914,0.2085703909,0.5233022571,0.1992847472
1.9057170153,-0.0295798928,-0.0167646073,0.0502860695,0.2014652491,0.5089372396,0.1990975142
1.9156270027,-0.0296923369,-0.0145509057,0.0442281514,0.1989980936,0.5005011559,0.1959256977
1.9254530668,-0.0311682373,-0.0121166669,0.0411741287,0.1895805448,0.4875197709,0.1975675970
1.9357089996,-0.0311195999,-0.0093460716,0.0408376604,0.1896521896,0.4874153733,0.2082633823
1.9454720020,-0.0301237851,-0.0126071088,0.0358272344,0.1844503284,0.4882431328,0.2188301384
1.9553380013,-0.0248560756,-0.0082570277,0.0288189799,0.1829485744,0.4871328473,0.2237513959
1.9653040171,-0.0307364017,-0.0068402630,0.0224012285,0.1772295088,0.4913856089,0.2311652005
1.9751710892,-0.0299849063,-0.0038186798,0.0152272135,0.1858480424,0.4882353544,0.2325116992
1.9851090908,-0.0275194496,-0.0051080254,0.0054370905,0.1830868721,0.4900546074,0.2389754355
1.9950350523,-0.0303715765,-0.0084420554,0.0021745113,0.1676229686,0.4862793088,0.2398489416
2.0050029755,-0.0274320692,-0.0167030953,-0.0005724284,0.1344832927,0.4797705114,0.2400489450
2.0148921013,-0.0252139866,-0.0200698115,-0.0037084671,0.1051898524,0.4912175834,0.2305286825
2.0248451233,-0.0235108435,-0.0185577236,-0.0060089682,0.1112335399,0.5011906028,0.2061088532
2.0347709656,-0.0226451755,-0.0081385933,-0.0096502155,0.1430750936,0.4878188670,0.1911616027
2.0446820259,-0.0220166147,0.0026247089,-0.0146633238,0.1829359531,0.5008848310,0.1998664141
2.0545980930,-0.0224215835,0.0058350596,-0.0210954398,0.2037677318,0.4745557904,0.1838144660
2.0648920536,-0.0152612766,0.0021517312,-0.0223646611,0.2168309838,0.4685389102,0.1648062617
2.0745759010,-0.0186637342,0.0009591316,-0.0285307020,0.2426724285,0.4840001464,0.1569901556
2.0843811035,-0.0226238966,0.0080141686,-0.0316564888,0.2787326872,0.4911811054,0.1448695958
2.0945501328,-0.0220537633,0.0073182019,-0.0319928974,0.2995921671,0.4871506691,0.1386860013
2.1042370796,-0.0165306330,0.0027578732,-0.0310235471,0.2990143597,0.4949699938,0.1397003680
2.1141610146,-0.0173424780,-0.0038850645,-0.0311979502,0.3031358719,0.5016041398,0.1385184526
2.1240701675,-0.0195556879,-0.0031577686,-0.0297047347,0.2973760068,0.5209853053,0.1393577904
2.1340069771,-0.0211413056,-0.0027635361,-0.0282641500,0.2879042029,0.5203102231,0.1335196048
2.1439299583,-0.0168394893,-0.0060925153,-0.0253798813,0.2773183882,0.5465074778,0.1411382109
2.1538660526,-0.0213927627,0.0002443006,-0.0266406983,0.2751689553,0.5368031859,0.1496081203
2.1637911797,-0.0186198205,-0.0025406482,-0.0278401822,0.2793352008,0.5649653077,0.1729705781
2.1737589836,-0.0221059322,-0.0023641328,-0.0304061621,0.2621895075,0.5440043807,0.1663765907
2.1837391853,-0.0103039434,-0.0115470029,-0.0221934170,0.2375560552,0.5453823209,0.1537377536
2.1935560703,-0.0187442303,-0.0091386065,-0.0264359564,0.2241278738,0.5859880447,0.1725782901
2.2035069466,-0.0286648422,-0.0044246246,-0.0275733322,0.2287361026,0.5907130241,0.1729902476
2.2134430408,-0.0228693187,-0.0021145495,-0.0329828709,0.2401301712,0.5982468128,0.1832578033
2.2233240604,-0.0254911780,0.0031205749,-0.0358664840,0.2566711605,0.6073362231,0.1912637949
2.2332959175,-0.0275379866,0.0053680385,-0.0298611373,0.2890168726,0.6177603602,0.1898350120
2.2431931496,-0.0274484530,0.0030314883,-0.0249324888,0.3048649728,0.6148484945,0.1802580804
2.2533299923,-0.0187250152,-0.0068914709,-0.0253571719,0.2958286107,0.6146157384,0.1644756496
2.2630481720,-0.0162822381,-0.0174437873,-0.0187128633,0.2745605111,0.6177840829,0.1484538019
2.2729701996,-0.0212805718,-0.0213604309,-0.0198564380,0.2475536615,0.6190487742,0.1405887008
2.2829120159,-0.0256263018,-0.0193678178,-0.0209719390,0.2197905481,0.6331198215,0.1384929270
2.2928299904,-0.0243471116,-0.0124819651,-0.0252504796,0.2086910307,0.6517851353,0.1429145783
2.3027930260,-0.0241195634,-0.0058735204,-0.0270415395,0.2056428641,0.6577692628,0.1468384117
2.3125071526,-0.0234487355,-0.0001676476,-0.0257552117,0.2163700759,0.6699183583,0.1375860572
2.3226330280,-0.0187292472,0.0017613133,-0.0225839466,0.2322743088,0.6609719992,0.1355043948
2.3325638771,-0.0165313855,0.0034368185,-0.0177722424,0.2555468678,0.6663079262,0.1288883090
2.3425221443,-0.0225528702,0.0081782378,-0.0133651942,0.2815266252,0.6624569893,0.1238530949
2.3525891304,-0.0213345513,0.0106956400,-0.0114759058,0.3063677847,0.6587432027,0.1161842570
2.3623380661,-0.0236940309,0.0132024586,-0.0107332915,0.3304259181,0.6561157703,0.1191155314
2.3722150326,-0.0221334323,0.0141035561,-0.0070024584,0.3442213535,0.6532951593,0.1218801588
2.3821911812,-0.0212150402,0.0159460679,-0.0071635698,0.3519404233,0.6632346511,0.1241357625
2.3921079636,-0.0229380000,0.0119193550,-0.0051293229,0.3494192064,0.6630809307,0.1242822334
2.4020919800,-0.0197800323,0.0079166628,0.0034608988,0.3381496072,0.6679785252,0.1293988377
2.4135360718,-0.0172285736,0.0021458722,0.0074087526,0.3196060359,0.6665377617,0.1300731450
2.4225568771,-0.0201778356,0.0005811315,0.0157935768,0.3002451062,0.6683113575,0.1246033758
2.4325680733,-0.0187267195,0.0030789871,0.0186983496,0.3003534973,0.6567990780,0.1254585087
2.4424948692,-0.0214217119,0.0077741700,0.0197239071,0.3108673990,0.6636232138,0.1290491223
2.4522471428,-0.0215375014,0.0113373017,0.0190212280,0.3301657140,0.6549682021,0.1212836131
2.4619421959,-0.0199486800,0.0157396663,0.0209532529,0.3544613719,0.6538733244,0.1263630539
2.4712882042,-0.0213472750,0.0161130764,0.0197506696,0.3648735583,0.6443698406,0.1308957487
2.4813730717,-0.0240510348,0.0121163800,0.0258081108,0.3572110832,0.6398890615,0.1385748237
2.4911780357,-0.0213720948,0.0046400144,0.0324311405,0.3234038651,0.6442164183,0.1357936859
2.5018038750,-0.0187847726,-0.0056275283,0.0372170359,0.2851294577,0.6362549663,0.1365965605
2.5232181549,-0.0156370737,-0.0149924234,0.0385072976,0.2529579103,0.6348685026,0.1403369755
2.5233039856,-0.0129222339,-0.0125176869,0.0385908037,0.2429055423,0.6230682731,0.1407803446
2.5311090946,-0.0078350259,-0.0050955680,0.0316832811,0.2466446310,0.6119405627,0.1416181773
2.5409300327,-0.0071071903,0.0013871340,0.0270865709,0.2733486891,0.5986497998,0.1342681646
2.5508189201,-0.0082955649,0.0071458030,0.0193181187,0.2981437743,0.6026280522,0.1327472329
2.5607030392,-0.0129996976,0.0081197545,0.0222413689,0.3263964355,0.5954686403,0.1295651793
2.5705509186,-0.0112762740,0.0051076482,0.0225963742,0.3434803486,0.5870295763,0.1212899387
2.5807209015,-0.0050780396,0.0002587547,0.0252406746,0.3493751884,0.5800074339,0.0989287719
2.5922942162,-0.0096805235,-0.0069455062,0.0297431499,0.3501972854,0.5880280733,0.0863842145
2.6004261971,-0.0092778867,-0.0088930018,0.0325806886,0.3403955400,0.5632353425,0.0797610357
2.6102671623,-0.0052550281,-0.0126360953,0.0353799015,0.3264672160,0.5658369660,0.0750613511
2.6201992035,-0.0039764340,-0.0136457644,0.0308793932,0.3094204664,0.5561188459,0.0743714347
2.6300868988,-0.0090177273,-0.0151046030,0.0282750875,0.2900715470,0.5638856888,0.0682983622
2.6401619911,-0.0055486257,-0.0174811445,0.0297117978,0.2674449682,0.5568530560,0.0659896359
2.6499061584,-0.0046028863,-0.0190511458,0.0329230577,0.2461836338,0.5638750196,0.0597013757
2.6598448753,-0.0050106342,-0.0138384365,0.0381099135,0.2299906462,0.5573577285,0.0562877692
2.6698710918,-0.0066925134,-0.0112444200,0.0456297547,0.2175217271,0.5514801145,0.0515316315
2.6797518730,-0.0055572088,-0.0147384964,0.0483624488,0.2160760611,0.5509264469,0.0480863675
2.6895210743,0.0010646438,-0.0165392421,0.0465786010,0.2119233906,0.5331962109,0.0479105972
2.6999480724,0.0018998539,-0.0119292252,0.0412126929,0.2143549621,0.5384376049,0.0487054512
2.7095599174,0.0067099934,-0.0057677594,0.0399405509,0.2143336535,0.5249636173,0.0516477115
2.7196390629,0.0059228693,-0.0017615224,0.0439130217,0.2174928635,0.5225059986,0.0579607375
2.7295560837,0.0069801663,-0.0016790743,0.0426703840,0.2129170299,0.5188023448,0.0575972125
2.7395050526,0.0076591526,-0.0016984160,0.0464831144,0.2112869918,0.5030377507,0.0616462827
2.7493739128,0.0037603830,-0.0077252728,0.0478819162,0.1942038834,0.5058609843,0.0510482341
2.7593679428,0.0077241366,-0.0146377273,0.0530399829,0.1664036661,0.4955444336,0.0504012518
2.7692899704,0.0089571932,-0.0227297209,0.0566296726,0.1238937676,0.4951880872,0.0485910997
2.7792150974,0.0085788229,-0.0211395584,0.0606011301,0.0823589265,0.4947127402,0.0522876345
2.7891321182,0.0103201428,-0.0129670762,0.0647283345,0.0599942356,0.4877786636,0.0539401285
2.7990729809,0.0025366996,-0.0068543744,0.0662102848,0.0581349917,0.4858585000,0.0587027930
2.8090081215,0.0008576518,-0.0062457365,0.0709313303,0.0605054721,0.4702292085,0.0673649907
2.8189249039,0.0080303112,-0.0134942047,0.0759855062,0.0554452911,0.4516491592,0.0761908665
2.8290920258,0.0161208361,-0.0129823796,0.0758400112,0.0499525219,0.4250540137,0.0745562166
2.8387432098,0.0171223879,-0.0115576647,0.0748258978,0.0613240413,0.4107443392,0.0784915090
2.8486940861,0.0157015771,-0.0041787443,0.0629398376,0.0901793912,0.3907762170,0.0835975930
2.8586311340,0.0226020813,0.0057351622,0.0651066452,0.1321663409,0.3682676852,0.0873541087
2.8685340881,0.0182298571,0.0003738810,0.0595691949,0.1693286151,0.3540317714,0.0798048452
2.8785030842,0.0212208182,-0.0075319377,0.0576109439,0.1792054027,0.3455471992,0.0701831803
2.8884348869,0.0187168270,-0.0128458552,0.0576521307,0.1823130548,0.3339139819,0.0653950796
2.8981239796,0.0179859251,-0.0152344219,0.0498411804,0.1757432967,0.3310388327,0.0620929264
2.9084739685,0.0162864923,-0.0154894926,0.0495246202,0.1645130217,0.3233060837,0.0548810884
2.9181320667,0.0157854557,-0.0196524374,0.0501760989,0.1532202214,0.3271511495,0.0532101542
2.9281339645,0.0110277096,-0.0274167396,0.0463335067,0.1193008721,0.3303903341,0.0467357412
2.9380140305,0.0129024098,-0.0360116474,0.0512871295,0.0603412427,0.3307725191,0.0351344161
2.9480271339,0.0149946818,-0.0392102413,0.0582218319,0.0011002915,0.3308111429,0.0349964648
2.9579229355,0.0168092400,-0.0375057273,0.0621001869,-0.0489297621,0.3316891789,0.0314460695
2.9677910805,0.0084190229,-0.0277849324,0.0637504607,-0.0788266808,0.3384725153,0.0367300473
2.9777069092,0.0140377739,-0.0197089203,0.0687933713,-0.0910168588,0.3276499510,0.0401016101
2.9876399040,0.0099707702,-0.0179130994,0.0765115172,-0.0935684294,0.3235470951,0.0416457132
2.9975819588,0.0188549310,-0.0186923333,0.0770029575,-0.0899599344,0.2904749215,0.0423254818
3.0075080395,0.0269726664,-0.0159176700,0.0741597563,-0.0777456090,0.2722647488,0.0434056595
3.0174579620,0.0255637914,-0.0062506539,0.0758674294,-0.0500248522,0.2584432065,0.0475733392
3.0273630619,0.0275436491,-0.0043010828,0.0749593526,-0.0122820036,0.2376095504,0.0498463474
3.0372581482,0.0273866504,-0.0058603105,0.0770811588,0.0161325037,0.2180808634,0.0469941385
3.0471839905,0.0277417153,-0.0096487515,0.0778201967,0.0326467641,0.1980038285,0.0431951396
3.0571808815,0.0276574641,-0.0155665539,0.0696085840,0.0402786769,0.1828491092,0.0412949063
3.0671291351,0.0313965827,-0.0233988129,0.0704695135,0.0367228240,0.1715306789,0.0388333462
3.0770311356,0.0282006115,-0.0306143276,0.0700842887,0.0195964780,0.1632495672,0.0300447810
3.0869400501,0.0316054374,-0.0350403152,0.0718583018,0.0018752716,0.1501630545,0.0272295531
3.0968010426,0.0337463766,-0.0375925340,0.0726266652,-0.0192297474,0.1455699056,0.0230159331
3.1065979004,0.0381775051,-0.0349615179,0.0694105178,-0.0214151368,0.1252654344,0.0198044274
3.1166820526,0.0373136848,-0.0291310959,0.0627584010,-0.0096132495,0.1155928373,0.0199535657
3.1266260147,0.0368563980,-0.0247591101,0.0552708060,0.0024841591,0.1029026061,0.0086894585
3.1365408897,0.0380633920,-0.0211972259,0.0568972975,0.0139079662,0.0938657075,-0.0004558368
3.1464400291,0.0335124284,-0.0217411183,0.0556129366,0.0141777443,0.0839571506,-0.0107212570
3.1561288834,0.0345603675,-0.0208733939,0.0573875457,0.0039227102,0.0752384961,-0.0182501469
3.1663041115,0.0297910720,-0.0237253718,0.0571280271,-0.0023130821,0.0698397309,-0.0208429992
3.1761920452,0.0295168310,-0.0229661576,0.0546928793,-0.0129817054,0.0633504018,-0.0216342937
3.1861591339,0.0289033204,-0.0165847056,0.0532610565,-0.0221357886,0.0580075681,-0.0237951819
3.1962640285,0.0277702957,-0.0137086920,0.0564530045,-0.0338468626,0.0478385575,-0.0265900362
3.2059850693,0.0299758762,-0.0120384656,0.0556422025,-0.0439250618,0.0307828728,-0.0218552016
3.2158989906,0.0319957584,-0.0116272680,0.0520715266,-0.0447523296,0.0211784504,-0.0166222230
3.2259120941,0.0308753699,-0.0122058354,0.0483483821,-0.0401069745,0.0184167512,-0.0197250713
3.2361760139,0.0339455456,-0.0142265148,0.0397630483,-0.0415827222,0.0028377925,-0.0201303717
3.2456870079,0.0397472829,-0.0160295777,0.0334065706,-0.0428051129,0.0038537884,-0.0245719906
3.2556281090,0.0373196155,-0.0121903010,0.0243452340,-0.0394319557,0.0096964976,-0.0316194147
3.2655501366,0.0308812112,-0.0144332461,0.0155145675,-0.0442043394,0.0105716120,-0.0296542700
3.2754530907,0.0328571647,-0.0182955824,0.0191207677,-0.0539443158,0.0055579455,-0.0296236426
3.2853889465,0.0297308415,-0.0226759948,0.0136938840,-0.0822198987,0.0103423139,-0.0381446928
3.2953338623,0.0265237838,-0.0140823163,0.0128949434,-0.0944224149,0.0151613038,-0.0399828739
3.3052539825,0.0244870037,-0.0117751770,0.0135222226,-0.0881192461,0.0184814669,-0.0394353271
3.3150219917,0.0212687999,-0.0142107643,0.0140243918,-0.0899763554,0.0245311037,-0.0363627709
3.3251318932,0.0181920975,-0.0157935135,0.0157724768,-0.0980731621,0.0158454701,-0.0331366174
3.3350081444,0.0163773745,-0.0163429342,0.0147826225,-0.1043490842,0.0135644730,-0.0454675183
3.3449201584,0.0099522332,-0.0158645771,0.0087031275,-0.1056582928,0.0211132020,-0.0458699241
3.3548760414,0.0170397013,-0.0166816525,0.0091673881,-0.1035203040,0.0092983553,-0.0540473610
3.3648109436,0.0195992142,-0.0189843588,0.0102905780,-0.1042601317,0.0113327438,-0.0568934828
3.3747391701,0.0174583048,-0.0114705749,0.0023281125,-0.0942717642,0.0100317895,-0.0555435568
3.3847270012,0.0170630366,-0.0034445340,0.0015072969,-0.0739414617,0.0078250943,-0.0608853213
3.3945620060,0.0154644707,-0.0021045769,-0.0007832500,-0.0579071008,0.0062277303,-0.0661366433
3.4044861794,0.0122843245,-0.0028722102,0.0007948425,-0.0572317205,0.0107023735,-0.0729556680
3.4142820835,0.0136334756,-0.0065778759,0.0066074277,-0.0599368699,0.0027978451,-0.0794159994
3.4242160320,0.0116522769,-0.0137532763,0.0057678963,-0.0673180968,0.0011152599,-0.0818975344
3.4341430664,0.0119870165,-0.0102222078,0.0020517258,-0.0746636242,0.0017195313,-0.0866283700
3.4441990852,0.0092538754,-0.0045324829,0.0023188738,-0.0736495778,0.0038316844,-0.0832327455
3.4541170597,0.0066588675,0.0061275843,0.0069924737,-0.0586879365,0.0036769547,-0.0783211365
3.4640378952,0.0063020741,0.0103441142,0.0105407387,-0.0305159576,-0.0004474830,-0.0691164508
3.4740161896,0.0057833944,0.0081764944,0.0085776001,-0.0086444812,-0.0044137286,-0.0605322532
3.4841251373,0.0062386249,0.0109211467,0.0082872063,0.0096192118,-0.0074555911,-0.0582291558
3.4940900803,0.0076153432,0.0035353338,0.0121455938,0.0145663004,-0.0146216257,-0.0445810184
3.5037410259,0.0062455689,0.0020850261,0.0131417662,0.0031037880,-0.0152059235,-0.0357422568
3.5137519836,0.0034167920,0.0036948135,0.0150423795,0.0011455654,-0.0098537682,-0.0228405725
3.5235559940,0.0032309447,-0.0025098140,0.0135310441,-0.0030758115,-0.0129211973,-0.0146220559
3.5335600376,0.0068034385,-0.0063199443,0.0201181918,-0.0163439456,-0.0070960643,-0.0048741875
3.5438399315,0.0090509215,-0.0048987758,0.0186737925,-0.0104125533,-0.0079171173,0.0018660069
3.5533940792,0.0101540843,-0.0094967894,0.0144674927,-0.0131014585,-0.0153625160,0.0087182540
3.5635418892,0.0108122388,-0.0118382536,0.0167213827,-0.0126098376,-0.0090186000,0.0112325447
3.5732300282,0.0106519917,-0.0113041811,0.0194027573,-0.0001401198,-0.0157462768,0.0072235549
3.5831451416,0.0138907293,-0.0109014325,0.0167850405,0.0023406148,-0.0205572769,0.0035673007
3.5931138992,0.0152235487,-0.0077656251,0.0185596496,0.0069153039,-0.0221636984,0.0018724320
3.6030731201,0.0154722491,-0.0093647130,0.0153206140,0.0137271378,-0.0298626311,-0.0045247478
3.6130371094,0.0172919482,-0.0118424855,0.0162800103,0.0186782200,-0.0335577652,-0.0108904345
3.6228940487,0.0173155218,-0.0140994303,0.0164101869,0.0193282980,-0.0398076735,-0.0147440284
3.6328020096,0.0182155222,-0.0140542053,0.0144769102,0.0204732791,-0.0431334265,-0.0174801946
3.6429181099,0.0171844512,-0.0096973516,0.0120346695,0.0305229835,-0.0448833890,-0.0227905381
3.6526541710,0.0155585865,-0.0082247891,0.0123998672,0.0360372365,-0.0486056916,-0.0320227519
3.6626019478,0.0167447478,-0.0093205683,0.0086316019,0.0358148627,-0.0472863615,-0.0368252285
3.6725320816,0.0163685530,-0.0108443759,0.0124146491,0.0315294787,-0.0495915934,-0.0325168036
3.6824488640,0.0173590332,-0.0054846969,0.0145663768,0.0243756976,-0.0523674041,-0.0304802824
3.6924171448,0.0158057958,-0.0011167342,0.0114960819,0.0292178579,-0.0533322692,-0.0331250019
3.7022662163,0.0137250284,-0.0034808109,0.0083497912,0.0290692542,-0.0548542663,-0.0284431651
3.7122390270,0.0175002068,-0.0083586983,0.0096734315,0.0157077312,-0.0550398901,-0.0266999565
3.7221660614,0.0138770500,-0.0064487574,0.0064434553,0.0038292331,-0.0403150059,-0.0246988572
3.7319350243,0.0133909741,-0.0047531393,0.0046615745,-0.0043679774,-0.0459097736,-0.0262162276
3.7420439720,0.0147345820,-0.0073175621,0.0052117254,-0.0133454930,-0.0416180864,-0.0259525739
3.7519230843,0.0129756192,-0.0018878097,0.0046919729,-0.0156210745,-0.0328847840,-0.0232582204
3.7618231773,0.0134509960,0.0007630175,0.0027963070,-0.0108015528,-0.0392729081,-0.0209215637
3.7716789246,0.0171578974,0.0015742963,0.0025409011,-0.0111715551,-0.0370960422,-0.0231365822
3.7817120552,0.0150917033,0.0013379341,-0.0015739653,-0.0179530289,-0.0364699326,-0.0215141848
3.7916309834,0.0227317065,0.0009654125,-0.0058609699,-0.0295555331,-0.0326890424,-0.0153377140
3.8015198708,0.0247806460,0.0028959250,-0.0111793727,-0.0279456526,-0.0296977796,-0.0178730432
3.8115370274,0.0196418315,0.0048676687,-0.0120610446,-0.0212466475,-0.0248494968,-0.0168176331
3.8214011192,0.0186682791,0.0064360457,-0.0140887350,-0.0159932952,-0.0223935284,-0.0156881846
3.8313860893,0.0192899257,0.0034182405,-0.0137299150,-0.0238855742,-0.0154940775,-0.0164574068
3.8412399292,0.0177288502,0.0019106974,-0.0141890496,-0.0290755406,-0.0106484555,-0.0157964099
3.8512501717,0.0175207406,0.0068614292,-0.0111410469,-0.0245708060,-0.0055303923,-0.0084143933
3.8611268997,0.0172315687,0.0128122382,-0.0101328939,-0.0113711134,-0.0071964655,-0.0054830522
3.8710470200,0.0167814642,0.0084752478,-0.0091243237,-0.0135225924,-0.0053453022,-0.0055305231
3.8809599876,0.0142657617,0.0051599029,-0.0043437933,-0.0202643871,-0.0026144972,0.0043093241
3.8909270763,0.0115854600,0.0039336565,-0.0040143584,-0.0309097506,0.0034532491,0.0042428784
3.9007911682,0.0118750492,0.0042162645,0.0011795310,-0.0322937928,0.0067672869,0.0060181413
3.9107770920,0.0136631289,0.0083377250,0.0012506988,-0.0336022936,0.0075558489,0.0139019964
3.9206938744,0.0124126831,0.0061220634,0.0032931713,-0.0349450596,0.0086522717,0.0138854850
3.9306290150,0.0112056891,0.0000285392,0.0067129876,-0.0423586778,0.0065483749,0.0189037807
3.9405069351,0.0146128098,0.0030588915,0.0054321433,-0.0469430462,0.0046532694,0.0230055805
3.9504830837,0.0139789740,0.0029166078,0.0066741849,-0.0390776657,0.0004830255,0.0236103851
3.9603772163,0.0133555690,0.0037070771,0.0065763737,-0.0308817867,0.0004332244,0.0272732954
3.9705018997,0.0124471048,0.0079937465,0.0050392891,-0.0193315689,-0.0037615206,0.0274302550
3.9802680016,0.0137449661,0.0102260448,0.0038781909,-0.0049262638,-0.0081994124,0.0290808827
3.9901480675,0.0123818973,0.0062914449,0.0037211326,0.0045620464,-0.0092143426,0.0292652398
3.9998979568,0.0098727504,0.0001570319,0.0051416899,-0.0002457583,-0.0093680071,0.0281035695
4.0099639893,0.0126655558,-0.0070653525,0.0089667588,-0.0133973360,-0.0123704551,0.0271551851
4.0199232101,0.0139230052,-0.0111012124,0.0097727925,-0.0351580232,-0.0096284645,0.0260435808
4.0299158096,0.0150423506,-0.0080989115,0.0111898929,-0.0458512381,-0.0064859344,0.0221248399
4.0399460793,0.0167065114,-0.0030136073,0.0109859854,-0.0406306423,-0.0144903315,0.0250090435
4.0499620438,0.0167619437,-0.0003777112,0.0030845550,-0.0280793421,-0.0156530663,0.0216277596
4.0596041679,0.0140941599,0.0010854935,0.0019644646,-0.0129358098,-0.0105848061,0.0228682607
4.0695209503,0.0110330442,-0.0006311948,0.0022391228,-0.0040380112,-0.0130471643,0.0203207470
4.0797061920,0.0133696655,-0.0029376710,0.0034307984,-0.0070963851,-0.0135659482,0.0174738280
4.0894780159,0.0126579264,-0.0079839043,0.0056510116,-0.0166376922,-0.0096593564,0.0136646423
4.0993809700,0.0091001252,-0.0111202709,0.0090800077,-0.0322217122,-0.0101419212,0.0180287659
4.1092510223,0.0090068141,-0.0064451960,0.0082627684,-0.0355337970,-0.0086225886,0.0188507829
4.1191930771,0.0042183553,-0.0071053696,0.0059476639,-0.0416915603,-0.0054334532,0.0189567767
4.1293163300,0.0067263399,-0.0095942207,0.0083891898,-0.0554228164,-0.0060819327,0.0228667296
4.1390743256,0.0079040984,-0.0041517285,0.0081780702,-0.0629896522,-0.0106415311,0.0220283680
4.1489701271,0.0086116651,-0.0045149294,0.0081912428,-0.0565171987,-0.0111584505,0.0184583329
4.1589150429,0.0131431082,-0.0046469164,0.0089117438,-0.0595145822,-0.0161721185,0.0169872027
4.1687221527,0.0120086530,-0.0072209355,0.0083382875,-0.0563462228,-0.0157212447,0.0155932708
4.1787519455,0.0117995003,-0.0077892658,0.0016665605,-0.0427209586,-0.0134775313,0.0124265058
4.1886658669,0.0108866254,0.0002977734,0.0014687326,-0.0214562379,-0.0195372868,0.0114623420
4.1986050606,0.0117175141,0.0001790186,-0.0002727958,0.0039010500,-0.0223738197,0.0151257869
4.2085299492,0.0134643773,-0.0011373425,-0.0014573786,0.0123151299,-0.0186038502,0.0169672947
4.2184910774,0.0105226496,-0.0032454843,0.0003930476,0.0142342038,-0.0189796221,0.0132971937
4.2284002304,0.0091976086,-0.0130399875,0.0057031061,0.0009733476,-0.0170946363,0.0125221470
4.2382612228,0.0104769925,-0.0171283372,0.0062381173,-0.0206411351,-0.0119062662,0.0078344503
4.2481360435,0.0088029662,-0.0180470832,0.0079268962,-0.0357836001,-0.0138857942,0.0061606541
4.2581472397,0.0101291696,-0.0138757788,0.0074277068,-0.0337449536,-0.0094234012,0.0028428878
4.2681751251,0.0138910571,-0.0134693794,0.0060747410,-0.0313291103,-0.0131683387,-0.0000144511
4.2780323029,0.0145523408,-0.0069500175,0.0019369868,-0.0208365209,-0.0182579048,0.0005394863
4.2879371643,0.0142031470,-0.0030454064,-0.0012559149,0.0012581288,-0.0235557314,-0.0033288882
4.2978439331,0.0135365585,-0.0030544663,-0.0044111465,0.0129747055,-0.0260204878,-0.0060636881
4.3077359200,0.0139489630,-0.0023867006,-0.0063500260,0.0233624540,-0.0253440440,-0.0082831336
4.3177142143,0.0129345814,-0.0059338626,-0.0071112965,0.0229869485,-0.0270772278,-0.0136438105
4.3276262283,0.0106437067,-0.0085369535,-0.0067908620,0.0145502323,-0.0197181180,-0.0148785189
4.3375587463,0.0110034207,-0.0077468571,-0.0032456967,0.0060550142,-0.0144123007,-0.0126174949
4.3475031853,0.0083265761,-0.0076485318,-0.0010325762,-0.0077777100,-0.0105706900,-0.0112584177
4.3574390411,0.0093393782,-0.0049537537,-0.0017616006,-0.0176748168,-0.0073237647,-0.0056026620
4.3673691750,0.0092694620,-0.0025764818,-0.0032647701,-0.0276748948,-0.0021899892,-0.0008212223
4.3773059845,0.0079148868,0.0010325571,-0.0001069757,-0.0224495083,-0.0003603976,0.0044462439
4.3875160217,0.0099472860,0.0030921360,-0.0011964295,-0.0193720497,0.0020505621,0.0056060171
4.3971581459,0.0104261497,0.0023431366,0.0012415197,-0.0191861615,0.0039920066,0.0072699604
4.4070601463,0.0108569721,0.0013441180,0.0045902277,-0.0214183331,0.0067776730,0.0070247501
4.4170370102,0.0115343491,-0.0025332535,0.0066738273,-0.0311077125,0.0067619602,0.0069698887
4.4267721176,0.0113145271,-0.0030811990,0.0101918131,-0.0439348295,0.0047821668,0.0043178461
4.4367628098,0.0108363787,-0.0052847383,0.0129411966,-0.0502103008,0.0028753430,0.0058084177
4.4469470978,0.0142704109,-0.0067295698,0.0159378201,-0.0577726997,-0.0019633544,0.0056101447
4.4566431046,0.0150607983,-0.0003082420,0.0180778652,-0.0498718992,-0.0057309284,0.0070541110
4.4665598869,0.0155505100,0.0038754379,0.0183761269,-0.0330959372,-0.0118705798,0.0071265493
4.4765009880,0.0151775042,0.0063393745,0.0138085037,-0.0134077212,-0.0210616812,0.0128558073
4.4864830971,0.0151118496,0.0040934864,0.0099195391,-0.0068882150,-0.0269411411,0.0109986849
4.4963197708,0.0137298563,0.0014214178,0.0137884766,-0.0087838527,-0.0269254297,0.0071959579
4.5062470436,0.0125384191,-0.0034742916,0.0134918243,-0.0098090814,-0.0282186605,0.0058595501
4.5162210464,0.0124686221,-0.0037796462,0.0129761845,-0.0170928277,-0.0317984782,0.0039676405
4.5263671875,0.0123790065,-0.0034219141,0.0103387982,-0.0162683129,-0.0374073647,0.0006428170
4.5360412598,0.0124975601,-0.0032861794,0.0059378888,-0.0200822260,-0.0349178426,-0.0010176639
4.5459880829,0.0116430679,-0.0042286185,0.0030245928,-0.0211620480,-0.0322472230,-0.0009218233
4.5558810234,0.0106356004,-0.0007472301,0.0019695906,-0.0217213109,-0.0285712630,0.0000867159
4.5658421516,0.0099790255,0.0044996995,-0.0005767795,-0.0095484462,-0.0258945208,0.0019971677
4.5757541656,0.0105887214,0.0033100729,-0.0003181550,-0.0052943127,-0.0230659768,0.0055266554
4.5856690407,0.0099066952,-0.0005517642,-0.0015467260,-0.0082492679,-0.0262625683,0.0094107091
4.5956048965,0.0106021920,-0.0024545307,0.0006351021,-0.0167772416,-0.0212273300,0.0110770492
4.6055088043,0.0100216130,-0.0010078067,-0.0025873038,-0.0217740424,-0.0196470097,0.0153421350
4.6156911850,0.0083118239,0.0035106426,-0.0047070240,-0.0186413676,-0.0214976408,0.0162555985
4.6254339218,0.0065602516,0.0004369577,-0.0069662784,-0.0181629732,-0.0191780273,0.0176082179
4.6353797913,0.0072046374,-0.0042659831,-0.0060223197,-0.0349448808,-0.0156290978,0.0166047402
4.6452407837,0.0065581058,-0.0070182723,-0.0034699293,-0.0531933941,-0.0090763913,0.0171632711
4.6556210518,0.0075701033,-0.0036971087,-0.0020353051,-0.0508958846,-0.0093496311,0.0188059080
4.6650671959,0.0091279307,0.0051665711,-0.0034435841,-0.0277349055,-0.0110748280,0.0194143075
4.6749191284,0.0092930058,0.0084793679,-0.0062440489,-0.0049403785,-0.0113770962,0.0235885475
4.6849441528,0.0089736739,0.0058379876,-0.0109667033,0.0088975839,-0.0119440835,0.0261895563
4.6949510574,0.0083783427,0.0032317897,-0.0100288242,0.0115735279,-0.0152365491,0.0263269749
4.7048110962,0.0076174294,0.0000337546,-0.0067878817,0.0085646883,-0.0101155564,0.0229412988
4.7147712708,0.0068847393,-0.0038660804,-0.0053895568,0.0032639327,-0.0062941867,0.0198669452
4.7246232033,0.0084156254,-0.0066718725,-0.0059474562,-0.0004053707,-0.0045735184,0.0177517626
4.7346153259,0.0114427367,-0.0084330253,-0.0047412966,-0.0140396906,-0.0054672752,0.0147154927
4.7445101738,0.0079683522,-0.0069449362,-0.0026881548,-0.0156722963,0.0012151285,0.0146782417
4.7544298172,0.0095676640,-0.0042868969,-0.0052535986,-0.0013362342,0.0001927409,0.0129613020
4.7643423080,0.0121467868,-0.0016660357,-0.0069268201,0.0016753569,0.0020305885,0.0079873828
4.7743310928,0.0091211954,-0.0011034275,-0.0052578901,0.0083785336,0.0053494195,0.0064968113
4.7841839790,0.0086842040,-0.0047748503,0.0008157638,0.0070468644,0.0067920540,0.0033932300
4.7941713333,0.0088210562,-0.0089442097,0.0028782038,0.0013208017,0.0065110903,0.0058348160
4.8040618896,0.0067152535,-0.0053965938,0.0046830918,-0.0008275704,0.0051528784,0.0048864642
4.8140640259,0.0087652365,-0.0063779620,0.0039954926,-0.0080772275,0.0008593302,0.0068846340
4.8239059448,0.0087230066,-0.0070879203,0.0053212191,-0.0187051035,0.0013309760,0.0113729928
4.8338661194,0.0049703871,-0.0063268286,0.0032417921,-0.0262857918,-0.0002701164,0.0132422652
4.8435349464,0.0058451747,-0.0020387808,0.0030400900,-0.0190915298,0.0009751776,0.0168534126
4.8538532257,0.0072979783,0.0008048301,0.0027682332,-0.0061091515,0.0025517689,0.0149971889
4.8636221886,0.0068604504,-0.0015743265,0.0045535113,-0.0009435066,-0.0039285007,0.0145516414
4.8735418320,0.0103111723,-0.0041220379,0.0067841555,0.0012275022,-0.0027479217,0.0104655540
4.8836832047,0.0095065990,-0.0043065292,0.0082466751,0.0068095764,-0.0014469674,0.0100112185
4.8933920860,0.0087323943,-0.0037988389,0.0077819969,0.0176699478,-0.0072723660,0.0032284136
4.9033670425,0.0078598717,-0.0063386974,0.0050875093,0.0164278485,-0.0047703264,-0.0000674147
4.9132308960,0.0083519677,-0.0109288879,0.0053167487,0.0052433712,-0.0088492231,-0.0027984865
4.9231901169,0.0096370736,-0.0082493909,0.0067985798,0.0023014662,-0.0095760003,-0.0007713549
4.9333038330,0.0119789699,-0.0055884984,0.0023798493,0.0061545279,-0.0113315554,0.0007445165
4.9429860115,0.0100726346,-0.0012581090,0.0018774417,0.0094701629,-0.0103334030,-0.0035266941
4.9529762268,0.0069473539,-0.0043252674,0.0020103005,0.0085308664,-0.0097805308,-0.0008321078
4.9628119469,0.0069712554,-0.0029286484,0.0014389899,0.0077532236,-0.0064129638,-0.0028251845
4.9727668762,0.0076377247,-0.0017492885,-0.0002831075,0.0126670226,-0.0086667966,-0.0010728247
4.9827752113,0.0076422845,-0.0027525912,0.0001688746,0.0084369462,-0.0065578399,-0.0032222285
4.9926538467,0.0061437045,-0.0045330045,0.0018387584,0.0011769026,-0.0070654382,-0.0029034484
5.0026440620,0.0099386433,-0.0039665890,0.0022125391,-0.0033203778,-0.0053642108,0.0013440608
5.0125217438,0.0100964168,-0.0030304159,0.0022787598,-0.0059718206,-0.0008200592,0.0040200050
5.0223951340,0.0090804556,-0.0034799764,-0.0007143471,-0.0090513229,-0.0009601415,0.0049831704
5.0322971344,0.0082555572,-0.0026004727,0.0002603081,-0.0150237270,0.0056937663,0.0081299618
5.0422458649,0.0095822373,-0.0046216515,0.0009752658,-0.0203936361,0.0031677580,0.0041921451
5.0522170067,0.0096610943,-0.0077750799,0.0004856733,-0.0191970803,0.0037054503,0.0000245643
5.0621299744,0.0100729624,-0.0072247577,0.0027754453,-0.0289398991,0.0059052212,0.0012984872
5.0720481873,0.0053056334,-0.0029502178,0.0037370471,-0.0204934180,0.0039531244,-0.0001076618
5.0819911957,0.0066508208,0.0009740253,0.0047221328,-0.0083193090,0.0020375126,0.0011836053
5.0918817520,0.0081688026,0.0031070893,0.0040076519,0.0068370071,-0.0006035442,-0.0031746577
5.1018700600,0.0089993933,-0.0023729692,0.0065817381,0.0088697094,-0.0039093257,0.0008309030
5.1117720604,0.0092971483,-0.0069136810,0.0098201782,-0.0016226126,-0.0050084125,0.0009925568
5.1216359138,0.0086579183,-0.0070060608,0.0110712796,-0.0106781591,-0.0090702660,-0.0023543376
5.1316051483,0.0070350324,-0.0035966078,0.0092383772,-0.0098885316,-0.0115619199,0.0013919310
5.1415119171,0.0083084265,-0.0005686621,0.0072588469,0.0016744691,-0.0173335224,0.0015067132
5.1514263153,0.0080974260,0.0014271324,0.0025331525,0.0114778318,-0.0165161975,0.0008497115
5.1613669395,0.0082295695,0.0039162296,0.0009178665,0.0179256108,-0.0178160854,0.0015590776
5.1712698936,0.0088643590,-0.0010364095,0.0036174206,0.0180534422,-0.0184448585,0.0007723798
5.1814451218,0.0108271698,-0.0014365802,0.0025292186,0.0101489145,-0.0171700027,0.0021551598
5.1912541389,0.0110388258,-0.0045873192,0.0015124228,0.0064372662,-0.0124556767,-0.0021186813
5.2011241913,0.0101199010,-0.0085644834,0.0008833554,-0.0092339274,-0.0104479194,-0.0009636683
5.2110071182,0.0084899226,-0.0052970094,-0.0009412023,-0.0218072440,-0.0092191370,0.0032601054
5.2209448814,0.0081575373,-0.0015841241,-0.0062928651,-0.0257455260,-0.0047652661,0.0014268516
5.2308850288,0.0077398275,0.0045275721,-0.0062258099,-0.0172652211,-0.0021521724,0.0034892035
5.2407641411,0.0081039229,0.0065476256,-0.0094536394,-0.0036247773,-0.0028595082,0.0018443689
5.2507781982,0.0059544002,0.0029811074,-0.0079917163,-0.0010835892,0.0016915679,0.0032672959
5.2608480453,0.0054068421,0.0027797108,-0.0064387773,0.0006867028,0.0047752419,0.0026200144
5.2705802917,0.0092320303,-0.0023509974,-0.0048265909,-0.0025375863,0.0038391410,0.0025262712
5.2804670334,0.0080473581,-0.0039635715,-0.0040338491,-0.0184099376,0.0061896471,0.0047636265
5.2904300690,0.0085433582,0.0005880182,-0.0014560673,-0.0156881865,0.0119079864,0.0038746630
5.3004169464,0.0072159325,-0.0004038627,-0.0026212188,-0.0142859435,0.0088299047,0.0056435345
5.3102922440,0.0068389331,-0.0016306902,-0.0057498072,-0.0146452030,0.0093849078,0.0061039953
5.3202691078,0.0079255560,-0.0017718489,-0.0008699748,-0.0153005188,0.0123447450,0.0070414608
5.3301010132,0.0071433340,-0.0030810277,-0.0006607029,-0.0179785937,0.0101718716,0.0089770462
5.3400182724,0.0094380537,-0.0014014433,-0.0014402125,-0.0147956731,0.0120139802,0.0085684843
5.3500409126,0.0093387226,0.0035252606,-0.0046730493,-0.0053212112,0.0112808123,0.0088276099
5.3598690033,0.0092067579,0.0050202045,-0.0051816558,0.0071811765,0.0106578991,0.0101805292
5.3698978424,0.0099739293,-0.0000851492,-0.0008555505,0.0041417107,0.0102176778,0.0103661511
5.3797512054,0.0091880420,0.0000586395,-0.0017182680,-0.0013325945,0.0129671255,0.0130350050
5.3896532059,0.0092740813,0.0001302992,0.0028343347,-0.0035613943,0.0155626424,0.0132464599
5.3997697830,0.0097559253,-0.0011462236,0.0045211460,-0.0061816778,0.0090778451,0.0127364323
5.4095869064,0.0072677885,-0.0030785317,0.0077427174,-0.0146039259,0.0107953176,0.0112818126
5.4194631577,0.0079553584,-0.0045701680,0.0073355581,-0.0145290904,0.0115127731,0.0078474004
5.4294500351,0.0087396065,-0.0005044232,0.0073341872,-0.0097947884,0.0075065801,0.0091888346
5.4392528534,0.0092741409,-0.0002361129,0.0034755019,-0.0048851622,0.0020881128,0.0043764692
5.4492421150,0.0082145194,-0.0032908807,0.0055591012,-0.0075051803,0.0023128835,0.0057703676
5.4591598511,0.0071749543,-0.0050793481,0.0075872089,-0.0149850231,-0.0002264406,0.0040745996
5.4690837860,0.0105911354,-0.0065466878,0.0109679848,-0.0181904044,-0.0021780049,0.0073369723
5.4790420532,0.0089143971,-0.0058534858,0.0076854969,-0.0170580279,-0.0025385972,0.0060413107
5.4889369011,0.0080935517,-0.0021954814,0.0050245668,-0.0084014228,-0.0030981272,0.0064759385
5.4989309311,0.0082338015,0.0017693972,0.0031699685,-0.0024355873,-0.0044142613,0.0090420283
5.5090627670,0.0110313455,0.0011699235,0.0031737832,0.0018537000,-0.0026738858,0.0109099690
5.5187511444,0.0083996812,0.0001164113,0.0040160562,0.0028722705,-0.0036187754,0.0111462576
5.5286931992,0.0098183313,-0.0041948152,0.0047297622,-0.0041755186,0.0013626675,0.0103361243
5.5385270119,0.0086813429,-0.0045281020,0.0049555446,-0.0135182422,-0.0005822390,0.0101853227
5.5485219955,0.0081423083,-0.0062617180,0.0066044475,-0.0223205239,0.0005597245,0.0060233343
5.5584497452,0.0080093304,-0.0125259273,0.0066308524,-0.0423302725,0.0051653953,0.0052135005
5.5683779716,0.0070899879,-0.0087161623,0.0114005953,-0.0545137003,0.0030455191,0.0083440468
5.5782361031,0.0074930643,-0.0019373859,0.0129792243,-0.0561053865,-0.0003446850,0.0027672541
5.5884542465,0.0057246541,-0.0027325342,0.0151105076,-0.0556103028,-0.0000080614,0.0010921257
5.5981249809,0.0044892286,-0.0049034473,0.0163444430,-0.0540298074,-0.0037673798,0.0044335607
5.6081848145,0.0040902947,0.0062194350,0.0142385513,-0.0331423655,-0.0093496311,0.0097353812
5.6180610657,0.0056654667,0.0098671056,0.0111645013,-0.0037332564,-0.0125595396,0.0080086216
5.6279430389,0.0082705775,0.0043963301,0.0103332549,0.0041792612,-0.0216076281,0.0100909472
5.6378250122,0.0077731465,-0.0031558687,0.0152945071,-0.0076402910,-0.0222129673,0.0118279271
5.6474800110,0.0067862426,-0.0050267098,0.0153783113,-0.0119021488,-0.0266055837,0.0154588800
5.6582860947,0.0069200550,-0.0047285152,0.0122647434,-0.0148381945,-0.0255115572,0.0101236366
5.6678462029,0.0112632373,-0.0040215147,0.0075657512,-0.0101864524,-0.0275398213,0.0121929143
5.6775407791,0.0117614130,-0.0006758685,0.0065602208,-0.0074816556,-0.0285891052,0.0106309028
5.6875848770,0.0109741250,0.0002993231,0.0046078111,-0.0022879592,-0.0290530287,0.0043639522
5.6974020004,0.0087852040,-0.0057574925,0.0045492197,-0.0041764951,-0.0280865673,0.0053489888
5.7073631287,0.0086720148,-0.0075219539,0.0033686904,-0.0123787653,-0.0223935284,0.0067482139
5.7172822952,0.0072826003,-0.0028433839,0.0025446562,-0.0106282700,-0.0214121547,0.0055624745
5.7273378372,0.0090697566,-0.0021729732,-0.0005678984,-0.0125508066,-0.0237999447,0.0033496539
5.7370948792,0.0089976052,-0.0106148683,0.0020031480,-0.0265077222,-0.0193878859,0.0026900223
5.7470650673,0.0069706594,-0.0087337606,0.0021785048,-0.0331395268,-0.0210590195,0.0071188593
5.7569561005,0.0067792390,-0.0022834057,-0.0022058340,-0.0186836198,-0.0205727257,0.0061152140
5.7668290138,0.0085588554,0.0028467586,-0.0034550878,-0.0027560536,-0.0265802834,0.0121033322
5.7767868042,0.0110487202,0.0037442481,-0.0063836430,0.0051466986,-0.0257262085,0.0139844883
5.7867679596,0.0070476686,0.0013972854,-0.0062958454,0.0059283362,-0.0233160462,0.0134609118
5.7966222763,0.0061744903,-0.0046919552,-0.0044689630,-0.0004478041,-0.0237424187,0.0136387441
5.8065690994,0.0054942523,-0.0079669170,-0.0024051520,-0.0158717670,-0.0222742185,0.0111082075
5.8165912628,0.0041203056,-0.0072549698,-0.0050029014,-0.0161766987,-0.0167516228,0.0091338074
5.8263902664,0.0043002521,-0.0048178029,-0.0063917493,-0.0171900317,-0.0117789665,0.0066096629
5.8363270760,0.0052212034,-0.0040601459,-0.0038914534,-0.0152470786,-0.0139816673,0.0060176086
5.8462519646,0.0071312939,-0.0049434048,-0.0030557963,-0.0125487633,-0.0133094862,0.0091566760
5.8561859131,0.0109443525,-0.0035585428,-0.0072481488,-0.0113376472,-0.0102292737,0.0066435179
5.8661737442,0.0079252878,-0.0050596339,-0.0036452266,-0.0143462196,-0.0086801127,0.0034756882
5.8759999275,0.0084399441,-0.0063618538,-0.0023800584,-0.0148838237,-0.0112489983,0.0051437588
5.8859930038,0.0063887094,-0.0052292910,-0.0028545710,-0.0159717239,-0.0050190650,0.0017873772
5.8958811760,0.0047994112,-0.0035059119,-0.0014526102,-0.0158459339,-0.0067549134,-0.0014247613
5.9058113098,0.0059309457,-0.0067783487,0.0011845973,-0.0121947397,-0.0060222778,-0.0061886236
5.9157319069,0.0073644076,-0.0089862011,0.0030137447,-0.0135086551,-0.0087464247,-0.0068947608
5.9256649017,0.0069922959,-0.0074979705,0.0047412659,-0.0191151425,-0.0093222009,-0.0126218889
5.9356918335,0.0079648057,-0.0046301824,0.0021517423,-0.0098812534,-0.0127552813,-0.0098689459
5.9455089569,0.0105160335,0.0006303003,-0.0033407661,0.0023434551,-0.0196443480,-0.0117728403
5.9551730156,0.0094831446,0.0001838689,-0.0065330719,0.0096191224,-0.0196051970,-0.0116026970
5.9651832581,0.0064426516,-0.0024890269,-0.0064193462,0.0095919585,-0.0169739947,-0.0069472259
5.9751172066,0.0052398597,-0.0022477249,-0.0058809374,0.0088739702,-0.0153521309,-0.0057115192
5.9852342606,0.0054010008,0.0005601977,-0.0015302750,0.0079061780,-0.0081285723,-0.0056515308
5.9953279495,0.0030309116,0.0023717617,-0.0007790777,0.0107703190,-0.0063168239,-0.0029319772
6.0050811768,0.0055155014,0.0006889140,-0.0004545304,0.0080320565,-0.0076409476,-0.0001345929
6.0149240494,0.0039353822,0.0031881591,0.0016833689,0.0010525328,-0.0024009116,0.0036905385
6.0250530243,0.0025150632,0.0034737100,0.0023960618,-0.0033802986,0.0011112652,0.0048620631
6.0350522995,0.0044750427,0.0012809520,0.0017879156,-0.0097754374,-0.0003665229,0.0017842812
6.0447759628,0.0061197435,0.0007247066,0.0004669574,-0.0207311492,0.0012699896,0.0002044942
6.0546879768,0.0072259461,-0.0008467177,0.0012604145,-0.0232412666,-0.0009510868,-0.0033160716
6.0646667480,0.0083933035,0.0013551672,0.0044714357,-0.0226543061,-0.0040086620,-0.0015978001
6.0747737885,0.0094217518,0.0087489896,0.0009113100,0.0000366252,-0.0078878226,-0.0019962091
6.0845441818,0.0050999676,0.0119825341,-0.0001238438,0.0255172178,-0.0077059288,-0.0018827587
6.0944061279,0.0066165184,0.0108451881,-0.0017862173,0.0332550332,-0.0105392653,0.0029188211
6.1043848991,0.0056708609,0.0044262591,0.0007810739,0.0206713304,-0.0079067303,0.0047758431
6.1142377853,0.0036967252,-0.0044115377,0.0063148285,-0.0105135748,-0.0043077352,0.0076071164
6.1241598129,0.0060013388,-0.0093544535,0.0112833530,-0.0438909717,-0.0012616112,0.0105275391
6.1340942383,0.0069436585,-0.0068886694,0.0107417256,-0.0643255860,0.0009299039,0.0098821558
6.1440348625,0.0063916300,0.0017386337,0.0101576596,-0.0592938066,0.0002468031,0.0145469476
6.1542029381,0.0097704390,0.0092474259,0.0064556743,-0.0367538817,-0.0047215903,0.0148476521
6.1639051437,0.0078748325,0.0137932487,0.0040884758,-0.0091350358,-0.0066718231,0.0155280894
6.1738080978,0.0072289859,0.0151322223,0.0046138908,0.0088813379,-0.0125062764,0.0181460101
6.1837091446,0.0098188082,0.0098346658,0.0058728601,0.0186111964,-0.0133800600,0.0200741384
6.1936650276,0.0100021521,0.0020115857,0.0078495890,0.0076364879,-0.0149467969,0.0220024679
6.2036499977,0.0071796929,0.0001195257,0.0082415491,-0.0030739466,-0.0091520250,0.0244911928
6.2135143280,0.0059592878,-0.0006645585,0.0089071542,-0.0102228476,-0.0113147786,0.0277655162
6.2234382629,0.0074667786,-0.0041271937,0.0097260028,-0.0233074911,-0.0124500841,0.0301961824
6.2335081100,0.0060728942,-0.0010940025,0.0088386089,-0.0240693316,-0.0122428900,0.0304398611
6.2432622910,0.0066742157,0.0001344641,0.0083948523,-0.0163528230,-0.0146064451,0.0303612985
6.2531981468,0.0073477183,0.0007423048,0.0050129439,-0.0099754408,-0.0170813203,0.0251559149
6.2632231712,0.0074539934,-0.0037563259,0.0054757143,-0.0078747384,-0.0194086563,0.0251354091
6.2729802132,0.0085516432,-0.0057363180,0.0031306890,-0.0088675646,-0.0208283868,0.0200797319
6.2830281258,0.0086095789,-0.0019420574,0.0012357380,-0.0066062752,-0.0222611688,0.0196333863
6.2928910255,0.0072941040,-0.0036856497,-0.0008429143,0.0024866450,-0.0233895499,0.0171937309
6.3028512001,0.0085011879,-0.0025836045,-0.0020077082,0.0061460948,-0.0222481191,0.0179002676
6.3127431870,0.0064089452,-0.0026598165,-0.0014089795,0.0064362902,-0.0204390343,0.0176492985
6.3228230476,0.0077639078,-0.0029427225,-0.0008218142,0.0174149051,-0.0207170676,0.0168570075
6.3326239586,0.0076648747,-0.0074989614,-0.0027725550,0.0172481015,-0.0175271351,0.0128859011
6.3425512314,0.0068914448,-0.0107335858,0.0006466654,0.0094176102,-0.0170935728,0.0098437723
6.3525462151,0.0050570522,-0.0126003213,-0.0003219697,-0.0035747094,-0.0183124989,0.0073518194
6.3623700142,0.0069527780,-0.0160049833,-0.0015420172,-0.0065822173,-0.0177047662,0.0035485588
6.3723111153,0.0076636230,-0.0135113262,-0.0026551338,-0.0031672460,-0.0142152263,0.0018877117
6.3822050095,0.0045741652,-0.0071803746,-0.0040403460,0.0139451623,-0.0195021331,0.0009369631
6.3921508789,0.0074426089,-0.0015137831,-0.0050297831,0.0438644439,-0.0258702859,0.0037885762
6.4021377563,0.0077906405,-0.0003259445,-0.0079228133,0.0614367798,-0.0251035616,0.0001062234
6.4120283127,0.0048564230,-0.0059477058,-0.0070549701,0.0633950010,-0.0237080641,-0.0013253256
6.4219751358,0.0038091992,-0.0112446882,-0.0067965244,0.0456556864,-0.0208273232,-0.0017735353
6.4318871498,0.0019759987,-0.0127626322,-0.0014982077,0.0228715446,-0.0163620003,-0.0016986341
6.4419651031,0.0016995227,-0.0114488117,-0.0010462853,0.0091559999,-0.0146972593,-0.0005947538
6.4517369270,0.0014692402,-0.0087492876,-0.0025208446,-0.0008404423,-0.0104638981,-0.0065285768
6.4616608620,0.0025507067,-0.0121838786,-0.0013651701,-0.0101407338,-0.0100332648,-0.0106591396
6.4716091156,0.0036471342,-0.0093568228,-0.0028012248,-0.0220920239,-0.0057540978,-0.0122723151
6.4814810753,0.0031888937,-0.0073599187,-0.0036754461,-0.0185324419,-0.0044827047,-0.0197917502
6.4913730621,0.0047329222,-0.0012289474,-0.0060254787,-0.0071752155,-0.0020224764,-0.0153734675
6.5013680458,0.0055914079,0.0026478132,-0.0072089289,0.0085345060,-0.0036717721,-0.0160227455
6.5113592148,0.0066442345,0.0039004718,-0.0091165751,0.0201000813,-0.0054734005,-0.0138056306
6.5212111473,0.0056434427,0.0023806801,-0.0044348692,0.0151247643,-0.0061136242,-0.0127443606
6.5313630104,0.0050825332,-0.0029823149,0.0000813750,0.0016933780,-0.0028978575,-0.0138323624
6.5410399437,0.0048335944,-0.0046678972,-0.0002735707,-0.0164046660,0.0012042095,-0.0103217829
6.5509719849,0.0029046987,-0.0023239071,0.0001461652,-0.0235475302,0.0062024300,-0.0101214796
6.5611109734,0.0037225639,-0.0015574063,-0.0007825944,-0.0290762521,0.0039635110,-0.0079861572
6.5708351135,0.0052728509,0.0023177152,0.0036516932,-0.0280018430,0.0040114475,-0.0065004472
6.5807571411,0.0053437208,0.0036580821,0.0039931084,-0.0186829120,0.0053536808,-0.0073976656
6.5906982422,0.0046530222,0.0095716454,0.0038546470,-0.0095731253,0.0036689651,-0.0013757260
6.6006388664,0.0033989702,0.0046427804,0.0059169675,-0.0138544226,-0.0002597301,0.0010887634
6.6105298996,0.0050167893,0.0056714746,0.0062800194,-0.0220774636,-0.0017859878,0.0067544058
6.6205420494,0.0021550213,0.0019808298,0.0066795493,-0.0256229304,0.0001618483,0.0070095360
6.6303968430,0.0045304154,0.0031178927,0.0100110918,-0.0349473655,0.0001384124,0.0051244511
6.6405282021,0.0040719365,0.0022904759,0.0084077269,-0.0324197598,-0.0025457875,0.0050948900
6.6502490044,0.0046357368,0.0058850306,0.0078065540,-0.0253682435,-0.0003348313,0.0089656282
6.6602268219,0.0040758406,0.0065315845,0.0046699787,-0.0124199558,-0.0086223222,0.0100841559
6.6700711250,0.0086965421,0.0066424566,0.0081496984,-0.0053462442,-0.0101664234,0.0151360063
6.6805539131,0.0066819345,0.0075132879,0.0064991261,0.0032027692,-0.0123121319,0.0199118517
6.6900229454,0.0064470624,0.0055493745,0.0030290631,0.0095426906,-0.0106585752,0.0204037726
6.6999502182,0.0088818530,0.0020357852,0.0007332113,0.0049623195,-0.0135326581,0.0186295733
6.7098059654,0.0058068489,-0.0003687481,0.0023276357,0.0005325056,-0.0087307123,0.0159131158
6.7199969292,0.0059314822,-0.0052400124,0.0033117679,-0.0080476664,-0.0093672080,0.0085228439
6.7296247482,0.0072310423,-0.0059976918,0.0060903574,-0.0178033579,-0.0082635945,0.0075530214
6.7396259308,0.0074772988,-0.0004444311,0.0049337293,-0.0134605411,-0.0097126206,0.0072832429
6.7495832443,0.0086604515,-0.0001750703,0.0013774183,-0.0035892688,-0.0101975817,0.0078593511
6.7595000267,0.0065827821,-0.0009362067,-0.0023015591,-0.0086183818,-0.0105848061,0.0120836571
6.7694129944,0.0071713482,-0.0014573226,0.0002987531,-0.0092872791,-0.0121853659,0.0180578604
6.7793531418,0.0086581567,0.0017312055,-0.0016073438,-0.0070326468,-0.0106750866,0.0181827620
6.7892489433,0.0085188309,0.0007301902,-0.0014474246,0.0037961213,-0.0101861302,0.0168450568
6.7993121147,0.0095817605,-0.0018085653,0.0006255058,0.0084742298,-0.0150013920,0.0151432967
6.8091301918,0.0094900290,-0.0042677787,0.0007062700,0.0055963290,-0.0173047595,0.0118570887
6.8190560341,0.0080616334,-0.0050979522,-0.0024368616,0.0033124022,-0.0119137224,0.0052508516
6.8289680481,0.0068809544,-0.0076775220,-0.0044759964,0.0039740205,-0.0098894546,-0.0011161673
6.8391771317,0.0038892184,-0.0078418367,-0.0048101996,0.0002985918,-0.0071626436,-0.0030155340
6.8488030434,0.0048906361,-0.0043958542,-0.0006108734,-0.0035529612,-0.0087280497,-0.0019604564
6.8586597443,0.0059666191,-0.0018233249,-0.0004553053,-0.0021265717,-0.0060774055,-0.0012621754
6.8686509132,0.0020225798,0.0015480106,-0.0006763193,0.0004306845,-0.0035660446,0.0017205984
6.8785371780,0.0040829931,-0.0004727880,-0.0022283050,0.0047311569,-0.0071197669,0.0032892004
6.8884449005,0.0057381843,-0.0042486009,-0.0029116722,-0.0015314440,-0.0050606108,0.0018978984
6.8984489441,0.0056483005,-0.0055261222,0.0000426915,-0.0121470708,-0.0030946650,0.0057980977
6.9082517624,0.0051640128,-0.0019345994,0.0025379208,-0.0148076564,-0.0019489730,0.0068829367
6.9182481766,0.0078748325,-0.0000239725,0.0011198070,-0.0046924385,-0.0039237072,0.0090243844
6.9280281067,0.0073191379,0.0016895642,0.0035390405,0.0060409885,-0.0058161491,0.0088855335
6.9381008148,0.0070422743,0.0038136502,0.0018702295,0.0169431716,-0.0081765093,0.0094021875
6.9480528831,0.0087422291,0.0004248430,0.0025895385,0.0172174759,-0.0127520869,0.0064906860
6.9579410553,0.0069624637,-0.0054158014,0.0067322995,0.0047416319,-0.0124657964,0.0047444515
6.9678382874,0.0072817956,-0.0069151116,0.0051921750,-0.0124591049,-0.0148794195,0.0046841973
6.9777488708,0.0052319323,-0.0046015573,0.0041022445,-0.0173587874,-0.0088047488,0.0052567772
6.9877471924,0.0041760062,-0.0003342519,0.0054492499,-0.0207052268,-0.0077863559,0.0032902989
6.9978141785,0.0063211475,0.0019410586,0.0078647286,-0.0115631279,-0.0110503258,0.0074008880
7.0076022148,0.0077682589,0.0043351385,0.0050349380,-0.0038683685,-0.0154701080,0.0130355377
7.0175218582,0.0084039727,0.0073480266,0.0032743362,0.0004110653,-0.0156157836,0.0143048000
7.0274481773,0.0086132744,0.0049774977,-0.0003985616,0.0056170127,-0.0157819632,0.0156223327
7.0373349190,0.0085291425,-0.0001970793,0.0044770981,-0.0082822908,-0.0162466858,0.0096555203
7.0472593307,0.0060973321,-0.0066080582,0.0076785828,-0.0276392102,-0.0122351665,0.0134649053
7.0572490692,0.0062543009,-0.0036334509,0.0069942619,-0.0359597243,-0.0099954475,0.0119674094
7.0672211647,0.0045696949,0.0010486131,0.0050647999,-0.0308963470,-0.0049077454,0.0130503513
7.0770730972,0.0041618799,0.0036523526,0.0051642205,-0.0272784419,-0.0098801330,0.0134692667
7.0869913101,0.0018634057,0.0017018800,0.0034299043,-0.0304983798,-0.0132301236,0.0209049135
7.0968971252,0.0043435250,0.0061383876,0.0022491363,-0.0287225861,-0.0141340001,0.0214529913
7.1068148613,0.0067657088,0.0041065845,0.0002293137,-0.0227456521,-0.0162980836,0.0248915311
7.1167531013,0.0049306904,-0.0003082420,0.0021049527,-0.0289348364,-0.0143233519,0.0302189179
7.1268911362,0.0026851152,-0.0044030366,0.0045765783,-0.0393354595,-0.0133928424,0.0275886469
7.1366009712,0.0030718897,-0.0085324235,0.0042604352,-0.0579458997,-0.0083655929,0.0263750441
7.1465048790,0.0023391698,-0.0107730143,0.0037610678,-0.0713530481,-0.0044440888,0.0213246271
7.1564340591,0.0019943272,-0.0097347982,0.0011768487,-0.0716776848,-0.0023913244,0.0188500173
7.1663780212,0.0032869433,-0.0007346238,0.0017203238,-0.0570507161,-0.0034062550,0.0205293410
7.1763081551,0.0050988053,0.0010972579,-0.0015281889,-0.0343683064,-0.0088388370,0.0142509378
7.1862311363,0.0027936255,0.0024590229,-0.0020588490,-0.0174443647,-0.0076449420,0.0093515199
7.1961579323,0.0065394198,-0.0000918100,-0.0023956152,-0.0060076853,-0.0121677890,0.0073291156
7.2062811852,0.0042742644,-0.0007568488,-0.0003006312,0.0034538163,-0.0144461226,0.0074885390
7.2159757614,0.0041186069,-0.0004824663,-0.0021874162,0.0148976855,-0.0209732633,0.0095711313
7.2259449959,0.0027743732,-0.0052300212,-0.0041960930,0.0150068756,-0.0182038434,0.0100115519
7.2358722687,0.0011303282,-0.0070491550,-0.0046475981,0.0053806133,-0.0169505589,0.0127061382
7.2457981110,0.0000942206,-0.0100637786,-0.0027903172,-0.0101132141,-0.0150586497,0.0120340893
7.2557220459,-0.0006339991,-0.0117215924,-0.0009749386,-0.0246322341,-0.0101248780,0.0086220466
7.2656321526,0.0000384008,-0.0103629343,0.0008942631,-0.0337477922,-0.0062411898,0.0100573245
7.2755451202,0.0000919556,-0.0059173820,-0.0005712959,-0.0278377049,-0.0104260817,0.0075475615
7.2854890823,0.0004587328,-0.0067872819,-0.0039767479,-0.0275420919,-0.0082827685,0.0053740228
7.2952451706,0.0022296463,-0.0036394263,-0.0075318669,-0.0155727835,-0.0051293201,0.0027026059
7.3053541183,0.0059902226,-0.0041461331,-0.0087917894,-0.0071226615,-0.0056957742,0.0038454682
7.3152809143,0.0024880921,-0.0074309451,-0.0111985058,0.0005469760,-0.0078734411,0.0022193419
7.3251981735,0.0034804498,-0.0065211770,-0.0076137637,0.0041095754,-0.0070558507,0.0003864211
7.3353033066,0.0045230840,-0.0080384500,-0.0059404229,0.0035210166,-0.0042739129,0.0017816513
7.3450431824,0.0026327525,-0.0105943047,-0.0047452305,0.0011453885,-0.0025596360,-0.0027306757
7.3549790382,0.0012675083,-0.0102182664,-0.0029135200,-0.0048999875,0.0046327626,-0.0069097085
7.3649063110,0.0019227421,-0.0104937516,-0.0010763856,-0.0145264268,0.0052357027,-0.0070846779
7.3750472069,0.0009675479,-0.0097938143,0.0014519837,-0.0243289899,0.0077859461,-0.0089571467
7.3847208023,0.0007407521,-0.0052450118,0.0015298871,-0.0243393760,0.0030790749,-0.0084953206
7.3946847916,0.0001820480,-0.0026044066,0.0042497660,-0.0231886245,0.0066535696,-0.0090963962
7.4068813324,0.0020041321,0.0021171381,0.0023326424,-0.0201869756,0.0020186042,-0.0081228446
7.4145879745,0.0010916447,0.0033090597,0.0019272711,-0.0087122135,-0.0001705142,-0.0099455118
7.4247450829,0.0030537997,0.0041829976,0.0013835577,0.0008956725,-0.0010168669,-0.0110116415
7.4350032806,0.0057798182,0.0045799869,0.0018875744,0.0050190445,-0.0025875992,-0.0074280920
7.4450049400,0.0054231142,0.0058328840,0.0033883599,0.0093022957,-0.0054246648,-0.0096427770
7.4548430443,0.0044962619,0.0018784290,0.0039296891,0.0084900316,-0.0086585404,-0.0084680570
7.4644422531,0.0060302173,-0.0028857405,0.0033499149,-0.0061901119,-0.0082931556,-0.0081280377
7.4739837646,0.0043350314,0.0014565249,0.0008049157,-0.0073848059,-0.0049266536,-0.0064803399
7.4838438034,0.0054568504,0.0029848402,0.0034456400,-0.0037703635,-0.0057820613,-0.0026979519
7.4937272072,0.0046661054,0.0029701029,0.0025079397,-0.0030752784,-0.0022698841,-0.0047627008
7.5036783218,0.0054097031,0.0013197993,0.0017790344,-0.0065982849,-0.0019452447,-0.0044505778
7.5135278702,0.0067328070,0.0008097847,-0.0005299899,-0.0101256426,-0.0007068749,-0.0045997151
7.5236649513,0.0060475026,0.0058815512,-0.0012261126,-0.0113607273,0.0037254242,-0.0047757500
7.5334410667,0.0067576622,0.0078462549,-0.0006477687,-0.0024607093,-0.0034619151,-0.0066396971
7.5433387756,0.0086470405,0.0039031839,0.0001866964,-0.0072581274,-0.0079253735,-0.0033508923
7.5532150269,0.0071962033,0.0039829793,0.0022764949,-0.0125018917,-0.0013337830,0.0036955653
7.5632920265,0.0068948423,0.0079078190,0.0008234528,-0.0052099796,-0.0030477934,0.0049470849
7.5731992722,0.0084838429,0.0046394872,0.0036415008,-0.0030237911,-0.0050110756,0.0098979007
7.5830779076,0.0089388350,0.0064190808,0.0014140157,-0.0001861923,-0.0077562621,0.0103996741
7.5931248665,0.0081965486,0.0049615833,0.0019911674,-0.0014285571,-0.0050065485,0.0118995663
7.6029720306,0.0066702818,0.0061849910,0.0007097867,-0.0011387160,-0.0088715944,0.0092248870
7.6128988266,0.0051252996,0.0045778411,-0.0000433180,0.0019995528,-0.0033207675,0.0089745494
7.6229829788,0.0057912325,-0.0005922730,0.0002423671,-0.0065740505,-0.0043649930,0.0138601847
7.6328802109,0.0059928750,0.0013898571,0.0011261252,-0.0123874657,-0.0026666953,0.0152077451
7.6427917480,0.0056712483,0.0031665897,0.0027166752,-0.0069747679,0.0003083221,0.0218858533
7.6527519226,0.0069390987,0.0078090164,0.0022480038,-0.0001967563,-0.0039508715,0.0258867219
7.6626410484,0.0067218994,0.0079397522,0.0016474273,0.0057679256,-0.0063658254,0.0283483136
7.6726379395,0.0072597121,0.0030641144,0.0004189161,0.0078899320,-0.0074987342,0.0265741162
7.6828060150,0.0066160415,0.0022145843,0.0027963070,0.0027886475,-0.0071442677,0.0264750477
7.6926631927,0.0063320254,-0.0005525763,0.0050471569,-0.0028466014,-0.0121659245,0.0260918178
7.7023558617,0.0071595465,-0.0087032430,0.0046717073,-0.0098674037,-0.0076963413,0.0217396468
7.7123188972,0.0066848551,-0.0125626512,0.0073128487,-0.0313979983,-0.0079283016,0.0204184521
7.7223129272,0.0061673080,-0.0067885187,0.0039491202,-0.0305069033,-0.0097504370,0.0194514580
7.7321071625,0.0068145250,0.0000702774,0.0006028560,-0.0172784477,-0.0103874654,0.0192360096
7.7421488762,0.0072678779,-0.0015059526,-0.0011440370,0.0015343870,-0.0147380056,0.0152436970
7.7519841194,0.0052465950,-0.0045219776,-0.0057208990,0.0063158264,-0.0104628336,0.0124609601
7.7619051933,0.0022753035,-0.0054475931,-0.0067421054,0.0069262227,-0.0074313562,0.0093358075
7.7720789909,0.0029475545,-0.0056450856,-0.0049780463,0.0085033467,-0.0072289566,0.0073584104
7.7818403244,-0.0000711227,-0.0056304005,-0.0036448690,0.0075603211,-0.0034589856,0.0075342460
7.7918620110,0.0017557895,-0.0114972405,0.0003978756,-0.0049722483,-0.0008978235,0.0060396800
7.8048667908,0.0021005725,-0.0167845376,0.0009996440,-0.0228620321,0.0023078236,0.0008054364
7.8117132187,0.0023884629,-0.0124252029,-0.0028101059,-0.0303250067,0.0063036303,0.0071634669
7.8214859962,0.0026022349,-0.0030586536,-0.0017279240,-0.0185761191,0.0032907962,0.0051355697
7.8315739632,0.0007940983,-0.0023964162,0.0000320819,-0.0096539967,-0.0023069021,0.0087769106
7.8413429260,0.0011654651,-0.0012191946,-0.0006784651,-0.0011949087,0.0006457446,0.0091807451
7.8514771461,-0.0017267907,-0.0005821402,0.0018968729,0.0093024727,0.0003021968,0.0068651265
7.8612051010,0.0016082382,-0.0037608857,0.0034418253,0.0121690109,-0.0002890249,0.0065376577
7.8711338043,0.0014235532,-0.0067815152,0.0065463330,0.0021406116,0.0003741022,0.0014331767
7.8810181618,0.0031907712,-0.0106796063,0.0088501722,-0.0096807173,-0.0007044780,0.0010273443
7.8910522461,0.0052186404,-0.0098678581,0.0083469301,-0.0134448297,-0.0061583654,-0.0009995878
7.9008731842,0.0060207699,-0.0066663218,0.0097444206,-0.0143079590,-0.0065024463,-0.0014117784
7.9107899666,0.0048430120,-0.0037501196,0.0061146165,-0.0062311250,-0.0132668745,-0.0005899267
7.9207649231,0.0067028557,-0.0022659714,0.0015470532,-0.0018782765,-0.0136687467,-0.0020379871
7.9306688309,0.0042177294,-0.0013475532,0.0018417385,0.0004410706,-0.0115193091,-0.0031828801
7.9405689240,0.0048667644,-0.0017993266,0.0017827300,0.0017338579,-0.0107611073,-0.0061648553
7.9505262375,0.0037636315,-0.0046516848,0.0037815718,-0.0063371183,-0.0089395046,-0.0048489869
7.9604640007,0.0038213586,-0.0045987186,0.0038121489,-0.0103718080,-0.0113193057,-0.0057272306
7.9704370499,0.0042582308,-0.0000109489,0.0027736572,-0.0037453296,-0.0120016076,-0.0066063404
7.9803090096,0.0033362661,0.0009674986,0.0006008890,0.0000242861,-0.0070483941,-0.0019779000
7.9902949333,0.0033145999,0.0028174480,-0.0024633857,0.0007534595,-0.0100582987,-0.0035020271
8.0001220703,0.0041584228,0.0002695133,0.0007002500,-0.0053663068,-0.0052550216,0.0012387992
8.0100708008,0.0012543654,0.0023657863,0.0034826545,-0.0106537463,-0.0050648716,0.0036217957
8.0200138092,0.0029321765,0.0021202003,0.0024052409,-0.0060736430,-0.0078630550,0.0071645323
8.0299758911,0.0038505946,0.0026975309,0.0015650537,-0.0089194961,-0.0096654827,0.0054334775
8.0398588181,0.0023330306,0.0059655118,0.0041222717,-0.0009282380,-0.0087016849,0.0098865489
8.0498151779,0.0022634123,0.0062671262,0.0026888398,0.0090788566,-0.0139569007,0.0079419091
8.0596847534,0.0033376967,0.0049335840,0.0036019234,0.0073151337,-0.0115709743,0.0041090543
8.0696039200,0.0041252826,0.0001333465,0.0033129004,0.0045917849,-0.0143659618,0.0051886998
8.0796012878,0.0063544665,-0.0041036648,0.0013954189,-0.0017937655,-0.0150895426,0.0040311902
8.0895175934,0.0061427210,-0.0041580168,-0.0010353180,-0.0101283938,-0.0111078499,0.0053790160
8.0994415283,0.0059744869,-0.0060043600,-0.0024914595,-0.0198290478,-0.0110018561,0.0047011082
8.1095199585,0.0052319323,-0.0092221312,-0.0016376231,-0.0351337008,-0.0117209097,0.0021657790
8.1192684174,0.0061783646,-0.0074931351,-0.0025194141,-0.0337681212,-0.0074257636,0.0033831433
8.1291933060,0.0052832519,0.0005824899,-0.0074920510,-0.0171454679,-0.0067700939,-0.0015274596
8.1390514374,0.0058417772,0.0047507319,-0.0094095320,0.0035965615,-0.0075791618,-0.0055242311
8.1491031647,0.0049781655,-0.0060408902,-0.0090615004,0.0019161068,-0.0051823170,-0.0070379721
8.1591262817,0.0060072099,-0.0074523878,-0.0063344692,-0.0158983096,-0.0025934582,-0.0071582804
8.1689558029,0.0016488588,-0.0064991084,-0.0057142829,-0.0176890194,0.0014545466,-0.0077407137
8.1790056229,0.0035153185,-0.0060247597,-0.0077257012,-0.0211714581,0.0056998916,-0.0094726011
8.1887407303,0.0032441174,-0.0057598022,-0.0041857217,-0.0237608496,0.0064991061,-0.0069974596
8.1986656189,0.0011589980,-0.0012773464,-0.0041757678,-0.0147096533,0.0066439821,-0.0050820466
8.2086296082,0.0010943568,0.0000723561,-0.0017745349,-0.0064392057,0.0052311751,-0.0066314740
8.2187070847,0.0023978506,0.0009013598,0.0019286420,-0.0046838280,-0.0013867799,-0.0056077549
8.2284936905,0.0029075597,0.0030438562,0.0002992895,-0.0011122623,-0.0009508204,-0.0039209090
8.2383546829,0.0019565974,0.0006590520,0.0005291846,0.0052692932,-0.0022312682,-0.0040170820
8.2482681274,0.0033262824,0.0003601496,-0.0027019235,0.0061321571,-0.0043540741,0.0009819374
8.2582483292,0.0048290049,0.0010838096,-0.0038201066,0.0041719815,-0.0043410244,0.0048799398
8.2681646347,0.0017825222,0.0013054346,-0.0044643735,0.0052465671,0.0033459237,0.0018127770
8.2781066895,0.0023027514,0.0003480946,-0.0010090324,0.0065927953,0.0005890193,0.0033963257
8.2880268097,0.0040578102,-0.0037417600,0.0007905510,-0.0030411896,0.0024119529,0.0034708944
8.2979068756,0.0048430418,-0.0034070353,0.0026731638,-0.0024981713,0.0029994464,0.0026566661
8.3078260422,0.0044613038,-0.0029096866,0.0015217807,-0.0008406201,0.0040556560,0.0034414998
8.3178052902,0.0053092693,-0.0036705995,0.0007343438,-0.0046910183,0.0057068155,-0.0005230815
8.3277311325,0.0061214720,-0.0025256390,0.0004438904,-0.0121057909,0.0090863677,0.0017904065
8.3378419876,0.0063572680,-0.0030242319,-0.0017521235,-0.0155124180,0.0072288127,0.0003853561
8.3475685120,0.0037359451,0.0000754853,0.0016541030,-0.0082744788,0.0059688711,0.0001587211
8.3575248718,0.0065816795,0.0008976345,0.0012470630,-0.0028982670,0.0044175796,0.0003438774
8.3673992157,0.0064728414,0.0051666978,0.0016382482,0.0046989326,0.0014348392,0.0000019274
8.3773317337,0.0031673764,0.0061422023,0.0005864051,0.0142781455,0.0003538622,-0.0007762148
8.3872823715,0.0035971259,0.0008485352,0.0008499768,0.0051560197,-0.0005601347,0.0014163656
8.3972349167,0.0052794074,-0.0027542303,0.0047410275,-0.0034901095,0.0002294926,0.0003258344
8.4071187973,0.0030563031,-0.0011406431,0.0042044069,-0.0085839387,0.0011711863,0.0027586319
8.4172391891,0.0059299623,0.0009753143,0.0055479552,-0.0043344209,-0.0019116889,0.0034039826
8.4269962311,0.0053959643,0.0033059304,0.0039502527,0.0049008890,-0.0035940078,0.0012348378
8.4368734360,0.0050961529,0.0040878612,0.0031011251,0.0082167024,-0.0056238691,0.0073158997
8.4468040466,0.0055385088,0.0044245007,0.0009983327,0.0049407482,-0.0062638270,0.0064719440
8.4567728043,0.0032278453,0.0004011278,-0.0011063669,-0.0000479743,0.0015634700,0.0063962438
8.4666519165,0.0034451340,-0.0009392390,0.0001272705,-0.0041825320,0.0010934221,0.0077688368
8.4766092300,0.0052912389,-0.0022351856,0.0033720878,-0.0090296622,0.0020257947,0.0056440337
8.4865198135,0.0053525423,-0.0007149468,0.0027786044,-0.0118848374,0.0015727909,0.0033329425
8.4962778091,0.0037329053,0.0014919525,0.0032067446,-0.0079070516,-0.0002815680,0.0025858928
8.5062017441,0.0019757305,-0.0026069174,0.0036667136,-0.0114937965,-0.0014357821,-0.0046235505
8.5160999298,0.0047887121,-0.0031741078,0.0046208645,-0.0181463733,0.0003306927,0.0005959787
8.5265321732,0.0034378027,0.0004207676,0.0042382027,-0.0158847291,-0.0014717347,-0.0000745719
8.5361576080,0.0051992093,0.0040064934,0.0059912349,-0.0060434598,-0.0040637893,0.0036367760
8.5460424423,0.0049593900,0.0029131805,0.0046486999,-0.0062927320,-0.0049942979,0.0054708952
8.5559673309,0.0061423038,0.0022201424,0.0057820822,-0.0002306672,-0.0104244836,0.0081924126
8.5661468506,0.0056498204,-0.0020173679,0.0055700685,-0.0027838401,-0.0140061686,0.0050208541
8.5758962631,0.0049735759,-0.0006829540,0.0053771283,0.0006957576,-0.0132093513,0.0049260790
8.5858249664,0.0057917391,0.0040906030,-0.0012404773,0.0126461610,-0.0153329559,0.0057314187
8.5957098007,0.0054094647,0.0062638405,-0.0036075565,0.0214730315,-0.0156336259,0.0084375236
8.6056575775,0.0064713811,0.0019469296,-0.0014229271,0.0145408213,-0.0142152263,0.0084359255
8.6155252457,0.0058569466,-0.0010919834,0.0007972863,0.0075295181,-0.0124117341,0.0128173912
8.6254863739,0.0044302200,-0.0014623443,-0.0037134739,0.0023475392,-0.0099608265,0.0105132246
8.6353998184,0.0039958511,-0.0035365934,-0.0034372660,-0.0119889658,-0.0051202653,0.0085633583
8.6453285217,0.0045287763,-0.0049562049,-0.0033074471,-0.0256411284,-0.0019987742,0.0110781807
8.6552562714,0.0034681116,-0.0013512264,-0.0041004871,-0.0300853234,0.0024793309,0.0077383434
8.6651611328,0.0029330109,0.0028886904,-0.0052864407,-0.0145425834,0.0005216413,0.0077087823
8.6750802994,0.0040334319,0.0095189847,-0.0062304591,0.0103494506,-0.0011031532,0.0076625766
8.6851243973,0.0053458069,0.0092249326,-0.0043271040,0.0214756038,-0.0046930942,0.0101148160
8.6949558258,0.0044132327,0.0005803665,-0.0033112618,0.0152567681,-0.0027878690,0.0063717095
8.7048902512,0.0017585909,-0.0033161456,-0.0030119868,0.0005012583,0.0019283229,0.0101185106
8.7152481079,0.0030218218,-0.0038678760,-0.0040381406,-0.0086525586,0.0020510948,0.0099806255
8.7247934341,0.0026651775,-0.0025183077,-0.0035171362,-0.0090405811,0.0023483036,0.0097180381
8.7346343994,0.0036586975,0.0017294919,-0.0055079912,0.0032642880,0.0043424787,0.0079114158
8.7447929382,0.0021923338,0.0019130518,-0.0034469815,0.0088902153,0.0053281146,0.0062189773
8.7545099258,0.0023463820,-0.0063785804,-0.0031040760,-0.0013467981,0.0074136360,0.0040047583
8.7644147873,0.0010798430,-0.0068665710,0.0020519642,-0.0104931584,0.0058889762,0.0041522975
8.7743625641,0.0006244933,-0.0059491810,0.0006299165,-0.0124219963,0.0122009348,0.0040549589
8.7842836380,0.0003125226,-0.0013869966,0.0021036414,-0.0069577228,0.0087172538,0.0090577072
8.7941894531,0.0048158620,0.0006330123,0.0019333508,0.0036334023,0.0048314347,0.0117745968
8.8042192459,0.0043172096,0.0000664850,0.0016086248,0.0069080251,0.0052556763,0.0085369926
8.8140525818,0.0025582169,-0.0040725437,0.0044585015,0.0008344199,0.0034401994,0.0062471400
8.8242063522,0.0027837013,-0.0067749736,0.0084133893,-0.0078027444,0.0078147082,0.0064950800
8.8339195251,0.0015117085,-0.0072339741,0.0123677999,-0.0110421255,0.0043616532,0.0016329470
8.8439054489,0.0012190199,-0.0099927895,0.0118623525,-0.0153971929,0.0034782828,0.0031940921
8.8537406921,0.0019609784,-0.0102722533,0.0125399977,-0.0205730461,0.0016841111,-0.0011691314
8.8636960983,0.0037360047,-0.0062938747,0.0141391903,-0.0229453892,-0.0032762927,-0.0002151870
8.8736238480,0.0056041931,-0.0062397909,0.0134107023,-0.0184124224,-0.0021609608,-0.0019098560
8.8835659027,0.0063590561,-0.0065960032,0.0120302588,-0.0209450889,-0.0065189577,-0.0028715234
8.8935117722,0.0051357602,-0.0079439692,0.0121103078,-0.0213553049,-0.0133635486,-0.0066263475
8.9036016464,0.0081158141,-0.0066738916,0.0113049895,-0.0216636993,-0.0161883626,-0.0063650911
8.9132995605,0.0085568288,-0.0013611878,0.0122227818,-0.0146922534,-0.0220760778,-0.0057089217
8.9232511520,0.0076050912,-0.0006311799,0.0109129101,-0.0049141906,-0.0242303088,-0.0024332337
8.9331779480,0.0062418138,0.0009203737,0.0088099390,0.0056649502,-0.0252257995,-0.0029478229
8.9431018829,0.0071672057,-0.0031781907,0.0099746138,0.0038273688,-0.0302543808,-0.0037901809
8.9530277252,0.0074141477,-0.0032359774,0.0098508745,-0.0013651741,-0.0305976626,-0.0012994595
8.9629344940,0.0054151271,-0.0037770981,0.0056781913,0.0028828343,-0.0314554684,-0.0009748205
8.9728698730,0.0032969271,-0.0012679363,-0.0000247213,0.0002314802,-0.0242345706,0.0044212770
8.9825878143,0.0040354584,0.0001161208,0.0024200229,-0.0059302757,-0.0247954316,0.0101561276
8.9927282333,0.0038231169,0.0012109091,0.0016784815,-0.0126251085,-0.0269214343,0.0057384092
9.0026559830,0.0043650423,0.0009220799,0.0032260565,-0.0132887671,-0.0257746764,0.0100751007
9.0125541687,0.0055678044,0.0041434201,0.0033131388,-0.0110238371,-0.0281672608,0.0071761506
9.0226783752,0.0058854972,-0.0014550725,0.0019515899,-0.0146987336,-0.0282732546,-0.0008567423
9.0324087143,0.0066847061,-0.0055445922,-0.0025805088,-0.0226400122,-0.0237799697,-0.0026027441
9.0424175262,0.0057579135,-0.0022863562,-0.0007497522,-0.0268624537,-0.0243357718,0.0000779938
9.0522832870,0.0049588536,0.0036375707,-0.0047908281,-0.0170459542,-0.0287744626,0.0032082403
9.0623054504,0.0045527969,0.0054980102,-0.0069578742,-0.0001447359,-0.0267081149,0.0068780761
9.0722064972,0.0045277332,0.0058770510,-0.0065718745,0.0034708604,-0.0246926360,0.0077171382
9.0820293427,0.0021416401,0.0017944758,-0.0050675725,0.0064272354,-0.0222715568,0.0122136194
9.0920276642,0.0041504954,-0.0052875322,-0.0073051904,0.0015674992,-0.0220840685,0.0175002273
9.1019325256,0.0035079573,-0.0058608768,-0.0090734810,-0.0071580820,-0.0168355107,0.0216555577
9.1118392944,-0.0001094485,-0.0037878866,-0.0114943236,-0.0076238685,-0.0118708462,0.0278879199
9.1217632294,0.0006865417,-0.0002572055,-0.0132952780,-0.0083466507,-0.0084774457,0.0296642501
9.1316614151,0.0006249999,0.0006837507,-0.0133803338,-0.0116982386,-0.0050297179,0.0324480496
9.1416482925,0.0011311030,0.0028432419,-0.0123851746,-0.0088180304,-0.0021143556,0.0350989625
9.1517162323,-0.0009501422,0.0040332708,-0.0139512271,-0.0019967868,0.0003775643,0.0294130128
9.1614027023,-0.0008119488,-0.0043045026,-0.0107940286,-0.0192071982,0.0041643130,0.0204059351
9.1713781357,0.0004137611,-0.0085678287,-0.0071180318,-0.0362348296,0.0068338658,0.0157337524
9.1813602448,0.0025549387,-0.0033704976,-0.0053219055,-0.0364894271,0.0031941235,0.0051713893
9.1913185120,0.0040041660,0.0000876000,-0.0044327234,-0.0146445828,0.0038769578,-0.0064644944
9.2011699677,0.0032716547,0.0015397479,-0.0055580591,-0.0083206408,-0.0021457809,-0.0101971803
9.2111644745,0.0013885355,0.0006105935,-0.0044510220,-0.0030861972,-0.0008016834,-0.0126248179
9.2209911346,0.0018813765,0.0026421060,-0.0047327136,0.0027261514,-0.0031471294,-0.0124040423
9.2311258316,0.0026876186,0.0046787146,-0.0045007919,0.0164101832,-0.0025585708,-0.0104791764
9.2409095764,0.0038787280,0.0021493172,-0.0056196903,0.0148543641,0.0011661263,-0.0069092088
9.2507686615,0.0019428587,0.0007260626,-0.0013576004,0.0072525488,0.0032726866,-0.0039546974
9.2608003616,0.0013632929,-0.0023042897,0.0013590005,0.0012734863,0.0042247670,-0.0052135740
9.2706203461,0.0037986492,-0.0058242199,0.0029814986,-0.0098387301,0.0071425261,-0.0102961175
9.2805652618,0.0064082597,-0.0046917689,0.0049007083,-0.0248669479,0.0048554032,-0.0083232466
9.2905378342,0.0043738638,0.0010095050,0.0060702707,-0.0225823112,0.0109846685,-0.0075334865
9.3004016876,0.0039442037,0.0026894396,0.0056255604,-0.0120625589,0.0083223060,-0.0075942068
9.3105916977,0.0057236110,0.0024637019,0.0050161029,-0.0111411940,0.0073891347,-0.0016066886
9.3203201294,0.0059152995,0.0089086555,0.0055955793,0.0045296443,0.0073142997,0.0010836369
9.3302097321,0.0046673571,0.0115238912,0.0081696659,0.0240319725,0.0009815692,0.0053103734
9.3401737213,0.0045710062,0.0080228113,0.0099574476,0.0291292630,-0.0070662373,0.0073719257
9.3500595093,0.0040480350,0.0000309904,0.0125249773,0.0087616732,-0.0087608062,0.0090714218
9.3599720001,0.0031844829,-0.0043828157,0.0121772438,-0.0022952389,-0.0104449894,0.0098807570
9.3702297211,0.0057107960,-0.0048134965,0.0126500279,-0.0104778018,-0.0114404792,0.0087841004
9.3798522949,0.0044987653,-0.0028744305,0.0096384436,-0.0077022547,-0.0143015133,0.0074884724
9.3898000717,0.0038472568,-0.0015284831,0.0077569033,-0.0038915379,-0.0158879589,0.0053619053
9.3996896744,0.0021944498,0.0007503068,0.0041911150,0.0057797320,-0.0123020122,0.0064218435
9.4096841812,0.0020952378,0.0043086740,0.0030915884,0.0124089615,-0.0147997905,0.0052522165
9.4196205139,0.0020482098,0.0015620028,0.0008292344,0.0157006290,-0.0150277568,0.0046213134
9.4293107986,0.0023093675,-0.0019317532,0.0027495173,0.0081755118,-0.0166560132,0.0022129503
9.4394159317,0.0037033116,-0.0105961971,0.0050612236,-0.0105222762,-0.0138455797,0.0043887529
9.4493093491,0.0021622037,-0.0084207244,0.0039398219,-0.0224043243,-0.0101584336,0.0050389972
9.4592351913,0.0016661739,-0.0058829007,0.0046169902,-0.0216615684,-0.0120444838,0.0036163363
9.4691581726,0.0024759923,-0.0008856172,0.0012548711,-0.0172152426,-0.0116479397,0.0055753905
9.4791030884,0.0018206394,0.0030830463,0.0009061244,-0.0069327783,-0.0081195170,0.0033543145
9.4890098572,0.0027540778,0.0030163859,-0.0036286565,-0.0010793279,-0.0122197205,0.0028542397
9.4989500046,0.0042539691,0.0014115458,-0.0002844188,-0.0002087406,-0.0173609518,0.0020584869
9.5088787079,0.0052180742,-0.0023217613,-0.0004883858,-0.0073361588,-0.0118641881,0.0033244872
9.5188016891,0.0044621085,-0.0026276822,0.0018959787,-0.0104083810,-0.0137222754,0.0057567521
9.5287160873,0.0048508202,-0.0026726092,-0.0031751844,-0.0146004632,-0.0154203065,0.0045549008
9.5386686325,0.0069810902,-0.0035555328,-0.0022187086,-0.0203659404,-0.0102074351,0.0034632713
9.5485992432,0.0073551093,-0.0001837502,-0.0045462702,-0.0173239000,-0.0111576514,0.0064506056
9.5587272644,0.0062099253,0.0051933187,-0.0056984876,-0.0029106066,-0.0129944338,0.0108464193
9.5684251785,0.0088705877,0.0090911277,-0.0096859187,0.0215375684,-0.0131781921,0.0110875349
9.5783843994,0.0070910011,0.0064595598,-0.0117934197,0.0264769308,-0.0108204950,0.0117011275
9.5882568359,0.0068633114,-0.0051740524,-0.0078729838,0.0098395441,-0.0105147650,0.0113727599
9.5982170105,0.0049013351,-0.0110367797,-0.0058060740,-0.0151957683,-0.0040518050,0.0088451542
9.6081800461,0.0020792042,-0.0058887866,-0.0062519764,-0.0234026536,0.0016308479,0.0079022944
9.6181058884,0.0055588936,-0.0003133531,-0.0113578886,-0.0125020705,0.0010827694,0.0042351219
9.6280336380,0.0054762815,-0.0013248438,-0.0095618814,-0.0086701354,0.0048468811,0.0021321233
9.6381187439,0.0020361100,0.0028993224,-0.0100487918,0.0030317940,0.0065265368,0.0050293761
9.6478233337,0.0030680154,0.0034184938,-0.0101815313,0.0101965852,0.0070807408,0.0014499213
9.6577701569,0.0018187618,0.0003531759,-0.0076897596,0.0129857138,0.0057595465,0.0032632677
9.6676874161,0.0007870352,0.0016774868,-0.0030888768,0.0111548789,0.0055020191,0.0060130148
9.6776304245,0.0001981413,-0.0005287344,-0.0018942805,0.0066759749,0.0095300497,0.0078018606
9.6875305176,0.0015413618,-0.0016926939,0.0007224825,-0.0055411882,0.0066746087,0.0142883211
9.6974506378,0.0026358222,-0.0045796973,-0.0000404569,-0.0245098192,0.0124869579,0.0139524974
9.7073869705,0.0001243805,-0.0041927663,0.0006919649,-0.0356343761,0.0104286000,0.0132408347
9.7175235748,0.0034789597,-0.0047420380,0.0018566992,-0.0346388854,0.0135045508,0.0149644315
9.7272520065,0.0025125002,0.0025117358,0.0025848297,-0.0211996865,0.0066200136,0.0122321611
9.7376146317,0.0026853834,0.0056447270,-0.0010590407,0.0030169687,0.0046181157,0.0102297310
9.7471141815,0.0017551935,0.0043277922,-0.0015680643,0.0162479971,0.0053877691,0.0110328402
9.7570247650,0.0033854996,0.0010887568,-0.0033910724,0.0212648604,0.0030907928,0.0089204209
9.7669248581,0.0040151333,-0.0057831225,0.0005829480,0.0120898262,0.0052380995,0.0049722181
9.7768878937,0.0049294089,-0.0081344806,0.0019875912,0.0037496046,0.0041275611,0.0029080019
9.7868175507,0.0026780521,-0.0053492528,0.0033794788,0.0005140412,0.0053962916,0.0042294958
9.7967205048,0.0022110497,-0.0018326382,0.0015668418,0.0001601074,0.0047033369,0.0044366899
9.8066291809,0.0006983434,-0.0017741511,0.0032784489,-0.0042812461,0.0036870744,0.0043592248
9.8165416718,0.0020628427,0.0000245978,0.0049953009,-0.0055816676,0.0052040112,0.0040020952
9.8262758255,0.0026370441,-0.0001432563,0.0032907871,-0.0065936693,0.0035139690,0.0069660270
9.8364219666,0.0029733037,-0.0006431530,0.0050494815,-0.0022636354,0.0046910862,0.0060403123
9.8463478088,0.0003212845,-0.0009824375,0.0083016306,0.0001530051,0.0045699123,0.0052714576
9.8562574387,0.0040330742,-0.0033995623,0.0089205652,0.0066306121,0.0001509293,0.0039489316
9.8663997650,0.0045233821,0.0012312119,0.0090906769,0.0095360316,-0.0071410718,0.0040313569
9.8763618469,0.0054077958,0.0000422706,0.0070286538,0.0100654680,-0.0105888005,0.0022712736
9.8860206604,0.0051816558,-0.0016436616,0.0070371772,0.0056661041,-0.0125494190,0.0030803420
9.8959093094,0.0031749760,-0.0049916771,0.0055310871,0.0020987999,-0.0100255413,0.0030358671
9.9059343338,0.0032157456,-0.0034988115,0.0096936375,-0.0016171979,-0.0116607221,0.0029518444
9.9158210754,0.0045376276,-0.0040783775,0.0082263499,0.0009791180,-0.0116391508,0.0032051108
9.9257526398,0.0029089306,-0.0011203925,0.0074596549,0.0061763660,-0.0114639150,-0.0001215434
9.9356498718,0.0034005200,0.0013983434,0.0046275402,0.0148276445,-0.0113917431,0.0030542761
9.9456634521,0.0031573926,-0.0003260712,0.0048182155,0.0155211315,-0.0130429035,0.0056402390
9.9557380676,0.0033301567,-0.0055056480,0.0037417558,0.0051406627,-0.0115624527,0.0073087094
9.9654569626,0.0047103320,-0.0035605396,0.0075740959,-0.0031034192,-0.0150892762,0.0084605925
9.9754028320,0.0056952392,-0.0053200615,0.0061453725,-0.0071468968,-0.0167486928,0.0070624333
9.9852943420,0.0042295014,-0.0025731290,0.0056761052,-0.0093422290,-0.0178855956,0.0075817164
9.9952421188,0.0055402075,-0.0058736247,0.0049485709,-0.0134285837,-0.0186014529,0.0042181443
10.0051288605,0.0040648733,-0.0032685290,0.0015493181,-0.0101074427,-0.0193165112,0.0049118642
10.0150852203,0.0038038646,0.0003320162,-0.0000228736,0.0056060059,-0.0172483008,0.0030966536
10.0250129700,0.0034051393,0.0027478819,-0.0002445432,0.0237351190,-0.0231320225,0.0019955698
10.0349369049,0.0066110943,0.0021238362,-0.0006186816,0.0309219267,-0.0237189829,0.0021865184
10.0448989868,0.0065122698,0.0002273877,-0.0024109932,0.0291972626,-0.0234814286,-0.0001414174
10.0547590256,0.0071686660,-0.0092835687,-0.0025626274,0.0135234948,-0.0234028660,0.0023547634
10.0645828247,0.0057345484,-0.0139437579,-0.0009847733,-0.0115763545,-0.0192997344,0.0005747066
10.0746459961,0.0045057391,-0.0092798807,-0.0051392769,-0.0213576127,-0.0193450078,-0.0010234562
10.0845661163,0.0035527204,-0.0023902694,-0.0078559965,-0.0092889667,-0.0131574189,-0.0000207762
10.0945730209,0.0052175377,0.0051371115,-0.0103850216,0.0081225149,-0.0146511858,-0.0028349382
10.1044149399,0.0041573797,0.0096471347,-0.0133897513,0.0230644457,-0.0081237787,-0.0006318053
10.1143178940,0.0020231758,0.0052667740,-0.0137107223,0.0185581110,-0.0033231643,-0.0017798936
10.1242389679,0.0025747274,-0.0037219489,-0.0073390459,0.0003641052,0.0045033335,0.0034712274
10.1343088150,0.0005104696,-0.0085290037,-0.0025101157,-0.0229255054,0.0060085519,0.0026432504
10.1441812515,0.0014656341,-0.0086946152,0.0006429103,-0.0418352820,0.0117165046,0.0010036754
10.1540460587,0.0022175764,-0.0013863186,-0.0020402523,-0.0377220288,0.0069694202,0.0062538311
