0.0000000000,-0.0050826413,-0.0093321372,0.0100096650,-0.0113611426,-0.0019963642,-0.0073668770
0.0099180937,0.0027732805,-0.0056050587,0.0109783597,-0.0167063735,-0.0009681177,-0.0052414080
0.0199750662,0.0037845180,0.0010353009,0.0080269165,-0.0092343409,-0.0008751734,-0.0009960630
0.0301600695,0.0008754835,0.0029346030,0.0060696793,0.0025025811,0.0002779756,-0.0020568001
0.0402510166,0.0018782124,0.0030237120,0.0051096869,0.0143045932,-0.0059996275,-0.0041862633
0.0502940416,0.0048962939,0.0022141468,0.0051583839,0.0175374039,-0.0091615990,-0.0052504623
0.0605400801,0.0030268834,-0.0005547423,0.0022596908,0.0132585037,-0.0081593180,-0.0084336065
0.0706410408,-0.0017789498,-0.0043976177,-0.0016292144,0.0014987830,-0.0061398437,-0.0084296111
0.0813330412,0.0002236918,-0.0034760702,-0.0025920081,-0.0102506028,-0.0051456857,-0.0031182028
0.0907210112,-0.0017158433,0.0022453647,0.0012671541,-0.0113379722,-0.0030191510,-0.0009932667
0.1006300449,-0.0046588075,0.0040900987,0.0041493964,-0.0103056515,0.0001386255,-0.0063010128
0.1106910706,-0.0036904409,0.0001120101,0.0061008525,-0.0103471959,0.0043964875,-0.0041752784
0.1207020283,-0.0036603480,-0.0019912887,0.0060775471,-0.0262200646,-0.0084491372,0.0000709990
0.1309241056,-0.0006909191,-0.0041854102,0.0089857765,-0.0252147205,-0.0020460989,0.0043211379
0.1408780813,0.0012929172,0.0004496406,0.0050465656,-0.0187879279,-0.0040918058,0.0075042811
0.1509280205,0.0032774389,0.0100574624,0.0011264872,-0.0017154654,-0.0039634416,0.0043146131
0.1609880924,0.0050744521,0.0104995798,-0.0042047906,0.0122171547,-0.0102424426,-0.0010015224
0.1711080074,0.0047376635,0.0007614176,-0.0053952145,0.0100498740,-0.0070919236,-0.0031229965
0.1811430454,0.0037853748,-0.0026733745,0.0022441936,0.0067870491,-0.0007191787,0.0021899431
0.1912410259,0.0040776986,-0.0007622410,0.0032430482,0.0078419279,0.0003303732,-0.0009951976
0.2012920380,0.0042733508,-0.0004167874,0.0013640713,0.0088829575,0.0024491840,-0.0031193348
0.2113950253,0.0039027960,-0.0038146991,-0.0015072037,0.0057129967,-0.0007687134,-0.0041819364
0.2214490175,0.0044026184,-0.0041033197,-0.0054878998,-0.0071483934,0.0055181445,0.0011353981
0.2314530611,0.0018675581,-0.0044766683,-0.0047964263,-0.0177973099,0.0033167754,0.0032606006
0.2415260077,0.0003050671,0.0006505083,-0.0020512748,-0.0135017913,0.0001514754,0.0000713321
0.2516900301,-0.0010475188,0.0077209305,0.0008542131,0.0067555434,0.0024921275,0.0064381510
0.2616280317,0.0337299965,0.0179006588,0.0039041233,0.0150689203,0.2274084687,-0.1728952527
0.2717390060,0.1628078073,0.0388090126,0.0297188349,0.0251143649,0.4951094091,-0.3023035824
0.2818109989,0.1059684232,0.0176746678,0.0237577744,0.0115292855,0.2649230063,-0.1102283448
0.2918910980,-0.0195385180,-0.0122438539,-0.0077877450,-0.0095421774,0.0321004204,0.0128294053
0.3019570112,0.0006940470,-0.0100990403,-0.0096654110,-0.0200363081,0.0139288735,0.0064519332
0.3120191097,-0.0014541789,-0.0012897273,0.0029559922,-0.0221902747,0.0160530098,0.0096389381
0.3220920563,0.0033699453,0.0042659473,0.0058342409,-0.0114997597,0.0140320696,0.0106960796
0.3321501017,-0.0025058135,0.0066397469,0.0076707792,0.0002711462,0.0109585170,0.0117533542
0.3422141075,-0.0052625206,0.0018912832,0.0102853365,0.0077475184,0.0098859947,0.0000717315
0.3522911072,-0.0082427533,-0.0067169685,0.0062940908,0.0109680789,0.0077642547,-0.0041773422
0.3623631001,-0.0127898576,-0.0093065817,-0.0001533438,0.0141929006,0.0056481063,-0.0073632821
0.3724189997,-0.0122989388,-0.0104222316,-0.0027829814,0.0066819871,0.0098476447,-0.0041738795
0.3824890852,-0.0128190788,-0.0068894196,-0.0026324799,-0.0061601494,0.0129133435,-0.0052323532
0.3925549984,-0.0124091553,-0.0009969940,0.0022744727,-0.0072155595,0.0118568670,-0.0031090151
0.4026080370,-0.0151213678,0.0007942896,0.0012828897,0.0024221539,0.0087287184,-0.0073588872
0.4126870632,-0.0156778730,-0.0042700041,0.0032494855,0.0024360027,0.0077092601,-0.0009886061
0.4227451086,-0.0133037018,-0.0062825549,0.0071870876,-0.0028930083,0.0066315453,0.0032572050
0.4328150749,-0.0101349028,-0.0081027765,0.0072498512,-0.0071412828,0.0044584060,0.0011336005
0.4428830147,-0.0098903747,-0.0020911414,0.0024239612,-0.0049834847,0.0023542424,0.0011328014
0.4529581070,-0.0115878778,-0.0008416195,0.0034722281,-0.0050266273,0.0065913317,0.0000731295
0.4630050659,-0.0113326507,-0.0065092165,0.0093842931,-0.0092289634,0.0001801043,-0.0009898047
0.4731080532,-0.0061286581,-0.0056096930,0.0133102722,-0.0070520956,-0.0040452667,-0.0009924679
0.4830991030,-0.0047249612,-0.0027748216,0.0113901682,0.0015258677,-0.0082141124,-0.0009973280
0.4932200909,-0.0081979381,-0.0065740366,0.0085240193,0.0015130844,-0.0071808062,-0.0052440045
0.5032840967,-0.0088008465,-0.0064717997,0.0027370048,-0.0016753050,-0.0082492661,-0.0020580650
0.5133690834,-0.0075452146,-0.0073442329,-0.0001326610,-0.0112693422,-0.0094010830,-0.0031180033
0.5233910084,-0.0082359957,-0.0045125801,0.0018237423,-0.0101792319,-0.0115143685,-0.0031187355
0.5334590673,-0.0059090299,-0.0026773233,0.0047586155,-0.0090380674,-0.0189389940,-0.0041845329
0.5436230898,-0.0035567030,0.0003158431,0.0067639542,-0.0004878547,-0.0199049897,-0.0010014558
0.5535941124,-0.0013548329,0.0013977418,0.0058481288,0.0080784690,-0.0230480526,-0.0063141957
0.5637470484,-0.0050382731,0.0015065948,0.0058736396,0.0133430865,-0.0166755747,-0.0126845445
0.5737251043,-0.0086676972,-0.0031304825,0.0020332527,0.0133116608,-0.0134856412,-0.0116211437
0.5838630199,-0.0093521299,-0.0039052833,0.0001428317,0.0069238557,-0.0146112256,-0.0126801496
0.5938860178,-0.0101022394,-0.0076417197,-0.0007702518,-0.0048880624,-0.0072728847,-0.0105498871
0.6039820910,-0.0099042105,-0.0047509689,0.0002078008,-0.0123672318,-0.0062491656,-0.0063005472
0.6140770912,-0.0097368853,0.0000029932,-0.0036985087,-0.0059314370,-0.0093624014,-0.0041801380
0.6240680218,-0.0066542444,0.0018424819,-0.0066120434,-0.0005630367,-0.0124635193,0.0011252778
0.6341010332,-0.0046015498,0.0047231298,-0.0066096592,0.0036836397,-0.0103111528,0.0000634756
0.6442340612,-0.0044255522,0.0027587246,-0.0075546908,0.0058382712,-0.0124141835,0.0000615449
0.6542680264,-0.0051582647,0.0009217690,-0.0075134444,0.0058180313,-0.0102783283,0.0021862150
0.6644010544,-0.0078576552,0.0010072867,-0.0065148878,0.0015054410,-0.0061279922,-0.0063040089
0.6744340658,-0.0076536131,0.0001780669,-0.0064688730,0.0014814725,-0.0040406063,-0.0116119562
0.6845320463,-0.0074093905,-0.0016746988,-0.0083825998,0.0036189789,-0.0039946670,-0.0073648794
0.6945300102,-0.0062376750,-0.0016371181,-0.0064060497,0.0014639487,-0.0018843780,-0.0063014794
0.7046101093,-0.0051822853,-0.0016992559,-0.0034767198,-0.0071317498,0.0044478863,0.0000753932
0.7146691084,-0.0071447757,0.0001019518,-0.0035172510,-0.0114412773,0.0086753881,0.0032639960
0.7247450352,-0.0071410430,0.0048131477,-0.0064707207,-0.0103868246,0.0097393207,0.0022019274
0.7348040342,-0.0081303613,0.0018062125,-0.0074456739,-0.0082408488,0.0087108091,0.0043244669
0.7448720932,-0.0071431515,-0.0002235939,-0.0074593234,-0.0093274461,0.0108797532,0.0128193507
0.7550090551,-0.0032351210,0.0065390449,-0.0074659991,-0.0039593121,0.0077502728,0.0138782244
0.7650160789,-0.0022170662,0.0066177826,-0.0054960656,0.0056644469,0.0056700776,0.0075044809
0.7750740051,-0.0041541052,-0.0019961614,-0.0035190391,0.0088743549,0.0046093408,0.0032559400
0.7851500511,-0.0011976331,-0.0018433650,-0.0005493570,0.0131540550,0.0035925456,0.0043161446
0.7952930927,0.0018195987,0.0002655069,-0.0014912296,0.0184902307,0.0036460753,0.0053766156
0.8052370548,-0.0000919148,-0.0015546848,-0.0024447250,0.0152352620,0.0089090141,0.0032567391
0.8153960705,-0.0088872360,-0.0015182068,-0.0024660635,-0.0018606344,0.0108749606,0.0022002631
0.8253080845,-0.0118831666,-0.0025600810,0.0043204022,-0.0179223455,0.0160478167,0.0032679909
0.8354730606,-0.0119911926,-0.0028646309,0.0062114191,-0.0274924152,0.0128086144,0.0075159986
0.8466360569,-0.0071629030,0.0017207543,0.0042236638,-0.0114091858,0.0055563608,0.0128169544
0.8558530807,-0.0042279926,0.0065981429,0.0042282534,0.0089211185,0.0004492167,0.0159946382
0.8656760454,-0.0022460863,0.0048338156,0.0013454746,0.0196571741,-0.0058523552,0.0117426356
0.8757530451,-0.0032417371,0.0001949201,0.0023557735,0.0185469016,-0.0016245870,0.0106832301
0.8858520985,-0.0071845693,-0.0073972512,0.0072643352,0.0099517368,0.0035649156,0.0043166103
0.8958750963,-0.0071184901,-0.0102500636,0.0063043428,-0.0007296698,0.0045396322,0.0053816084
0.9059560299,-0.0040671569,-0.0044348706,0.0004697036,-0.0007057544,0.0024166936,0.0053814752
0.9160120487,-0.0069099260,-0.0005094726,-0.0014819313,0.0067289923,0.0056234058,-0.0009896050
0.9260600805,-0.0088645341,-0.0043722708,0.0024277756,0.0035246499,0.0055893837,-0.0020514736
0.9361360073,-0.0078892382,-0.0034563113,0.0043549729,0.0014324700,0.0013198041,-0.0031148738
0.9462240934,-0.0068616611,-0.0015713592,0.0033888412,0.0014653075,-0.0018492909,-0.0009929338
0.9562720060,-0.0058431071,-0.0025230367,0.0024205041,0.0036011627,-0.0018098759,0.0021919406
0.9663560390,-0.0047790972,-0.0063247401,0.0005057048,-0.0006551016,-0.0028873910,0.0053778803
0.9764180183,-0.0027718737,-0.0091325659,0.0015199970,-0.0006865272,0.0003025432,0.0064412802
0.9864920378,-0.0037530481,-0.0061647464,0.0083326288,-0.0028299987,0.0013586198,0.0085660834
0.9966070652,-0.0036975711,-0.0022661556,0.0093007274,0.0035914155,-0.0007420818,0.0032544087
1.0066150427,-0.0025758564,-0.0011769553,0.0015531372,0.0153906569,-0.0070258100,0.0000623438
1.0167100430,0.0025068626,-0.0000060518,-0.0032471824,0.0207886174,-0.0133659979,-0.0031275905
1.0267519951,0.0007590384,-0.0066133458,-0.0041715908,0.0175671801,-0.0113079734,-0.0084333401
1.0368160009,-0.0000634759,-0.0122979749,0.0007487129,0.0047728205,-0.0124739055,-0.0073688747
1.0471880436,0.0010576651,-0.0112786759,0.0056366515,-0.0080984496,-0.0062333201,-0.0094863540
1.0569610596,0.0011544407,-0.0064179469,0.0056476784,-0.0049087815,-0.0051582023,-0.0116102248
1.0670210123,-0.0017005100,-0.0005533565,0.0036924076,0.0057389080,-0.0029279378,-0.0094894161
1.0771631002,-0.0025722056,0.0053480100,-0.0040963101,0.0175092816,-0.0060084164,-0.0094939442
1.0874270201,-0.0024677708,0.0065355878,-0.0099109225,0.0303305387,-0.0069664884,-0.0105574774
1.0972310305,-0.0024366200,-0.0019770581,-0.0108149461,0.0206747130,-0.0017245885,-0.0073670102
1.1072990894,-0.0034217953,-0.0056907851,-0.0068824100,0.0003880588,-0.0007906845,0.0000696675
1.1174190044,-0.0014976307,-0.0036339927,0.0018863272,-0.0060248338,0.0002213167,0.0011336004
1.1276971102,0.0013655678,0.0003072451,0.0019052814,0.0003279513,0.0056024333,0.0043206718
1.1374861002,0.0003143654,0.0062423628,-0.0010303665,0.0099406317,0.0045976229,0.0000705331
1.1475530863,-0.0006585463,0.0053795259,-0.0029667425,0.0131585812,0.0024768144,-0.0041794730
1.1576520205,-0.0026270642,-0.0013710876,-0.0019815373,0.0078016333,0.0045522158,-0.0041770758
1.1679620743,-0.0026144802,-0.0004520287,-0.0000362206,-0.0070811510,-0.0008917516,-0.0052362815
1.1778210402,-0.0035814389,-0.0024745930,0.0057946038,-0.0167465601,0.0054250001,0.0000783227
1.1878451109,-0.0035825938,-0.0006364007,0.0048022461,-0.0167041607,0.0011881773,0.0011377282
1.1978900433,-0.0026217743,0.0051173549,0.0028356505,-0.0060312776,0.0013021606,0.0043204720
1.2082740068,-0.0036497607,0.0051083099,0.0018525313,0.0025035404,0.0013704041,0.0032559400
1.2180260420,-0.0065889996,0.0040971916,-0.0001222302,0.0014475975,0.0003070040,0.0043174759
1.2280730009,-0.0056044203,0.0020896178,0.0018359612,-0.0092103472,-0.0008197129,0.0085670156
1.2381460667,-0.0017191290,0.0010572056,0.0086576529,-0.0145438602,-0.0008386213,0.0128155565
1.2485220432,-0.0026376143,0.0019058565,0.0066909981,-0.0091952467,-0.0018751903,0.0096296836
1.2583020926,-0.0016315028,-0.0000467320,0.0008508157,0.0046332171,0.0024692244,0.0064429450
1.2683711052,-0.0016254305,-0.0009243359,0.0028193188,0.0089750756,-0.0049414206,0.0032528774
1.2784450054,-0.0015411645,-0.0018701424,0.0008779358,0.0068717105,-0.0081569208,0.0011282075
1.2888489962,-0.0014606535,0.0010720472,-0.0010604073,0.0100033209,-0.0017395022,0.0043133479
1.2985560894,-0.0033443391,-0.0018281360,-0.0039656567,-0.0006471928,-0.0039616441,0.0032531435
1.3086260557,-0.0091118338,-0.0067908932,-0.0030087044,-0.0144900642,-0.0061865151,0.0064434111
1.3187960386,-0.0081035467,-0.0069704670,0.0047599864,-0.0230691694,-0.0020101459,0.0075094742
1.3291150331,-0.0032212629,-0.0032891054,0.0086305328,-0.0145767508,0.0022949206,0.0053855367
1.3388290405,-0.0032119423,0.0024727564,-0.0001663972,0.0057184012,0.0003292414,0.0021940046
1.3488970995,-0.0071247709,0.0025686901,-0.0050322223,0.0120664453,0.0056835935,0.0011329345
1.3589810133,-0.0091359140,-0.0021664668,-0.0069549489,0.0077989958,0.0056601577,0.0032576043
1.3693180084,-0.0052384851,-0.0060407091,-0.0020727324,-0.0081247091,-0.0029314000,0.0085646855
1.3791170120,-0.0003410249,-0.0012047162,0.0037821722,-0.0028295461,0.0013869157,0.0128126936
1.3891510963,-0.0012671619,0.0027938318,0.0037889672,0.0110448310,0.0015003665,0.0117482282
1.3992080688,-0.0041473922,0.0010346750,-0.0029952335,0.0195557605,0.0036346237,0.0021909419
1.4095640182,-0.0071109724,-0.0036644358,-0.0078370981,0.0184472464,0.0078404211,-0.0020526722
1.4193871021,-0.0061620590,-0.0104179401,-0.0087945275,-0.0039512711,0.0065905992,-0.0009858098
1.4294670820,-0.0032543212,-0.0115093011,-0.0049094367,-0.0188679267,0.0043943571,0.0075104069
1.4394980669,-0.0032370880,-0.0078129042,-0.0030030417,-0.0263266433,0.0032750303,0.0085735405
1.4499191046,-0.0042163101,-0.0011482259,0.0008517097,-0.0124208415,0.0001985466,0.0064456747
1.4596199989,-0.0042188806,0.0017122159,0.0047314358,-0.0006632516,-0.0018486255,0.0021944707
1.4697270393,-0.0042035696,0.0027149599,0.0018251132,0.0121242898,-0.0007016018,-0.0020572662
1.4797880650,-0.0070875776,-0.0039452482,0.0028267694,0.0153240785,-0.0006944113,-0.0052434718
1.4901601076,-0.0069983122,-0.0076800603,0.0018990230,0.0089347549,-0.0018123398,-0.0052414080
1.4999060631,-0.0040148390,-0.0065680612,0.0019281696,0.0057019442,0.0013496315,-0.0041772090
1.5100300312,-0.0049988371,-0.0035159606,0.0009725880,0.0067516016,0.0035009328,-0.0009902040
1.5201311111,-0.0050132913,-0.0004730989,0.0039034674,0.0035816412,0.0002830354,-0.0020528054
1.5304059982,-0.0040423465,-0.0004330893,0.0048857522,0.0056500919,0.0066754874,-0.0009892052
1.5401890278,-0.0030270040,-0.0023531485,0.0039158654,0.0025978433,-0.0082065230,-0.0009958632
1.5502730608,-0.0029662147,-0.0072091389,0.0078443475,0.0036235861,-0.0039820839,-0.0052400096
1.5603981018,0.0000492514,-0.0052073766,0.0049317074,0.0046390491,0.0013530271,-0.0020522061
1.5706980228,0.0000915409,-0.0002302845,0.0020243120,0.0099937879,-0.0007286994,-0.0031170044
1.5805090666,-0.0028331995,-0.0010960122,-0.0018616129,0.0078046694,0.0045369025,-0.0062992158
1.5905880928,0.0000751347,-0.0020242948,-0.0008666922,-0.0018106997,0.0055142161,-0.0062964861
1.6006450653,0.0049422565,-0.0020680148,0.0030287097,-0.0060467245,0.0023008459,-0.0052352161
1.6109870672,0.0039905268,-0.0050545055,0.0020609689,-0.0006997092,0.0012933055,-0.0041752118
1.6207430363,0.0010493428,-0.0040759910,0.0030214379,0.0003226781,0.0055189431,-0.0084205568
1.6308140755,-0.0019197285,-0.0030658562,0.0030090404,-0.0007311879,0.0044476870,-0.0084198909
1.6408610344,-0.0019498288,-0.0001138915,0.0049498272,0.0035580993,0.0023560401,-0.0094838236
1.6511880159,-0.0028863146,0.0028378200,0.0059185815,0.0026193075,-0.0103712734,-0.0073665441
1.6610110998,-0.0027798906,-0.0019996036,0.0059490991,0.0015218193,-0.0071768118,-0.0041792728
1.6710500717,-0.0007129803,-0.0049286354,0.0049967361,-0.0080065187,-0.0146739427,-0.0020569332
1.6811190844,0.0042854208,-0.0011559447,0.0040291739,-0.0122963376,-0.0125892200,-0.0020548026
1.6916970015,0.0033871264,0.0056081694,0.0010854792,-0.0016378351,-0.0114627033,-0.0063041425
1.7012300491,-0.0013734594,0.0056299400,0.0010857176,0.0026205592,-0.0103574907,-0.0052428725
1.7113521099,-0.0042076898,0.0027422141,0.0040152264,-0.0006369920,-0.0051007443,-0.0084252842
1.7214190960,-0.0080555053,-0.0021469612,0.0059697819,-0.0038698027,-0.0019387733,-0.0073610847
1.7317560911,-0.0070664925,-0.0022510905,0.0079077668,-0.0103211245,0.0033442059,-0.0020470794
1.7415500879,-0.0031406104,0.0014955978,0.0049710465,-0.0156013733,-0.0019797191,0.0021987983
1.7516200542,-0.0031300306,0.0033147465,0.0020261002,-0.0102559831,-0.0029511075,0.0085662836
1.7616690397,0.0008218245,0.0052175503,0.0039757681,-0.0037259124,-0.0156341456,0.0074964911
1.7720251083,0.0038906366,0.0061830264,0.0108187981,0.0027004816,-0.0177223962,0.0043098195
1.7817610502,0.0001321018,0.0032871198,0.0059582186,0.0133493971,-0.0155210281,0.0021846169
1.7918760777,0.0013026178,0.0004452894,0.0001454543,0.0091106296,-0.0187476482,0.0011216827
1.8019551039,0.0015451417,-0.0033854265,-0.0007826496,0.0005938411,-0.0209580716,-0.0010008567
1.8122900724,0.0017801702,-0.0043962169,-0.0007651258,-0.0090512233,-0.0168056712,-0.0020573325
1.8220810890,0.0029599920,-0.0025155414,-0.0007567812,-0.0057981713,-0.0221034978,-0.0052462015
1.8321141005,-0.0007404878,0.0022707414,0.0001988601,-0.0026492504,-0.0167850312,-0.0073672766
1.8422230482,-0.0035074174,0.0031835567,-0.0007719804,-0.0026929257,-0.0125548653,-0.0094887502
1.8525600433,-0.0034266680,-0.0046979506,-0.0036943366,-0.0059032058,-0.0114939949,-0.0052403426
1.8623321056,-0.0013780638,-0.0058295596,-0.0036943366,-0.0176693201,-0.0083581228,0.0032586032
1.8724260330,0.0025865242,-0.0021141339,-0.0017633248,-0.0176707041,-0.0083362851,0.0064429450
1.8825280666,0.0036470846,0.0016836504,-0.0037246156,-0.0059099179,-0.0103419116,0.0085625546
1.8928670883,0.0036952600,0.0046011489,-0.0056701708,0.0015061600,-0.0049714479,0.0085631534
1.9025920630,0.0037448660,0.0104881655,-0.0066494751,0.0047373725,-0.0081541920,0.0043135481
1.9126870632,-0.0020946010,0.0076061022,-0.0076327729,0.0046492750,0.0003064047,0.0000703332
1.9225730896,-0.0030397519,-0.0040786732,-0.0085776858,-0.0070582479,-0.0029929858,-0.0020519397
1.9329060316,-0.0000928014,-0.0070453156,-0.0017517019,-0.0155936778,-0.0030467813,0.0011355977
1.9427150488,0.0009002418,-0.0032687057,-0.0008069087,-0.0156229734,0.0001708497,0.0064462069
1.9531270266,-0.0050346148,0.0044009667,0.0010920953,-0.0124753285,0.0054826578,0.0032630640
1.9630089998,-0.0090363817,0.0062211137,-0.0009017397,-0.0082371738,0.0087237246,0.0064490037
1.9732680321,-0.0091434317,0.0022159200,-0.0019067336,-0.0124724787,0.0055172122,0.0085721426
1.9831449986,-0.0053130132,0.0020590257,0.0010035228,-0.0145625286,0.0012753294,0.0117559507
1.9932700396,-0.0023654297,0.0019353012,0.0029362631,-0.0091516254,-0.0060911067,0.0138743622
2.0032610893,0.0006470935,0.0019376407,0.0058896136,0.0015505543,-0.0091947550,0.0117464969
2.0135622025,-0.0002620115,0.0030306261,0.0078539439,0.0101079838,-0.0112489853,0.0106813656
2.0234010220,0.0008040101,0.0012237708,0.0049699140,0.0111623295,-0.0102063566,0.0064344229
2.0334050655,-0.0000487237,-0.0035882611,0.0030527900,0.0036822287,-0.0092321066,0.0032521451
2.0435309410,-0.0018644675,-0.0085211564,0.0011025261,-0.0080465982,-0.0104094902,0.0011309372
2.0541520119,-0.0007114306,-0.0066909064,0.0030530286,-0.0122745000,-0.0147043020,-0.0009940655
2.0638520718,-0.0015113472,-0.0039002765,0.0020584655,-0.0101727340,-0.0115095749,-0.0020548026
2.0737431049,-0.0023968935,-0.0001017769,0.0010758828,-0.0048809806,-0.0072256140,-0.0031160722
2.0844180584,-0.0042552990,0.0017921309,-0.0038038900,0.0015649358,-0.0114067765,-0.0020579984
2.0943140984,-0.0061444384,0.0008121710,-0.0018614341,-0.0006424515,-0.0039846804,0.0000700004
2.1039838791,-0.0070958999,-0.0021224190,0.0000909161,-0.0016749594,-0.0071423901,0.0053776805
2.1138429642,-0.0070481417,-0.0011470338,0.0030111265,-0.0037507331,-0.0124181118,0.0128086992
2.1238620281,-0.0040304330,0.0028027128,-0.0008611489,0.0100148795,-0.0016938292,0.0117487609
2.1342120171,-0.0020276278,0.0049021374,-0.0027699878,0.0185930543,-0.0058698654,0.0106823649
2.1441040039,0.0019762099,-0.0006964822,-0.0056247520,0.0218125507,-0.0080054542,0.0043096864
2.1540699005,0.0020811141,-0.0063603688,-0.0016808916,0.0101140561,-0.0123794964,0.0000630763
2.1642389297,0.0022172437,-0.0082741547,0.0012645315,-0.0027154554,-0.0104039637,-0.0052416744
2.1744999886,0.0013902516,-0.0073982347,-0.0016659308,-0.0080611389,-0.0094040139,-0.0073628151
2.1842770576,-0.0033708930,-0.0016770234,-0.0046292949,-0.0102380067,-0.0051786415,-0.0073601524
2.1943931580,-0.0052187857,0.0011734049,-0.0075591612,-0.0027340725,-0.0083042607,-0.0084244851
2.2045071125,-0.0041329977,-0.0007924606,-0.0036470103,0.0004699770,-0.0082416758,-0.0031162722
2.2147819996,0.0008529456,-0.0007977058,-0.0006956268,0.0015806751,-0.0124340253,0.0032513461
2.2245740891,0.0009400652,0.0012091080,-0.0036037376,0.0132897953,-0.0091138622,0.0085590258
2.2346901894,-0.0029150590,0.0033511203,-0.0055349278,0.0196799971,-0.0079820184,0.0106805004
2.2446830273,-0.0048245084,0.0016303043,-0.0084236674,0.0164567735,-0.0058948994,0.0096205622
2.2551290989,-0.0008960634,0.0008854251,-0.0044682431,0.0132029234,-0.0006323596,0.0075010853
2.2648448944,-0.0009184524,-0.0029231180,-0.0073707509,0.0056568566,0.0067086443,0.0043212711
2.2749571800,-0.0049237949,-0.0019232502,-0.0083644204,0.0013220031,0.0130382460,0.0043246662
2.2849760056,-0.0070286212,-0.0038901139,-0.0074219513,-0.0083583212,0.0203606058,0.0011453847
2.2953240871,-0.0062712249,-0.0078941900,-0.0045165825,-0.0158044659,0.0181653630,0.0000854469
2.3051400185,-0.0045056310,-0.0051601697,-0.0035877633,-0.0179573670,0.0203033481,0.0053960565
2.3151850700,-0.0027234151,0.0005403738,-0.0007108856,-0.0104137482,0.0129703339,0.0096366080
2.3252611160,-0.0028245940,0.0014785210,0.0041385484,-0.0018458273,0.0098480452,0.0075092744
2.3356590271,-0.0019174784,-0.0014231523,0.0002454113,0.0078536980,0.0003688557,0.0053786789
2.3453879356,0.0019857392,-0.0032630432,-0.0026375463,0.0078760684,-0.0017393027,0.0075012185
2.3554801941,0.0010169104,-0.0031483937,0.0002933334,0.0088784555,0.0046078758,0.0032574048
2.3654861450,-0.0000003844,-0.0030208547,-0.0006668974,0.0109578520,0.0099107623,0.0000741284
2.3758621216,-0.0020470812,-0.0019247105,0.0003082346,0.0098671541,0.0119815692,-0.0062950212
2.3856511116,-0.0021596968,-0.0056992490,-0.0006453801,0.0098011075,0.0183198936,-0.0105390344
2.3957462311,-0.0013338446,-0.0104990620,0.0042289090,-0.0008467427,0.0161323734,-0.0062902272
2.4057900906,-0.0024732023,-0.0105640907,0.0080931373,-0.0094040120,0.0181936584,-0.0041634268
2.4162030220,-0.0045591635,-0.0058086533,0.0060966802,-0.0093452623,0.0129151400,0.0000823176
2.4259219170,-0.0007369562,0.0019078533,0.0051027131,-0.0028567361,0.0044899648,0.0011382609
2.4359822273,0.0031447962,0.0029360484,0.0070744944,0.0089442357,-0.0017588104,0.0032548746
2.4469480515,0.0021783889,0.0001438241,0.0090493150,0.0100321369,-0.0038784200,0.0021917408
2.4564170837,-0.0006918132,-0.0007461031,0.0100300498,0.0057713455,-0.0049898904,0.0000680031
2.4661951065,-0.0025543168,-0.0006914754,0.0100473352,0.0004767152,-0.0093012815,-0.0031182030
2.4762630463,-0.0024540171,0.0003588180,0.0139585920,0.0037185811,-0.0135450289,-0.0073683420
2.4863901138,-0.0012778312,0.0004169325,0.0110581107,0.0048363097,-0.0188753456,-0.0126802828
2.4966731071,-0.0010976463,-0.0034136642,0.0101235099,0.0037240675,-0.0146682160,-0.0169252288
2.5065178871,-0.0019128963,-0.0053498466,0.0072270823,0.0037128823,-0.0136141377,-0.0179864988
2.5165162086,-0.0027778863,-0.0024354029,0.0072224331,0.0004746122,-0.0093859043,-0.0158582982
2.5266480446,-0.0056527075,-0.0025010724,0.0052641821,-0.0113138696,-0.0041418732,-0.0094818929
2.5369439125,-0.0036333993,-0.0027024169,0.0032865594,-0.0219651051,-0.0063210707,-0.0041726814
2.5468170643,-0.0005945756,-0.0010084232,0.0022946787,-0.0261675715,-0.0126966788,0.0000723973
2.5567951202,0.0005334497,0.0026089828,0.0022681544,-0.0250457712,-0.0179715361,0.0032548083
2.5669112206,-0.0002488836,0.0063491892,0.0061359000,-0.0079296324,-0.0220733359,0.0021866143
2.5772299767,0.0038848252,0.0093053263,0.0022739959,0.0145192435,-0.0261488389,-0.0020687843
2.5870440006,0.0041334364,0.0036865156,-0.0005685497,0.0240578875,-0.0197197013,-0.0052533923
2.5970659256,0.0033705563,-0.0038919766,0.0004602860,0.0165772550,-0.0187523738,-0.0094974730
2.6073369980,0.0025653124,-0.0028318930,-0.0024224925,0.0036960775,-0.0114510525,-0.0116141532
2.6176409721,0.0007095964,-0.0018577297,-0.0092463307,0.0004151696,-0.0029716804,-0.0084222211
2.6274950504,-0.0031910657,-0.0038723517,-0.0121851973,-0.0124441693,0.0022145596,-0.0094781648
2.6374950409,-0.0041954783,-0.0050381739,-0.0102822594,-0.0252479296,0.0021732140,0.0011417897
2.6476311684,-0.0032582551,-0.0014456828,-0.0083786659,-0.0273907091,0.0032432722,0.0053900643
2.6579251289,-0.0043050540,0.0021914672,-0.0074642110,-0.0188319497,0.0012312541,0.0106950812
2.6677510738,-0.0004091828,0.0030149501,-0.0084522180,-0.0113077192,-0.0039946670,0.0128141586
2.6777610779,0.0025372982,0.0039689969,-0.0065010595,0.0004735989,-0.0081647113,0.0085627548
2.6879029274,0.0045241225,0.0030968022,-0.0074426341,0.0164475050,-0.0048557334,0.0064367531
2.6981720924,0.0045812163,0.0033076089,-0.0064272690,0.0185992066,-0.0070217485,-0.0031207327
2.7080259323,0.0026555539,-0.0023200233,-0.0044382620,0.0142422756,0.0013874483,-0.0094862198
2.7180409431,0.0016537413,-0.0060989875,-0.0024722028,0.0002967129,0.0086926986,-0.0094784312
2.7281589508,-0.0013159707,-0.0061932076,-0.0025061178,-0.0178444758,0.0085342415,-0.0094739031
2.7384591103,-0.0043754322,-0.0025080610,0.0003497194,-0.0200758036,0.0180863999,-0.0062841685
2.7482700348,-0.0064584059,0.0011682789,-0.0026262212,-0.0199991036,0.0106870737,-0.0020406877
2.7582790852,-0.0026544898,0.0039142352,-0.0036381292,-0.0103553468,0.0076350244,0.0053893318
2.7684400082,-0.0027503863,0.0048106741,-0.0026833226,-0.0071214708,0.0044869017,0.0064487373
2.7787151337,-0.0038245514,0.0037923884,0.0021649790,-0.0060558850,0.0045110034,0.0085711433
2.7885010242,-0.0039238823,0.0027830135,0.0041049314,-0.0017985562,0.0056023668,0.0075088087
2.7985670567,0.0008961962,-0.0000974555,0.0031569791,0.0035260348,0.0067172330,0.0085694790
2.8086280823,0.0008565516,0.0009795706,0.0031691978,0.0078573991,0.0003746483,0.0064416127
2.8189749718,0.0018205598,0.0030732434,0.0090335198,0.0153457830,-0.0017237898,0.0000680030
2.8288030624,-0.0020456582,0.0051958691,0.0070982170,0.0206462722,0.0014642805,-0.0063025448
2.8388400078,-0.0039910194,-0.0014649798,0.0061477614,0.0142402248,0.0013881808,-0.0094869528
2.8489060402,-0.0069509861,-0.0043422598,0.0090794750,-0.0039419746,0.0054945089,-0.0062948880
2.8593170643,-0.0079847025,-0.0064541418,0.0090488978,-0.0220885165,0.0064236191,-0.0020414868
2.8690390587,-0.0060982672,-0.0057675559,0.0109473057,-0.0327661932,0.0074468055,0.0064561274
2.8791060448,-0.0002813830,-0.0021702517,0.0099362321,-0.0230862424,0.0001245774,0.0096352762
2.8891620636,0.0026825548,0.0024986845,0.0040646386,-0.0123531688,-0.0061759287,0.0053822082
2.8995451927,-0.0002127334,0.0004697572,0.0059926701,-0.0027714353,-0.0040194346,-0.0020508079
2.9093010426,-0.0001582026,-0.0025075991,0.0059902263,0.0004720278,-0.0082424087,-0.0031155399
2.9193630219,0.0028951049,-0.0064063091,0.0050531817,-0.0027023526,-0.0114729563,-0.0063029444
2.9294428825,0.0020315454,-0.0064231921,0.0089510866,-0.0016773026,-0.0072126975,-0.0052392771
2.9397850037,0.0031724379,-0.0044286270,0.0099497028,0.0027329186,-0.0209838375,-0.0073693404
2.9495871067,0.0024206967,-0.0043942053,0.0080256052,0.0048330873,-0.0178098828,-0.0116154840
2.9596540928,0.0006992699,-0.0043785144,0.0031680060,0.0016680267,-0.0220938437,-0.0137422848
2.9697120190,-0.0010220155,-0.0044628251,0.0031761718,-0.0122259501,-0.0200930107,-0.0137377577
2.9806809425,-0.0037591502,-0.0076534022,-0.0027069259,-0.0421384424,-0.0171706565,-0.0137290359
2.9900350571,-0.0026191815,-0.0101941098,-0.0017965246,-0.0773622096,-0.0163895506,-0.0094725052
3.0001249313,-0.0005710392,-0.0091174860,-0.0029042768,-0.0924443528,-0.0016399664,-0.0052124457
3.0100002289,-0.0025408908,-0.0041387100,-0.0079237632,-0.0775445029,0.0027691629,0.0000949677
3.0203280449,-0.0045596105,0.0079163592,-0.0022267508,-0.0433658957,-0.0001221644,-0.0009772875
3.0301661491,-0.0035592883,0.0134951901,0.0006466102,-0.0123589765,-0.0062663434,-0.0084208222
3.0402150154,-0.0025135174,0.0125838649,0.0006764721,0.0164512619,-0.0060138758,-0.0084288120
3.0502820015,-0.0024328798,0.0050248038,-0.0031696367,0.0238774866,-0.0017184631,-0.0105521502
3.0605630875,-0.0033823296,-0.0074142683,-0.0011502911,0.0057510799,-0.0028967124,-0.0041770088
3.0704340935,-0.0004201203,-0.0084130932,0.0017762970,-0.0188014023,-0.0020223965,0.0000768581
3.0804982185,0.0035425678,-0.0027735550,-0.0040923166,-0.0198188890,-0.0073638987,-0.0041732807
3.0906350613,0.0075541916,0.0009774397,-0.0060446667,-0.0123383366,-0.0083596548,-0.0041756779
3.1009120941,0.0057061273,0.0008567552,-0.0050933170,-0.0070053563,-0.0083476705,-0.0094860215
3.1106970310,0.0058179009,-0.0012111684,-0.0051042247,-0.0080873985,-0.0073513817,-0.0179796405
3.1207470894,0.0010296435,-0.0043160040,-0.0080538206,-0.0166348945,-0.0063650133,-0.0179769099
3.1308178902,-0.0008531554,-0.0026186574,-0.0090784840,-0.0273892712,0.0020574997,-0.0137227774
3.1411890984,-0.0028083667,0.0000548045,-0.0071813869,-0.0305457283,-0.0021868467,-0.0094768330
3.1509630680,-0.0067394939,0.0036920886,-0.0023716497,-0.0252393801,0.0010773898,-0.0041675549
3.1610300541,-0.0077649993,0.0083906483,-0.0004646588,-0.0102975555,0.0012142764,-0.0031089482
3.1710770130,-0.0038989678,0.0103315394,-0.0004718114,0.0078223264,0.0034947414,-0.0031124104
3.1814489365,-0.0010506778,0.0085083228,-0.0014053989,0.0173744187,0.0089116776,0.0011347322
3.1912178993,-0.0002135902,0.0018757264,0.0005620908,0.0130968494,0.0099561689,0.0043217372
3.2012979984,0.0036007420,0.0000509749,-0.0023259330,0.0077472515,0.0109575177,0.0021991977
3.2113730907,0.0035275400,0.0000842194,-0.0042778659,-0.0018036431,0.0055686114,0.0021989313
3.2217040062,0.0034677566,0.0009834151,-0.0023429801,-0.0124711478,0.0054598209,0.0000797211
3.2315092087,0.0034642175,-0.0001051594,-0.0004110743,-0.0092063779,-0.0008851602,-0.0009860760
3.2415750027,0.0074066925,0.0008004289,0.0005572032,-0.0006582169,-0.0018504229,0.0021962682
3.2516431808,0.0064975056,0.0008017998,-0.0004128624,0.0057951552,-0.0071341339,-0.0031170042
3.2619860172,0.0007011251,0.0008024554,-0.0033494043,0.0014737761,-0.0018736590,-0.0041747456
3.2717761993,-0.0031826391,0.0037081968,-0.0033640075,0.0003965273,-0.0008150523,-0.0031121441
3.2818441391,-0.0041914475,0.0056700986,-0.0014262606,0.0014201663,0.0034243672,-0.0052338177
3.2919101715,-0.0072087464,0.0046882909,0.0005015325,-0.0050459886,0.0097413845,-0.0041672215
3.3022699356,-0.0112503665,-0.0002645870,0.0053414297,-0.0136027774,0.0118238442,0.0011445859
3.3120541573,-0.0094634937,0.0015424619,0.0111602731,-0.0221579187,0.0139128277,0.0075185960
3.3221080303,-0.0047294986,0.0071990620,0.0101400800,-0.0125425197,0.0129781915,0.0138855483
3.3321800232,-0.0019164428,0.0139541309,0.0023258517,0.0077856546,0.0078433501,0.0128160222
3.3425321579,-0.0019765093,0.0092104953,-0.0064167785,0.0142190261,0.0046811793,0.0075042807
3.3522970676,-0.0010414019,-0.0023453552,-0.0034436991,0.0035482720,0.0045948932,0.0085687470
3.3624172211,0.0018617020,-0.0062555540,0.0053361249,-0.0113247102,-0.0018813154,0.0117551526
3.3724842072,0.0028382868,-0.0044115353,0.0092106052,-0.0102581130,-0.0018789186,0.0106930835
3.3828330040,0.0029085532,-0.0005276222,0.0072628451,0.0068634017,-0.0070754113,0.0043144133
3.3925490379,0.0049908194,0.0005376767,0.0024241400,0.0207334105,-0.0069888588,-0.0009980602
3.4026169777,0.0031353415,-0.0041227955,-0.0014236976,0.0239767954,-0.0112402625,-0.0063092690
3.4127190113,-0.0006725012,-0.0098451693,0.0005422424,0.0090263411,-0.0103097539,-0.0063050082
3.4230389595,0.0003764958,-0.0108501334,0.0064000678,-0.0144908885,-0.0062644789,-0.0052346168
3.4328880310,-0.0015422076,-0.0071318913,0.0063595963,-0.0198995024,0.0011367118,-0.0020441499
3.4428839684,-0.0015348538,-0.0024661291,-0.0014793087,-0.0135016050,0.0012014932,-0.0009858764
3.4530229568,-0.0005453944,0.0032656025,-0.0024720835,-0.0060327705,0.0012528922,-0.0031113452
3.4633169174,-0.0005103840,0.0032509398,-0.0015124489,0.0015183846,-0.0061041573,-0.0020529386
3.4731469154,0.0005380020,0.0042812806,-0.0044088173,0.0122333467,-0.0102411117,0.0000658724
3.4831671715,0.0016190142,-0.0004174431,-0.0024055052,0.0122115081,-0.0081260288,-0.0009948646
3.4932560921,-0.0022523894,-0.0022694040,-0.0033774781,0.0036105635,-0.0018345769,-0.0009895384
3.5035719872,-0.0061989170,-0.0042059738,-0.0033770609,-0.0050020199,0.0055324589,0.0011391931
3.5134260654,-0.0052888361,-0.0022928435,-0.0034050154,-0.0061021708,0.0086922999,-0.0009825474
3.5234320164,-0.0014483228,-0.0033089090,0.0014779161,-0.0092894686,0.0076305638,0.0032653944
3.5335590839,-0.0015408515,-0.0014655163,0.0043671322,-0.0092894686,0.0076305638,0.0032653944
3.5438499451,-0.0035628944,0.0013808141,0.0033576679,-0.0028550588,0.0044893650,0.0011388600
3.5536930561,-0.0016392737,0.0003772806,0.0043398333,-0.0049781315,0.0034166439,0.0022006624
3.5636880398,0.0042420286,-0.0016057809,0.0043507409,-0.0016814834,-0.0060899756,0.0043180753
3.5738248825,0.0072630304,0.0003401022,0.0014447164,0.0015300224,-0.0071299397,0.0032549414
3.5840990543,0.0024690137,0.0023677032,-0.0034150889,0.0111304251,-0.0070873955,-0.0031184691
3.5939512253,-0.0003848567,-0.0004477222,-0.0004759241,0.0079045380,-0.0050348975,-0.0094874185
3.6039490700,-0.0013158664,-0.0043048728,0.0005104732,-0.0017200457,-0.0029828656,-0.0073604193
3.6140971184,-0.0012866973,-0.0053242464,-0.0014317442,-0.0059976149,-0.0019383738,-0.0041734139
3.6243891716,-0.0022403121,-0.0034480859,-0.0004809905,-0.0081520062,0.0002001445,0.0011366629
3.6341562271,-0.0022617548,-0.0006048997,0.0043717218,-0.0070635732,-0.0019125410,0.0011353313
3.6442379951,-0.0032708838,0.0022586416,0.0082349963,-0.0049375445,-0.0008337612,0.0011361970
3.6543049812,-0.0003169595,0.0012736897,0.0092237182,-0.0006168326,-0.0061153425,-0.0009911361
3.6646571159,0.0036668137,-0.0006564279,0.0053600860,0.0089964867,-0.0070919236,-0.0009945983
3.6745009422,0.0047211084,0.0023515206,-0.0004603673,0.0122090578,-0.0081180390,0.0000658724
3.6844949722,0.0048154849,0.0053819548,-0.0004477907,0.0079628071,-0.0102847870,-0.0009953971
3.6946310997,0.0009742932,-0.0023308862,0.0015216063,-0.0006077774,-0.0071971184,-0.0041770758
3.7049121857,-0.0009204044,-0.0052985866,0.0063846898,-0.0112859085,-0.0062022279,0.0000739285
3.7147660255,0.0001412884,-0.0044618864,0.0092991777,-0.0155448355,-0.0073143640,-0.0020491434
3.7247629166,0.0012077496,-0.0016944577,0.0073301387,-0.0101879137,-0.0093826409,-0.0009899375
3.7348341942,-0.0016130849,0.0089314412,0.0004809092,0.0069074496,-0.0113555109,-0.0009952639
3.7452030182,-0.0024569302,0.0090424549,-0.0004651357,0.0144170318,-0.0155474599,-0.0031235290
3.7549650669,-0.0003415912,0.0023725014,0.0034910631,0.0090925740,-0.0166481435,-0.0020609279
3.7651009560,0.0037097514,-0.0004937370,0.0074173999,0.0005793544,-0.0188171566,0.0021874798
3.7750680447,0.0019228936,0.0014107357,0.0044959974,-0.0090785986,-0.0136029525,0.0011307375
3.7855172157,-0.0009228780,0.0013199578,0.0005849790,-0.0102105755,-0.0072459206,0.0011338667
3.7952311039,-0.0017996177,0.0031744372,-0.0033247878,-0.0048536286,-0.0093213227,0.0011314698
3.8053550720,-0.0007732257,0.0051134955,-0.0013680268,0.0036619091,-0.0071246801,0.0011303379
3.8153581619,-0.0006867765,0.0022217166,-0.0013564635,0.0058382442,-0.0113569759,0.0000658724
3.8257920742,-0.0005770593,-0.0016563107,-0.0013290454,-0.0005393615,-0.0135220587,0.0021910085
3.8354740143,0.0005134896,0.0022256505,-0.0022981572,-0.0037716394,-0.0103531647,0.0043170098
3.8456411362,-0.0023729547,0.0021701287,-0.0042692828,-0.0038144905,-0.0060948357,0.0064422796
3.8556461334,-0.0023359030,0.0021310281,-0.0032943892,-0.0037830640,-0.0092847701,0.0053788787
3.8660721779,0.0016726807,0.0011654476,-0.0022954154,0.0015491173,-0.0092582712,0.0021914744
3.8757719994,0.0008052245,0.0012016724,-0.0052067447,0.0069065983,-0.0113267489,0.0032508799
3.8858640194,-0.0000771179,-0.0006614794,-0.0032327583,0.0068850797,-0.0091975518,0.0043134810
3.8959078789,0.0009820492,-0.0005908926,-0.0041902470,0.0047396366,-0.0081621148,0.0032527442
3.9062581062,0.0030262277,-0.0025089104,-0.0041634846,-0.0027278392,-0.0082282275,0.0032554739
3.9160439968,0.0011085824,-0.0016099681,-0.0051471400,-0.0070714550,-0.0008454125,0.0021984654
3.9260950089,0.0011476607,-0.0006937106,-0.0080820732,-0.0027585188,-0.0050385594,0.0043191407
3.9361450672,0.0011555732,0.0012497584,-0.0051671672,0.0004119733,-0.0018137377,0.0064435443
3.9465799332,0.0011824921,0.0042022746,-0.0061350274,0.0068456382,-0.0049546701,0.0043167435
3.9582231045,0.0002640293,0.0042929184,-0.0080693774,0.0111024352,-0.0038702306,0.0021926065
3.9670450687,-0.0036516681,0.0014867465,-0.0080662780,0.0068034274,-0.0007179137,0.0032574045
3.9770700932,-0.0017162829,0.0005972813,-0.0051111388,0.0057064714,0.0024834722,0.0075064781
3.9874582291,0.0001841367,-0.0022795964,-0.0031565833,0.0014133230,0.0045622690,0.0064458074
3.9972162247,-0.0018759116,-0.0003177096,-0.0012255121,-0.0018610340,0.0119821019,0.0096357418
4.0065121651,-0.0069124219,0.0025871526,-0.0032068300,0.0002522636,0.0141297420,0.0106980102
4.0209817886,-0.0070868549,0.0035915803,0.0006718229,0.0013188599,0.0141321393,0.0096359421
4.0272421837,-0.0023405373,0.0026855003,0.0055666161,0.0099005504,0.0099619608,0.0096324133
4.0369791985,0.0005063967,-0.0001032670,0.0046184254,0.0163485967,0.0058084955,0.0149376960
4.0468449593,0.0004712076,-0.0028402228,-0.0011986304,0.0163664389,0.0036663818,0.0117505584
4.0568499565,0.0023981289,-0.0046634842,-0.0011658479,0.0078395307,0.0025238856,0.0106903538
4.0671539307,0.0013837323,-0.0056123007,0.0017485808,-0.0049411133,0.0002745134,0.0085705444
4.0770192146,-0.0005832805,-0.0047073681,0.0056254459,-0.0123897083,-0.0019127408,0.0085713435
4.0870170593,-0.0015272095,-0.0038582701,0.0065840674,-0.0134540675,-0.0030158220,0.0032602011
4.0971488953,-0.0024693205,-0.0029733349,0.0046215248,0.0004175398,-0.0029084969,0.0011331342
4.1073479652,-0.0034183010,0.0009634029,0.0046162796,0.0100121638,-0.0017640032,0.0011316696
4.1173720360,-0.0043528196,0.0020902883,0.0056060744,0.0207143426,-0.0048676510,-0.0009961962
4.1274538040,-0.0023396208,-0.0025552083,0.0037253094,0.0207244363,-0.0059284549,-0.0009969284
4.1375908852,-0.0013155534,-0.0033729393,0.0018010925,0.0121581126,-0.0027853923,0.0043158112
4.1478719711,-0.0042588231,-0.0013444741,0.0018007945,0.0036028931,-0.0007248379,0.0064433441
4.1577272415,-0.0042945337,-0.0023351181,0.0018105101,-0.0071104718,0.0034328892,0.0075099403
4.1677060127,-0.0023883029,-0.0024094749,0.0027706216,-0.0102824019,0.0002441532,0.0106930835
4.1778211594,0.0025265992,-0.0015095194,0.0037514756,-0.0081161866,-0.0029202148,0.0106909536
4.1881279945,-0.0003789484,-0.0035058130,0.0066573811,-0.0070034126,-0.0071702199,0.0085664168
4.1979789734,0.0006359027,-0.0025682766,0.0105468817,-0.0006123576,-0.0060671391,0.0064417468
4.2079868317,0.0046663317,-0.0044530500,0.0105959363,0.0090543041,-0.0123701096,0.0032508136
4.2181739807,0.0077648866,-0.0043357331,0.0077170921,0.0144517329,-0.0187172219,-0.0010009231
4.2284770012,0.0079945801,-0.0051455218,0.0019220304,0.0198269226,-0.0229419935,-0.0052519273
4.2382211685,0.0082157208,-0.0069243480,0.0009913634,0.0123346522,-0.0208990816,-0.0073726028
4.2482681274,0.0064777839,-0.0059032608,-0.0009327341,0.0026944363,-0.0178482980,-0.0148013569
4.2583971024,0.0027594895,-0.0030125696,-0.0009336878,-0.0058441898,-0.0179436393,-0.0179846343
4.2686672211,-0.0009609952,-0.0011304488,-0.0058231163,-0.0016171420,-0.0136200646,-0.0116134873
4.2785282135,0.0021270171,-0.0001770277,-0.0077519822,-0.0026938580,-0.0125545328,-0.0094890837
4.2885112762,0.0012654916,-0.0002106746,-0.0087213330,-0.0027107690,-0.0104127517,-0.0063016126
4.2985920906,0.0013060451,0.0036420655,-0.0077612805,-0.0049062800,-0.0040307529,-0.0009888723
4.3089342117,-0.0045701978,0.0065326523,-0.0068231034,-0.0060361251,0.0023539762,0.0032614660
4.3187642097,-0.0017116338,0.0075033884,-0.0039007473,0.0014241878,0.0034940755,0.0053837392
4.3287982941,0.0001516894,0.0085229855,-0.0009706427,0.0024709171,0.0056321942,0.0064464733
4.3389329910,-0.0008848204,0.0057098251,0.0009911846,0.0110084787,0.0057136873,0.0075061452
4.3492121696,0.0020050735,0.0038923454,-0.0018907596,0.0131622031,0.0036038640,0.0064422786
4.3590559959,0.0039369348,0.0059601050,-0.0018715073,0.0110710897,-0.0006518674,0.0075024832
4.3690643311,0.0019546256,0.0041128974,0.0010564517,0.0046661608,-0.0007283667,0.0043184748
4.3791270256,0.0009812296,0.0031822156,0.0030148220,0.0015079184,-0.0049934192,0.0053789457
4.3894557953,0.0020279989,0.0031608324,0.0030176232,-0.0048511252,-0.0092937574,0.0053788126
4.3993053436,0.0011474669,0.0031092595,0.0030177424,-0.0026955623,-0.0113971233,0.0053772144
4.4093122482,0.0002438159,0.0050130468,0.0010503124,0.0004554894,-0.0060509606,0.0075033493
4.4194211960,0.0002874465,0.0030877721,0.0030107093,0.0047458420,-0.0081287585,0.0085630212
4.4297652245,-0.0006488456,0.0060501378,0.0030221534,0.0036583403,-0.0060164062,0.0085646845
4.4395351410,0.0003883571,0.0041544419,-0.0028074789,0.0090174191,-0.0080641108,0.0128094982
4.4496140480,0.0004027069,0.0042398553,-0.0018168498,0.0047030188,-0.0038277532,0.0170579720
4.4596700668,-0.0006014674,0.0032758992,-0.0018172670,0.0014270637,0.0035713071,0.0170624983
4.4700822830,-0.0006552755,0.0052180868,-0.0037758159,-0.0007499373,0.0077824974,0.0149418907
4.4798130989,-0.0037308007,0.0022997539,0.0010783266,-0.0050397571,0.0098672193,0.0149440216
4.4899168015,-0.0018338307,0.0022490304,0.0010637235,-0.0060411859,0.0035125841,0.0181265660
4.4997768402,-0.0029049187,0.0041657668,0.0030038548,-0.0018046284,0.0067328783,0.0181270987
4.5101232529,-0.0039718417,0.0032094102,0.0039603901,0.0046194484,0.0046667983,0.0181244351
4.5199151039,-0.0030494228,0.0003628562,0.0030052853,0.0078954026,-0.0027322622,0.0181199089
4.5303802490,-0.0020725399,-0.0024638195,0.0020582867,0.0089785643,-0.0037787515,0.0191826411
4.5402870178,0.0008945049,-0.0043169130,0.0020917845,0.0090435455,-0.0101309232,0.0213030502
4.5504660606,0.0029200048,-0.0032503773,0.0030893872,0.0090182452,-0.0080359466,0.0170562416
4.5603542328,0.0029816583,-0.0031377394,0.0011600446,0.0111519694,-0.0080242287,0.0159939062
4.5704202652,-0.0008625283,-0.0030591805,-0.0017489005,0.0079209693,-0.0059983628,0.0053766817
4.5805177689,-0.0027702197,-0.0088854302,-0.0017444302,-0.0027503166,-0.0060915733,0.0053793453
4.5907468796,-0.0027678355,-0.0099524427,0.0021462629,-0.0156295504,0.0012375123,0.0075098071
4.6006250381,-0.0027967587,-0.0081706960,0.0030771685,-0.0188431870,0.0022497799,0.0043257317
4.6106929779,-0.0018342927,-0.0025062580,-0.0027937698,-0.0135169169,0.0033640463,0.0053870017
4.6208209991,-0.0047983867,-0.0006644745,-0.0057549286,-0.0060470169,0.0034292939,0.0053851372
4.6311011314,-0.0018873482,-0.0016284754,-0.0057431269,-0.0006558998,-0.0018227925,0.0064435443
4.6409530640,-0.0009379357,0.0013167540,-0.0028247645,0.0046813414,-0.0017554145,0.0096276188
4.6510181427,-0.0009165301,-0.0005344172,-0.0047480273,0.0078718886,-0.0006663813,0.0096272873
4.6610412598,-0.0038823381,-0.0024247784,-0.0066941190,0.0014057327,0.0056506367,0.0106938826
4.6713681221,-0.0059513492,-0.0014348795,-0.0057396698,-0.0039733993,0.0098341294,0.0085738068
4.6811480522,-0.0060529900,0.0004924815,-0.0067270207,-0.0039643450,0.0087523535,0.0053878669
4.6912040710,-0.0041707871,-0.0005054046,-0.0076994705,-0.0017983699,0.0056023002,0.0075088749
4.7013149261,0.0006594540,-0.0024282355,-0.0067099142,0.0014142012,0.0045761839,0.0085693458
4.7116570473,0.0015926838,-0.0053212661,-0.0047572064,-0.0006980849,0.0024566408,0.0117538869
4.7214488983,0.0005158365,-0.0033741612,-0.0008747984,-0.0028978568,0.0087832464,0.0085722087
4.7315192223,-0.0015226274,-0.0033791084,0.0000932406,0.0035121059,0.0077580623,0.0053840056
4.7415838242,-0.0006366341,-0.0023102779,-0.0028295922,0.0120368842,0.0088728620,0.0021970007
4.7519211769,0.0002860383,-0.0031505991,-0.0037749815,0.0162988212,0.0099768089,0.0032595352
4.7616872787,-0.0017594441,-0.0010386427,-0.0057234573,0.0173670165,0.0099999784,0.0053828740
4.7718048096,-0.0057752100,0.0040044915,-0.0057163048,0.0205483735,0.0121566057,0.0064452086
4.7818541527,-0.0039258492,-0.0025877226,-0.0076303887,0.0184242371,0.0110700363,0.0053834058
4.7921700478,-0.0031570091,-0.0053576399,-0.0046794820,0.0044263955,0.0237155240,0.0107022719
4.8019580841,-0.0063506109,-0.0034082104,0.0011238049,-0.0105341785,0.0257139597,0.0117688682
4.8120551109,-0.0105940597,-0.0025530923,0.0039740992,-0.0159442835,0.0331156813,0.0149588017
4.8221187592,-0.0070254398,-0.0016926100,0.0049163294,-0.0105665615,0.0289113522,0.0138935372
4.8324842453,-0.0033970296,-0.0007456858,0.0078132935,-0.0008872757,0.0215680171,0.0138876112
4.8422570229,0.0003260703,-0.0026338715,0.0078208633,0.0098575139,0.0142203569,0.0117576150
4.8523240089,0.0031305060,-0.0044584889,0.0088194795,0.0109446961,0.0120938886,0.0096326135
4.8623900414,0.0020329684,-0.0052589942,0.0127267428,0.0162984487,0.0099769421,0.0032594020
4.8727331161,-0.0000006004,-0.0070505608,0.0117663927,0.0110064279,0.0056646182,0.0000741283
4.8824930191,-0.0000197186,-0.0079242308,0.0127577968,0.0067688064,0.0024304753,-0.0020500091
4.8926000595,0.0009556891,-0.0078734476,0.0127811022,0.0035618013,0.0023618324,-0.0084208893
4.9026241302,0.0009486408,-0.0088532884,0.0108267851,-0.0039310027,0.0043978193,-0.0116033675
4.9130630493,-0.0010171651,-0.0098881740,0.0127516575,-0.0103328163,0.0043344358,-0.0126630384
4.9227590561,-0.0029866367,-0.0081091542,0.0137024708,-0.0199023522,0.0011021573,-0.0073532285
4.9328660965,0.0009450645,-0.0053894836,0.0166005678,-0.0208958723,-0.0063267308,-0.0062954202
4.9428977966,0.0040102634,-0.0026050229,0.0156141110,-0.0058697835,-0.0146704130,-0.0041798055
4.9532470703,0.0071318033,-0.0006387998,0.0146736093,0.0133930733,-0.0198009927,-0.0031251938
4.9630613327,0.0044240686,-0.0004686137,0.0098411627,0.0219796374,-0.0250799116,-0.0105626034
4.9731178284,0.0056367102,-0.0021892358,0.0098978467,0.0198219698,-0.0230113678,-0.0158698168
4.9831647873,0.0029495538,-0.0059245098,0.0060565663,0.0123515362,-0.0230835415,-0.0169297550
4.9935588837,0.0022053972,-0.0097635258,0.0070626331,-0.0047884602,-0.0168730468,-0.0179846343
5.0033750534,0.0004391775,-0.0127959270,0.0080347247,-0.0218838230,-0.0149001786,-0.0179793071
5.0134391785,-0.0013590425,-0.0101316888,0.0079945512,-0.0272180811,-0.0149188200,-0.0137310326
5.0234251022,0.0027281151,-0.0045395661,0.0079712458,-0.0154375890,-0.0190672278,-0.0147978943
5.0340013504,0.0049053687,0.0002118777,0.0040675593,-0.0004749391,-0.0210735183,-0.0169253629
5.0436582565,0.0071155610,0.0021701287,0.0040940237,0.0080924500,-0.0242027324,-0.0201144982
5.0536341667,0.0074085924,0.0002845953,0.0041440320,0.0049674977,-0.0316583849,-0.0201167595
5.0637059212,0.0048313099,-0.0036203135,-0.0007083822,-0.0067927549,-0.0296458378,-0.0211745668
5.0740852356,0.0031812221,-0.0047095437,-0.0026527452,-0.0153547116,-0.0275757611,-0.0179878287
5.0838379860,0.0044705900,-0.0029407460,-0.0006992031,-0.0174767189,-0.0286346339,-0.0148024224
5.0939579010,0.0057386342,0.0047339927,0.0022225569,-0.0057481565,-0.0274856109,-0.0169277582
5.1039381027,0.0040694284,0.0105488729,-0.0026516127,0.0059577674,-0.0242069941,-0.0179908928
5.1143779755,-0.0015706986,0.0067129117,-0.0055506635,0.0091012819,-0.0188865978,-0.0201138984
5.1241002083,-0.0014203012,0.0018500964,-0.0026081013,-0.0090995599,-0.0126236416,-0.0116117559
5.1341490746,0.0015920431,-0.0012182762,0.0012779426,-0.0251971148,-0.0031736146,-0.0052314214
5.1443042755,0.0006397695,0.0033463817,-0.0016963292,-0.0326750055,-0.0021432375,0.0000799872
5.1546068192,-0.0022512644,0.0098610651,-0.0017707754,-0.0283636935,-0.0063500339,0.0000768580
5.1644420624,-0.0021763563,0.0135449599,-0.0017979551,-0.0144388238,-0.0115477247,-0.0020528720
5.1744341850,-0.0010843321,0.0144454520,0.0011141490,-0.0005342206,-0.0146024367,-0.0009963294
5.1844501495,0.0000525818,0.0115595292,0.0001715015,0.0080555389,-0.0198398102,-0.0020629254
5.1948571205,0.0002656312,0.0057782065,-0.0026988792,0.0059653036,-0.0240816269,0.0011208171
5.2046980858,0.0034222708,-0.0020123441,-0.0055810618,-0.0090261623,-0.0188863315,0.0043126158
5.2147040367,0.0016201094,-0.0021799225,-0.0026795673,-0.0250751972,-0.0147680854,0.0064421459
5.2248082161,0.0017527894,0.0043814909,-0.0037010720,-0.0219057687,-0.0115571124,0.0064429450
5.2351460457,-0.0030432388,0.0041441750,-0.0076513696,-0.0176787470,-0.0073260153,-0.0009868750
5.2449789047,-0.0029833361,-0.0009263326,-0.0105786137,-0.0187448096,-0.0073214881,0.0011369959
5.2549772263,0.0000337393,-0.0040608961,-0.0047490406,-0.0240393095,-0.0116186980,0.0000740618
5.2650442123,0.0050371769,0.0025220793,-0.0018492747,-0.0144436704,-0.0104461089,0.0043194070
5.2754120827,0.0032022104,0.0063033979,-0.0086893849,0.0005296059,-0.0135062793,0.0032530106
5.2851738930,-0.0006525709,0.0063622128,-0.0106398873,0.0100251064,-0.0028400538,-0.0009912692
5.2953109741,-0.0035615682,0.0006128530,-0.0086744241,-0.0006591491,-0.0018500902,0.0021959352
5.3053092957,-0.0045788554,-0.0023759473,-0.0028459241,-0.0156197231,0.0001483459,0.0032625312
5.3157229424,-0.0055575189,0.0023143124,-0.0019114424,-0.0145382928,-0.0008832959,0.0064478721
5.3254442215,-0.0026298210,0.0051474404,-0.0019287873,-0.0070987539,0.0023857343,0.0096330130
5.3355798721,-0.0026573732,0.0051766019,-0.0009485293,0.0067919223,0.0003718517,0.0075040814
5.3455772400,-0.0026335760,0.0042763334,-0.0028731036,0.0079000629,-0.0038836135,0.0043162778
5.3559899330,-0.0036013841,0.0014420579,-0.0009199787,0.0046893563,-0.0028581629,0.0032564728
5.3656821251,-0.0035891652,-0.0034207571,0.0030021858,-0.0070719626,-0.0008594606,0.0000750605
5.3758478165,-0.0006418719,-0.0064282585,0.0010491799,-0.0113602104,0.0012531586,0.0043242006
5.3858690262,0.0003699169,-0.0036316384,-0.0048100757,-0.0091833426,-0.0029722126,0.0043215374
5.3962578773,0.0013804317,0.0040733200,-0.0077636051,-0.0017453991,0.0002760447,0.0043212711
5.4060001373,0.0004167215,0.0060242247,-0.0087368898,0.0046557747,0.0003111984,0.0011342663
5.4161391258,-0.0015538677,0.0021750312,-0.0038651635,0.0025107041,0.0013465023,0.0000736624
5.4262399673,-0.0035308420,-0.0016867538,-0.0058002877,0.0024803439,0.0045502847,0.0032606672
5.4365072250,-0.0035762310,-0.0007128735,-0.0067786979,-0.0007409090,0.0066580437,0.0053862697
5.4510140419,-0.0026774525,0.0041935425,-0.0048410702,0.0067300573,0.0067371395,0.0075080097
5.4564371109,-0.0017765358,0.0013872216,-0.0038532426,0.0152088962,0.0120900273,0.0032603343
5.4664220810,-0.0018881753,-0.0023612697,-0.0048007178,0.0098828413,0.0109685697,0.0011375285
5.4768247604,-0.0030029386,-0.0032706726,-0.0048041153,0.0012963563,0.0162261166,0.0053901309
5.4865617752,-0.0022022619,-0.0033048857,-0.0048249173,-0.0072507933,0.0172194745,0.0064545963
5.4965972900,-0.0004046678,-0.0053322185,-0.0038612890,-0.0125548234,0.0139828688,0.0053925943
5.5066962242,0.0004267947,-0.0034872014,-0.0009772588,-0.0125212679,0.0108206309,0.0085764034
5.5170230865,0.0032604516,0.0013191978,0.0029105735,0.0013668761,0.0087863086,0.0032617324
5.5268568993,0.0071113217,0.0023827832,0.0029201102,0.0163466241,0.0046381694,-0.0020531381
5.5368537903,0.0061011794,-0.0022994597,0.0029629064,0.0184816010,0.0046636690,-0.0009918017
5.5469789505,0.0031274811,-0.0041036922,0.0010304045,0.0099328542,0.0056362553,-0.0031127431
5.5572738647,0.0011099235,-0.0069224704,0.0000639748,0.0067213220,0.0066833440,-0.0009880068
5.5671181679,0.0000647784,-0.0039652754,0.0049314094,-0.0007059677,0.0023740830,-0.0009882732
5.5771532059,0.0000053377,-0.0000568946,0.0097801872,0.0013978500,0.0055680787,-0.0020482780
5.5871930122,-0.0010300099,0.0009804795,0.0078343935,0.0120691359,0.0056612892,-0.0020509411
5.5975232124,0.0028499097,0.0010916422,0.0029978943,0.0131293675,0.0067231581,-0.0031109457
5.6073951721,0.0037348301,-0.0017380287,0.0039816690,0.0013941480,0.0066621718,0.0032627976
5.6174011230,0.0016971186,-0.0027242769,0.0049467278,-0.0082112076,0.0066000535,0.0064496025
5.6275367737,0.0015945167,0.0001218896,0.0088163801,-0.0135372644,0.0054785963,0.0043267971
5.6378059387,0.0044780257,0.0010075698,0.0107505508,-0.0070846118,0.0002378284,0.0053829402
5.6476650238,0.0045138705,0.0000014733,0.0107488818,-0.0027420614,-0.0071588354,0.0043163439
5.6576700211,0.0045879963,0.0029607993,0.0107613988,0.0111681353,-0.0102155451,0.0053748842
5.6677532196,0.0046912315,0.0021475535,0.0078674741,0.0186572112,-0.0123000015,0.0011247455
5.6780738831,0.0077480855,-0.0015616139,0.0098742433,0.0143926386,-0.0133958906,0.0011228811
5.6879339218,0.0059139463,-0.0043894518,0.0050337506,0.0058540110,-0.0134912319,-0.0020603954
5.6979331970,0.0021412552,-0.0034147967,0.0030791950,-0.0037678843,-0.0114615047,-0.0031172710
5.7080688477,0.0003090829,-0.0025240351,0.0059901071,-0.0101600038,-0.0125784343,-0.0031162056
5.7183871269,-0.0005599901,-0.0007045437,0.0050034714,-0.0091222236,-0.0093870359,-0.0031139415
5.7281880379,0.0005046159,0.0030919742,0.0020684788,-0.0048308047,-0.0114509854,0.0000693348
5.7381982803,-0.0062517342,0.0089049321,0.0049554897,0.0005133338,-0.0124361552,0.0043131486
5.7483339310,-0.0061741439,0.0098998230,0.0039886427,0.0026268177,-0.0102885822,0.0053754835
5.7586178780,-0.0041429442,0.0079785269,0.0020614457,0.0004971949,-0.0103017651,0.0064392835
5.7684698105,-0.0060161394,0.0021363627,0.0011073541,-0.0048235347,-0.0113539789,0.0149345007
5.7784690857,-0.0059559089,0.0001167338,-0.0008539368,-0.0134013901,-0.0071638282,0.0181242339
5.7886061668,-0.0010419905,-0.0009833892,0.0001203011,-0.0155564202,-0.0050535398,0.0191876348
5.7988791466,0.0039036155,-0.0020796973,0.0030471873,-0.0144611942,-0.0082400786,0.0170611683
5.8086690903,0.0059258002,-0.0050805081,0.0011010956,-0.0026934845,-0.0113551784,0.0117476285
5.8187241554,0.0031268850,-0.0050839204,-0.0047285962,0.0100978371,-0.0102237342,0.0053740181
5.8288078308,0.0052129510,-0.0049881656,-0.0047014761,0.0101271318,-0.0134413661,0.0000634090
5.8391828537,0.0082762344,-0.0068364311,-0.0046600509,0.0101176519,-0.0123950094,-0.0020588639
5.8489880562,0.0064613777,-0.0106629152,-0.0026869583,0.0015891446,-0.0135582779,-0.0063044755
5.8590359688,0.0036854625,-0.0106996913,-0.0046304869,-0.0048140008,-0.0136140715,-0.0063030105
5.8690738678,-0.0020633310,-0.0049393345,-0.0056533027,-0.0048576761,-0.0093839057,-0.0084244851
5.8795928955,-0.0048854020,-0.0001018514,-0.0105306916,0.0036903787,-0.0103704743,-0.0084270146
5.8891992569,-0.0048002270,0.0028701853,-0.0114880018,0.0089850090,-0.0060590827,-0.0052408092
5.8992800713,-0.0008297383,0.0019662958,-0.0134097748,0.0036413772,-0.0050100638,0.0000700670
5.9093132019,-0.0018127605,-0.0019081106,-0.0124322586,-0.0060362844,0.0023469187,0.0021997970
5.9197511673,-0.0028750866,-0.0019795615,-0.0085627846,-0.0146359783,0.0086521525,0.0043287948
5.9294781685,-0.0020442575,0.0018006990,-0.0056776810,-0.0125539191,0.0139896600,0.0064545292
5.9396142960,-0.0012336045,0.0027329009,-0.0008188296,-0.0051066019,0.0161702558,0.0053916620
5.9496159554,-0.0033583909,-0.0011678209,-0.0018103529,-0.0008503376,0.0172477700,0.0022057225
5.9600000381,-0.0015399649,-0.0021450836,-0.0057118344,0.0023852428,0.0140919248,0.0022041244
5.9697542191,-0.0016766756,-0.0021445919,-0.0027962732,-0.0050947778,0.0150946053,0.0032683236
5.9798202515,-0.0008581548,-0.0002276619,0.0000999164,-0.0050906241,0.0140288081,0.0022038582
5.9899148941,0.0010149807,0.0017176847,0.0010670017,0.0024304101,0.0087613417,-0.0020478785
6.0002431870,0.0009678931,0.0017675589,0.0020489884,0.0067755175,0.0013779941,-0.0009903370
6.0100312233,0.0019666583,0.0008860360,0.0020817709,0.0110845119,-0.0028564318,-0.0052407421
6.0201673508,0.0010288910,0.0019802134,0.0011112284,0.0153271407,0.0003830371,-0.0020532049
6.0302352905,-0.0009417652,0.0040541869,-0.0017951537,0.0152749429,0.0057019023,0.0000730630
6.0405759811,-0.0049292040,0.0022677016,0.0011384081,0.0109820329,0.0078161862,0.0043205386
6.0503201485,-0.0050492329,-0.0014984031,0.0070041609,0.0045478363,0.0109501947,0.0053855367
6.0603609085,-0.0041917232,-0.0005083252,0.0079573579,-0.0007849829,0.0108954664,0.0043262644
6.0704288483,-0.0043065292,-0.0014851560,0.0069861007,-0.0018201536,0.0077031348,0.0043249326
6.0807800293,-0.0034041374,-0.0015200545,0.0079505034,-0.0039357170,0.0055634184,0.0043234685
6.0905752182,0.0004199029,-0.0035127867,0.0089262314,-0.0050108340,0.0066497214,0.0096332785
6.1006422043,0.0033426762,-0.0025914628,0.0069799018,-0.0016916031,-0.0050220480,0.0053804098
6.1107001305,0.0043386030,-0.0016141107,0.0060051274,0.0025337683,-0.0007476744,0.0043196734
6.1210498810,0.0043660956,-0.0064335633,0.0050540757,0.0046964139,-0.0039534546,-0.0020534045
6.1308569908,0.0034555227,-0.0053973962,0.0060308767,0.0068818042,-0.0092675257,-0.0063038096
6.1408691406,0.0045714262,-0.0033934433,0.0031380248,0.0079464018,-0.0092786448,-0.0094898157
6.1509718895,0.0027379200,-0.0043205339,0.0002292584,0.0058329180,-0.0114262179,-0.0105521502
6.1612672806,0.0018812970,-0.0033004452,-0.0017064024,0.0015322063,-0.0082661780,-0.0084263496
6.1711211205,-0.0009752035,-0.0033237059,-0.0007425953,-0.0059909578,-0.0030264084,-0.0084218215
6.1811618805,-0.0029421940,-0.0043508131,0.0041156602,-0.0070968624,0.0012282580,-0.0052332189
6.1912097931,-0.0010158166,-0.0005551298,0.0021433425,-0.0103270095,0.0044248505,0.0011399920
6.2016100883,-0.0010350167,0.0032488238,-0.0056674290,-0.0050029783,0.0055399155,0.0022004626
6.2113890648,0.0008365394,0.0012578199,-0.0066420245,-0.0050013801,0.0055606882,0.0053858692
6.2214651108,0.0017610521,0.0031767320,-0.0037376690,-0.0028223014,0.0013416420,0.0064456081
6.2315239906,0.0007075549,0.0051544439,0.0021039438,0.0035357289,0.0056138849,0.0021989313
6.2418870926,-0.0003084286,-0.0016189982,-0.0008074451,0.0035340777,0.0056073600,0.0011367296
6.2516613007,0.0006701604,-0.0054694582,0.0001886677,-0.0006604018,-0.0018638719,0.0000722641
6.2617011070,0.0006745563,-0.0064410139,0.0011677336,-0.0006708410,-0.0008100590,-0.0009887393
6.2718000412,0.0026896477,-0.0035093594,0.0001980256,0.0047063474,-0.0050213155,-0.0031158060
6.2821450233,0.0027435676,0.0014158170,-0.0017537881,0.0121727856,-0.0049761748,-0.0063037435
6.2918958664,0.0008640693,-0.0004321058,-0.0046459245,0.0089804549,-0.0060859136,-0.0094888834
6.3020238876,-0.0010562211,-0.0042684544,-0.0017209459,0.0003730645,0.0012863814,-0.0062966859
6.3120980263,-0.0001275658,-0.0092042703,0.0050960374,-0.0157084335,0.0085735889,-0.0062889624
6.3224573135,-0.0002004846,-0.0045491923,-0.0017620135,-0.0199858695,0.0096322624,-0.0009786859
6.3322310448,-0.0002670556,0.0001673679,-0.0047349739,-0.0081851352,0.0033480010,-0.0041702185
6.3422961235,-0.0002814501,0.0030765813,-0.0057149339,0.0046218988,0.0034593211,-0.0041728811
6.3523621559,0.0026029900,0.0060964506,-0.0017965246,0.0131482752,0.0045948932,-0.0041744793
6.3627099991,0.0035751418,0.0052822661,-0.0007937361,0.0196306761,-0.0027851260,-0.0052396106
6.3724317551,-0.0003368228,-0.0032926518,-0.0017432977,0.0141991582,0.0067172991,-0.0052334853
6.3825678825,-0.0033393397,-0.0071278829,-0.0007626225,-0.0029112790,0.0097883232,0.0000788554
6.3926362991,-0.0044248668,-0.0023268182,0.0021315408,-0.0114573613,0.0107955318,0.0032669255
6.4029049873,-0.0025658503,0.0014875958,0.0040487242,-0.0039591268,0.0076506035,-0.0009842785
6.4127330780,0.0042301151,0.0024708491,0.0040754867,0.0067542382,0.0034928769,-0.0020508745
6.4227690697,0.0061807814,-0.0003409405,0.0041073156,0.0132224448,-0.0028248737,-0.0031167383
6.4329051971,0.0032667101,-0.0021851379,0.0060631824,0.0057104668,0.0013608168,-0.0020509411
6.4431972504,0.0012580857,-0.0021764357,0.0138394423,-0.0060575102,0.0044475533,-0.0009839456
6.4530382156,0.0012498677,0.0016414205,0.0108982511,-0.0038928930,0.0012624129,-0.0041714832
6.4630370140,0.0003173084,-0.0012834986,0.0060339761,0.0046852818,-0.0029136231,-0.0052378792
6.4731740952,0.0003785745,-0.0051580686,0.0050806594,-0.0027510626,-0.0061411080,-0.0020522061
6.4834542274,0.0024419904,-0.0003466328,0.0041070175,-0.0037333444,-0.0146383233,-0.0020563339
6.4933071136,0.0045373025,0.0044956934,0.0060530496,0.0037466772,-0.0156410038,-0.0031205330
6.5033073425,0.0037118078,0.0045688730,0.0041249585,0.0112209190,-0.0166416205,-0.0041867965
6.5134339333,-0.0000383600,0.0056592207,0.0021911454,0.0144009991,-0.0144916493,-0.0041865301
6.5237312317,-0.0018587976,0.0048046689,0.0002693128,0.0101048686,-0.0113617033,-0.0063055409
6.5335378647,-0.0037028908,-0.0009683688,0.0022562337,0.0015252288,-0.0071922583,-0.0063012792
6.5435881615,-0.0066079763,-0.0019868482,0.0041881991,-0.0123794815,-0.0041090501,-0.0031114121
6.5537090302,-0.0046160785,0.0007869582,0.0061064553,-0.0177337676,-0.0019990273,0.0021999967
6.5639801025,-0.0026416748,0.0064675342,0.0051074815,-0.0123759387,-0.0040605133,0.0043211379
6.5738439560,-0.0025922253,0.0102803539,0.0011939000,0.0004620953,-0.0071247471,0.0053781467
6.5838422775,-0.0024910539,0.0054446291,-0.0007300783,0.0037366906,-0.0145090930,0.0074963584
6.5939760208,0.0015579641,0.0006369035,0.0012718033,0.0037473431,-0.0155700967,0.0074958256
6.6042251587,0.0046325582,-0.0041956324,0.0003261160,-0.0005174428,-0.0156087130,0.0074982224
6.6141200066,0.0047713998,-0.0061635096,-0.0035542657,-0.0005414113,-0.0135213267,0.0021902760
6.6241068840,0.0029300407,-0.0061687846,-0.0054986882,0.0004934398,-0.0103431102,0.0000682694
6.6342163086,0.0030234933,-0.0022960771,-0.0064830589,0.0015264796,-0.0071784761,-0.0041776085
6.6445198059,0.0041333246,-0.0003451277,-0.0084074549,0.0058522257,-0.0135617414,-0.0126771536
6.6543369293,0.0032925934,-0.0051646847,-0.0054633426,0.0026300671,-0.0114607727,-0.0116134873
6.6643772125,0.0033805103,-0.0081098098,-0.0074115205,-0.0048896335,-0.0062008961,-0.0084228870
6.6744461060,-0.0014899641,-0.0023679603,-0.0064773965,-0.0092311185,0.0012096158,-0.0052326862
6.6847963333,-0.0034634292,0.0014428775,-0.0084453039,-0.0060301600,0.0012519599,-0.0031104132
6.6946110725,-0.0025138899,0.0042940062,-0.0074966359,-0.0071068751,0.0023174908,-0.0009860096
6.7046451569,-0.0015423938,0.0032714438,-0.0094437413,-0.0038698567,-0.0008246398,0.0011361304
6.7147831917,-0.0006000890,0.0003202985,-0.0104139857,-0.0039209900,0.0045080739,0.0053860033
6.7250561714,0.0022491247,-0.0006908347,-0.0074992585,-0.0071685547,0.0087325135,0.0064492701
6.7349147797,0.0021216453,0.0012065301,-0.0084933452,-0.0050774412,0.0129882442,0.0053890655
6.7448620796,0.0019528971,0.0031252634,-0.0075342464,-0.0019490784,0.0204284508,0.0032693224
6.7550501823,-0.0011829704,-0.0017194917,-0.0056114602,-0.0008712970,0.0193767697,0.0032685234
6.7653250694,0.0035079599,-0.0036667157,-0.0017103959,-0.0041098343,0.0225265548,0.0022074534
6.7751588821,0.0033062578,0.0002056937,0.0050735069,-0.0019350974,0.0182734877,-0.0020424190
6.7851819992,0.0002079339,0.0011555682,0.0060159159,-0.0008718828,0.0193342902,-0.0031013587
6.7953190804,-0.0009307085,0.0011434088,0.0040646386,0.0002053659,0.0182756837,-0.0041639595
6.8055958748,-0.0000817820,0.0021047425,0.0030745459,-0.0050363205,0.0086949626,-0.0020448824
6.8154621124,0.0008279563,0.0020764600,0.0059913588,-0.0050128847,0.0066006528,0.0022012615
6.8254599571,-0.0021474704,0.0029939841,0.0088781901,-0.0070605101,-0.0018851773,0.0053828731
6.8355588913,-0.0011568933,0.0000184606,0.0118003674,-0.0048836423,-0.0061105480,0.0053802105
6.8458619118,0.0008461059,0.0010005216,0.0088898726,0.0057467110,-0.0017739236,0.0053802775
6.8557219505,-0.0010850623,0.0030223560,0.0040238691,0.0132059585,-0.0006476727,0.0053789457
6.8656911850,0.0008711473,0.0002235900,0.0040583801,0.0110510094,0.0014412442,0.0032575377
6.8758559227,0.0018441856,-0.0055259932,0.0040862751,0.0057249535,0.0003197871,0.0011347322
6.8861279488,0.0057467702,-0.0064441133,0.0070380163,0.0035976209,-0.0007585268,0.0011334006
6.8959579468,0.0037775890,-0.0025568921,0.0079972930,-0.0017811656,0.0034319570,0.0000750604
6.9059910774,0.0007872836,-0.0025894064,0.0069987369,-0.0039474079,0.0065536480,-0.0062924912
6.9161281586,0.0007635237,-0.0045864303,0.0021206331,-0.0049815131,0.0033751652,-0.0041702180
6.9264130592,-0.0002326488,-0.0017811378,0.0030623863,-0.0135245351,0.0033098513,-0.0031086155
6.9361658096,0.0017088682,-0.0019325038,0.0049871993,-0.0156257711,0.0001220475,-0.0009860762
6.9462599754,0.0017421350,-0.0010927637,0.0059441519,-0.0102017876,-0.0083062584,0.0011326683
6.9563460350,0.0018337548,0.0046917778,0.0049529863,0.0004913360,-0.0103281299,0.0021907422
6.9666819572,0.0009517701,0.0076925438,0.0088676400,0.0122507364,-0.0123617202,0.0000634090
6.9765391350,0.0001107261,0.0058603119,0.0059833718,0.0101132831,-0.0124219079,-0.0063068727
6.9865269661,-0.0017290011,-0.0008791555,0.0030895066,0.0015580915,-0.0103684776,-0.0052409424
6.9966621399,-0.0006673529,-0.0058058519,0.0031023812,-0.0155452620,-0.0072999825,0.0000739286
7.0069360733,-0.0006551787,-0.0050339568,0.0108494945,-0.0326397978,-0.0052989502,0.0043259980
7.0167279243,0.0023653910,0.0024404507,0.0049650264,-0.0219274983,-0.0094705252,0.0011357975
7.0268058777,0.0005062327,0.0061719995,-0.0009113360,-0.0037971511,-0.0082509983,0.0011317361
7.0369348526,0.0006390319,0.0061404090,-0.0048101950,-0.0005227951,-0.0156708304,-0.0020581982
7.0472121239,0.0027194500,0.0012289713,-0.0086797886,-0.0059139132,-0.0104187438,-0.0031166049
7.0570611954,0.0018586994,-0.0017841180,-0.0086861067,-0.0122932494,-0.0125689805,0.0011311370
7.0670747757,0.0039120349,-0.0009222646,-0.0047927308,-0.0133903641,-0.0093746521,0.0043185409
7.0769720078,0.0049430388,-0.0000322928,-0.0028492620,-0.0017163977,-0.0029130240,0.0032570052
7.0872211456,0.0059405449,0.0029134732,-0.0047954726,0.0100427894,-0.0049394239,0.0021912081
7.0971488953,0.0020665631,0.0049888473,-0.0067384052,0.0164215937,-0.0027961114,-0.0031183360
7.1074609756,-0.0028022721,0.0031353664,-0.0116010718,0.0110239508,0.0035083899,-0.0052363481
7.1174240112,-0.0057833907,0.0031730663,-0.0135676675,-0.0007336391,0.0055555617,-0.0009851439
7.1276268959,-0.0039131981,0.0021653008,-0.0096761398,-0.0103689283,0.0086828452,0.0032655939
7.1375951767,-0.0001149818,0.0001141410,-0.0048071551,-0.0188915767,0.0075957431,0.0106998077
7.1476030350,0.0027278692,0.0028791707,-0.0028860974,-0.0113971215,0.0055662813,0.0149444873
7.1577301025,0.0036436275,0.0047611576,-0.0048549580,-0.0017833775,0.0045753187,0.0128179528
7.1679310799,0.0025984005,0.0028608572,-0.0048546004,0.0046386775,0.0025028468,0.0117529547
7.1778368950,0.0035073713,0.0009819249,-0.0028962302,0.0057063387,0.0025190921,0.0128144911
7.1878819466,0.0034512610,-0.0009054859,-0.0028749513,0.0035294434,0.0067515876,0.0138787571
7.1979417801,-0.0005593418,0.0020889323,0.0019803834,0.0077857077,0.0078291027,0.0106928172
7.2082262039,0.0022921816,0.0012501011,0.0039469791,0.0131581016,0.0036053287,0.0064408141
7.2181420326,0.0071750465,-0.0005517770,0.0039985371,0.0131687550,0.0025443253,0.0064402819
7.2281260490,0.0061542499,-0.0004196783,0.0010892939,0.0152659938,0.0068049836,0.0064438768
7.2382769585,0.0011775747,-0.0003114511,0.0010837506,0.0077513522,0.0109560527,0.0022006626
7.2485442162,-0.0038817420,0.0006546210,0.0029907415,-0.0094133327,0.0192968734,0.0022072536
7.2584118843,-0.0030771315,-0.0033923108,0.0029655290,-0.0232188925,0.0128512252,0.0085783340
7.2684068680,-0.0002567589,-0.0026884396,0.0038877914,-0.0327288806,0.0043259137,0.0160109513
7.2785429955,0.0036086619,0.0008844267,0.0067589474,-0.0369435996,-0.0010094631,0.0170711558
7.2888140678,0.0045978981,-0.0003999491,0.0057478142,-0.0294428617,-0.0041268263,0.0170672927
7.2986779213,0.0016748488,0.0003042500,0.0056880307,-0.0272899605,-0.0062648123,0.0117566837
7.3086757660,-0.0002670928,-0.0009372254,0.0056297970,-0.0273373388,-0.0020404395,0.0085722748
7.3187069893,-0.0022182360,-0.0062128026,0.0084906407,-0.0594103187,0.0029087793,-0.0030968976
7.3291063309,-0.0032342121,-0.0177703816,0.0122637935,-0.1245341152,0.0055150152,-0.0041395919
7.3389291763,-0.0062686545,-0.0290948320,0.0032300544,-0.1972357482,0.0186950006,-0.0009291510
7.3489451408,-0.0104526849,-0.0312886871,0.0018421005,-0.2453358620,0.0268254969,0.0086437147
7.3590860367,-0.0077884239,-0.0123029072,0.0013743829,-0.2314360142,0.0249008294,0.0203190129
7.3693580627,0.0007882298,0.0111349355,0.0068426919,-0.1395167559,0.0108423363,0.0192259848
7.3792271614,0.0026810945,0.0337453745,0.0134840794,-0.0134102320,-0.0072389301,0.0064433441
7.3891911507,0.0048468742,0.0420053117,0.0096820779,0.1020980105,-0.0328683294,-0.0105873710
7.3993201256,0.0013714761,0.0189488661,0.0012123178,0.1406046599,-0.0421579666,-0.0222815759
7.4095911980,-0.0002055138,-0.0079928804,0.0005494546,0.1009858549,-0.0286825709,-0.0180171244
7.4193491936,0.0020345331,-0.0258144010,-0.0021820473,0.0261952356,-0.0197306201,-0.0094992695
7.4294819832,0.0051005888,-0.0258046258,0.0007597398,-0.0304867141,-0.0074370024,-0.0009845449
7.4395523071,0.0061751562,-0.0115655977,0.0026292393,-0.0390114933,-0.0085518006,0.0022024601
7.4499721527,0.0062690410,0.0017597507,0.0025573564,-0.0133514283,-0.0136813819,-0.0052394103
7.4596862793,0.0025198788,0.0065051299,-0.0013665367,0.0069320044,-0.0145999063,-0.0105540147
7.4697542191,-0.0022066354,0.0046051573,-0.0003839541,0.0101195155,-0.0135453623,-0.0158634931
7.4798321724,-0.0010229915,-0.0002472271,-0.0032793689,-0.0026444821,-0.0179150775,-0.0179860331
7.4902410507,0.0000858710,-0.0032635052,-0.0003547479,-0.0176670551,-0.0095157335,-0.0116074951
7.5000090599,0.0060671675,0.0004637073,-0.0032745409,-0.0187213998,-0.0105583603,-0.0073605524
7.5100450516,0.0101095093,0.0100976955,-0.0042683291,-0.0037674056,-0.0114901336,-0.0073635476
7.5201611519,0.0082732243,0.0111228060,-0.0081535392,0.0122592319,-0.0134930965,-0.0105540147
7.5304727554,0.0025000826,0.0092860740,-0.0071660685,0.0079384400,-0.0081901439,-0.0052418737
7.5402560234,0.0006027551,0.0073863994,-0.0052003074,0.0004504304,-0.0060918401,0.0011318693
7.5503139496,0.0016564683,0.0063885879,-0.0042208838,-0.0048733624,-0.0071714185,0.0053795446
7.5603733063,0.0017002032,0.0053550582,0.0006351661,-0.0112846559,-0.0061386451,0.0096288845
7.5707139969,0.0026871071,0.0042730700,0.0025695155,-0.0156075526,-0.0008705128,0.0096322140
7.5805568695,0.0016827465,0.0041262936,0.0015677403,-0.0124157537,0.0002323021,0.0117555521
7.5905961990,0.0006493360,0.0040097367,0.0015426468,-0.0113782128,0.0034380157,0.0138809541
7.6006412506,0.0015919388,0.0038882475,0.0005407523,-0.0102578206,-0.0018576800,0.0138780242
7.6109943390,0.0055028605,0.0028500389,-0.0023687291,-0.0016962113,-0.0038849446,0.0170608349
7.6207771301,0.0055503133,0.0028953087,-0.0023568678,0.0079825148,-0.0112280790,0.0170547087
7.6308379173,0.0046239602,0.0030602049,0.0044801426,0.0196849778,-0.0079695676,0.0128055029
7.6409120560,0.0017468587,0.0042987000,0.0025770259,0.0293088444,-0.0100284573,0.0096166339
7.6512598991,-0.0011283278,0.0016809831,0.0016592335,0.0324757956,-0.0068521723,0.0043084878
7.6610350609,-0.0030631393,-0.0049183536,-0.0021918821,0.0121167265,0.0014795271,0.0075032162
7.6711368561,-0.0040710908,-0.0097306538,-0.0012110282,-0.0049671326,0.0024124323,0.0106931496
7.6811652184,-0.0021852299,-0.0079286415,0.0026646447,-0.0241946224,0.0043943571,0.0149462176
7.6915450096,-0.0002873062,-0.0023104418,0.0065117669,-0.0209453292,0.0002048716,0.0191916302
7.7013320923,0.0016672343,0.0063596796,0.0064799977,0.0025964845,-0.0059422366,0.0213061795
7.7113990784,0.0026845962,0.0074874740,0.0065097404,0.0239790305,-0.0100415740,0.0149281090
7.7214651108,-0.0001688569,0.0028581899,-0.0002579499,0.0271569826,-0.0079193003,0.0106811663
7.7318181992,-0.0030622825,-0.0066384245,-0.0011775304,0.0132400217,-0.0037958622,0.0106861601
7.7416000366,-0.0020703792,-0.0085299332,0.0007848929,-0.0081132026,-0.0029212800,0.0106920190
7.7516679764,-0.0040280712,-0.0056853313,0.0036854935,-0.0124039557,-0.0008362248,0.0106938155
7.7617039680,0.0008953096,-0.0047856439,0.0007625412,-0.0037928913,-0.0081956042,0.0096261548
7.7720770836,0.0019380555,-0.0028257687,0.0036990237,0.0015486907,-0.0081440052,0.0106885564
7.7818670273,-0.0009670674,-0.0027721394,0.0066234660,0.0057729967,-0.0038834799,0.0075042145
7.7918910980,-0.0068013933,-0.0007834901,-0.0002142001,0.0100445738,-0.0049187178,0.0053766817
7.8019742966,-0.0087500336,-0.0017152746,-0.0021565962,0.0025437810,-0.0017871063,0.0075037489
7.8123111725,-0.0097468318,-0.0085393358,-0.0011723448,-0.0124481907,0.0033941402,0.0085721416
7.8221368790,-0.0058692214,-0.0096833576,0.0007494282,-0.0230880529,0.0001109953,0.0075114053
7.8321719170,-0.0019505068,-0.0069394726,0.0007322620,-0.0134518035,-0.0029739442,0.0096306819
7.8423070908,0.0010300309,-0.0011265447,-0.0021945643,0.0090314010,-0.0102190739,0.0074977567
7.8526601791,0.0001186908,0.0000630002,0.0007608723,0.0303543992,-0.0079254927,0.0053708898
7.8623690605,-0.0007630333,-0.0005919505,-0.0030651498,0.0378301591,-0.0089835664,-0.0041877283
7.8725070953,0.0003288419,-0.0061125476,-0.0058988142,0.0260896403,-0.0091209188,-0.0094936108
7.8825101852,-0.0015389740,-0.0127376039,-0.0048866677,0.0067939730,-0.0008283681,-0.0137317656
7.8928809166,0.0004365698,-0.0118030030,-0.0029388475,-0.0145678278,0.0011491621,-0.0073549598
7.9026412964,-0.0025252744,-0.0071613807,-0.0059202123,-0.0221021771,0.0074430108,-0.0084117018
7.9127058983,-0.0025942519,-0.0005958249,-0.0020929980,-0.0263596661,0.0063445899,-0.0084110359
7.9228439331,-0.0036026656,0.0020930897,-0.0021346617,-0.0167315379,0.0043410938,-0.0031054860
7.9330949783,-0.0046115336,0.0058894437,0.0007428121,-0.0049819397,0.0034393475,0.0053841388
7.9429631233,-0.0036588579,0.0058864336,-0.0011949349,0.0067889662,0.0003657932,0.0064414134
7.9529771805,-0.0007189109,0.0069869589,-0.0050622630,0.0174733549,-0.0006099888,0.0053774808
7.9630451202,0.0022200227,0.0033278447,-0.0079219155,0.0238553546,0.0015748683,0.0064387508
7.9734067917,0.0070918384,0.0026093703,-0.0049359608,0.0206607599,0.0004730520,0.0043144133
7.9831790924,0.0070756632,0.0008774679,-0.0000356246,0.0163911805,0.0004219194,0.0021918742
7.9933152199,0.0060604024,-0.0028688181,0.0029170106,0.0120360861,0.0088375751,-0.0031113455
8.0033130646,0.0050095501,-0.0018115063,0.0019467663,0.0055795182,0.0140797412,-0.0041688867
8.0137090683,0.0019544021,0.0020986777,0.0009516071,0.0023760814,0.0140525103,-0.0041688196
8.0234451294,-0.0020645007,-0.0008534361,-0.0029693055,-0.0040490609,0.0161047429,-0.0062897615
8.0335817337,-0.0022392243,0.0000153463,0.0018635582,-0.0179239698,0.0170842521,0.0000869116
8.0435800552,-0.0004241659,0.0047101360,0.0027986956,-0.0157455057,0.0128796538,0.0032696554
8.0539922714,0.0004667745,0.0094778370,0.0056886864,-0.0038873004,0.0013600178,0.0106930835
8.0637130737,0.0014186755,0.0075692367,0.0076460433,0.0068180752,-0.0017020847,0.0149360318
8.0738525391,0.0043804231,0.0077189188,0.0086497851,0.0207011867,-0.0026347237,0.0159935728
8.0838470459,0.0033943385,0.0040781628,0.0087086149,0.0260362979,-0.0025950428,0.0149304392
8.0941934586,0.0053827944,-0.0015037527,0.0029252362,0.0217332412,0.0004946901,0.0064392835
8.1040229797,0.0043828818,-0.0052325446,0.0010131787,0.0067604170,0.0035333568,0.0043210047
8.1140499115,0.0003595457,-0.0101174433,0.0058677983,-0.0146605847,0.0107611101,0.0022054561
8.1241798401,-0.0017070442,-0.0064686555,0.0058013392,-0.0306557976,0.0095741386,0.0043325229
8.1346597672,-0.0027722686,-0.0009655227,0.0057072830,-0.0285044163,0.0074438099,0.0000829834
8.1443223953,-0.0008501455,0.0016631762,0.0066293073,-0.0294964425,0.0000143892,0.0011413236
8.1543292999,-0.0018139526,0.0023672413,0.0075625968,-0.0209315568,-0.0019927020,0.0075101405
8.1644210815,-0.0017948865,0.0021940451,0.0075342846,-0.0134190470,-0.0061714682,0.0075061452
8.1747283936,-0.0017281442,0.0021234732,0.0075277281,-0.0048616445,-0.0082185734,0.0075026164
8.1845903397,-0.0016636818,0.0011879037,0.0075376821,0.0058107073,-0.0081115142,0.0096235583
8.1945886612,-0.0015953004,0.0012784580,0.0056086970,0.0132696880,-0.0070136264,0.0053756833
8.2047271729,-0.0005681484,-0.0005054046,0.0046782685,0.0154050104,-0.0069811353,0.0074987551
8.2149438858,0.0024774999,-0.0062314738,0.0047350717,0.0058521470,-0.0123906815,0.0043129483
8.2248001099,0.0045270878,-0.0071426500,0.0086594410,0.0047738329,-0.0113459239,0.0032519454
8.2349338531,0.0075812298,-0.0090597738,0.0057604504,0.0037034014,-0.0113682942,0.0011278079
8.2449274063,0.0067189592,-0.0080885310,-0.0000709106,0.0036586598,-0.0071519772,-0.0031172710
8.2553110123,0.0039032951,-0.0080575962,-0.0030008960,0.0047877068,-0.0135221928,-0.0052446704
8.2650604248,0.0030863092,-0.0100180227,-0.0020121741,-0.0026944438,-0.0125472089,-0.0084276795
8.2751579285,0.0032369599,-0.0071597863,-0.0039623189,-0.0037389351,-0.0146861272,-0.0094896164
8.2851953506,0.0044002044,-0.0023677815,-0.0068880129,-0.0026627528,-0.0157585815,-0.0126758218
8.2955369949,0.0025811598,-0.0043259431,-0.0098073296,0.0047558825,-0.0103748022,-0.0105510848
8.3052825928,0.0036681325,-0.0052669067,-0.0097766928,0.0026226910,-0.0103795957,-0.0084269475
8.3154287338,-0.0021385818,-0.0013549795,-0.0088213496,0.0014918065,-0.0040158392,-0.0073618162
8.3254642487,-0.0050454554,-0.0003542026,-0.0059160995,0.0035941051,-0.0008141869,-0.0073607517
8.3358840942,-0.0021336942,-0.0022508223,-0.0029669213,-0.0006829584,0.0002443530,-0.0020503418
8.3456039429,0.0017566115,-0.0032086391,-0.0000379492,-0.0039349450,0.0055560274,0.0032621317
8.3557338715,-0.0012582883,-0.0003491213,0.0018833469,-0.0082583195,0.0108029870,0.0000804533
8.3657321930,0.0005896122,0.0015184561,0.0008858632,-0.0050579989,0.0108171022,-0.0020439504
8.3761425018,0.0015076131,0.0024891924,-0.0030097174,0.0045989687,0.0055676792,-0.0062956205
8.3858661652,0.0024659813,-0.0003767778,-0.0029876041,0.0046309261,0.0023846691,-0.0062972186
8.3959865570,0.0034378797,-0.0003656019,0.0018801283,-0.0049200477,-0.0029828658,-0.0031126768
8.4060049057,0.0044618133,-0.0004198720,0.0038252068,-0.0102461027,-0.0041043228,-0.0052354829
8.4163436890,0.0055175680,-0.0005102326,0.0018797707,-0.0059660301,-0.0051212506,-0.0041751452
8.4262037277,0.0036200464,0.0013861934,0.0038137627,-0.0006202664,-0.0061425734,-0.0052388115
8.4361991882,0.0017578558,0.0043198746,0.0057472778,0.0079765506,-0.0124752373,-0.0116152847
8.4463357925,0.0018878684,0.0054038595,0.0067545366,0.0154256783,-0.0102810590,-0.0105542811
8.4566221237,0.0000284345,0.0065213870,0.0048335386,0.0153916683,-0.0070973160,-0.0105534159
8.4664697647,-0.0048003164,0.0037122499,0.0058174920,0.0036010556,-0.0018809827,-0.0084242187
8.4764966965,-0.0058047366,0.0007302146,0.0087344237,-0.0167139620,0.0022204185,-0.0031078830
8.4865932465,-0.0048817513,0.0024547707,0.0096518584,-0.0274124146,0.0053725364,0.0064525991
8.4968795776,-0.0039630127,0.0070513617,0.0066719246,-0.0241730250,0.0022437877,0.0106988093
8.5067405701,-0.0010704591,0.0058603417,0.0056703878,-0.0220052116,-0.0008998076,0.0138820857
8.5167427063,0.0018740029,0.0027045291,0.0075982404,-0.0262117535,-0.0072810743,0.0170640964
8.5268764496,0.0048602703,-0.0004519691,0.0075761867,-0.0240364857,-0.0115272189,0.0138760265
8.5371599197,0.0069242450,-0.0026613791,0.0056017828,-0.0282899775,-0.0126484092,0.0106932838
8.5470113754,0.0070257518,-0.0048754979,0.0046008420,-0.0283027589,-0.0116151031,0.0064466065
8.5570068359,0.0042445022,-0.0012365450,0.0045539928,-0.0239748321,-0.0179849193,0.0000710658
8.5671443939,0.0054139826,0.0015285889,0.0055052829,-0.0057825120,-0.0231591724,-0.0041833343
8.5774030685,0.0027374581,0.0015009771,0.0035709334,0.0048853392,-0.0230931938,-0.0084336726
8.5872602463,-0.0018997758,0.0025530290,0.0006620478,0.0123760123,-0.0251568761,-0.0094984043
8.5972757339,-0.0036495894,0.0026642215,-0.0002783943,0.0101478780,-0.0156129729,-0.0073691402
8.6074047089,-0.0025268241,0.0036867987,-0.0012349297,0.0005138926,-0.0124861561,-0.0031179364
8.6176872253,-0.0043788594,0.0007123481,-0.0051407027,-0.0101566212,-0.0125369560,0.0032546751
8.6274776459,-0.0032929450,0.0005725007,-0.0032030153,-0.0197687671,-0.0115252212,0.0085666161
8.6375484467,-0.0032205924,0.0023475718,-0.0032255459,-0.0123426765,-0.0071941884,0.0117512904
8.6476812363,-0.0031323030,0.0081389081,-0.0051792669,0.0037180483,-0.0123524647,0.0128064351
8.6579742432,-0.0010825365,0.0063380878,-0.0061087417,0.0250489302,-0.0111260135,0.0096164346
8.6677160263,0.0019831762,0.0027183127,-0.0118778162,0.0336040705,-0.0132149970,0.0032424245
8.6778230667,0.0010967732,-0.0047365297,-0.0088864975,0.0282155871,-0.0079709664,0.0011233471
8.6879491806,0.0011569962,-0.0084328074,-0.0098090582,0.0100328559,-0.0038715627,0.0032536096
8.6982221603,0.0021427900,-0.0113474894,-0.0078539662,-0.0092182038,0.0001904906,0.0011372622
8.7080850601,0.0031148300,-0.0095479656,-0.0088562183,-0.0177855939,0.0033197049,0.0043263976
8.7180824280,0.0020461262,-0.0057976563,-0.0011089850,-0.0156963430,0.0075761024,0.0032655275
8.7282180786,-0.0009721487,-0.0030218679,0.0017753433,-0.0082381601,0.0086885048,0.0011405912
8.7385425568,-0.0039767590,-0.0011083503,-0.0002034117,0.0056544328,0.0066597080,-0.0031108793
8.7483167648,-0.0030304685,-0.0000199993,-0.0050525474,0.0206267238,0.0036141174,-0.0020544033
8.7583370209,0.0008779348,-0.0027095843,-0.0030460763,0.0227700360,0.0025509833,-0.0052408753
8.7684183121,0.0018326596,-0.0054293592,-0.0020362544,0.0153336916,-0.0006765015,-0.0020552021
8.7787599564,0.0038069889,-0.0062629450,-0.0019983458,0.0099839866,0.0003035418,-0.0073626153
8.7885847092,0.0067471373,-0.0091210920,0.0009584617,0.0025156839,0.0002590669,-0.0041753445
8.7986221313,0.0048162225,-0.0071750451,0.0028969240,-0.0027862955,-0.0029782713,-0.0052366145
8.8087558746,-0.0000430911,-0.0042900313,0.0038410018,-0.0027878936,-0.0029990440,-0.0084220208
8.8190259933,0.0009907291,-0.0042709727,0.0067759943,0.0046773190,-0.0029748094,-0.0147952326
8.8288898468,-0.0009001314,-0.0012963434,0.0067762923,0.0089548882,-0.0040193014,-0.0179822370
8.8388881683,-0.0018429428,-0.0060708243,0.0067937565,0.0067716022,0.0012797901,-0.0158543047
8.8490066528,-0.0028144314,-0.0080324132,0.0058161211,-0.0081783189,0.0022172227,-0.0147882411
8.8593072891,0.0020848170,-0.0052114148,0.0067918492,-0.0103030428,0.0011877780,-0.0073573557
8.8691530228,0.0050062942,0.0005669873,0.0077563119,-0.0017436426,-0.0008458118,-0.0052369470
8.8791580200,0.0031349093,0.0073953997,0.0058012200,0.0090353694,-0.0113844061,-0.0084293447
8.8892011642,-0.0016063720,0.0055930447,0.0067975116,0.0207833722,-0.0123567265,-0.0105564119
8.8995332718,-0.0024257272,0.0048399400,0.0048958254,0.0218765214,-0.0155354096,-0.0116220098
8.9093627930,-0.0032425269,0.0030696820,0.0059154821,0.0133272400,-0.0145697473,-0.0148047525
8.9194250107,-0.0021143376,-0.0017261674,0.0078906007,-0.0016398849,-0.0115117719,-0.0137361595
8.9295263290,0.0009614557,-0.0047294516,0.0088787861,-0.0144448970,-0.0116167013,-0.0126711614
8.9397840500,0.0030500994,-0.0019917507,0.0069226217,-0.0176212769,-0.0137608787,-0.0116084935
8.9515237808,0.0031979114,0.0026646536,0.0059060645,-0.0197651200,-0.0127046686,-0.0094838236
8.9613962173,0.0014066726,0.0054369550,0.0039286804,-0.0037291618,-0.0157610457,-0.0116136866
8.9704399109,0.0025839463,0.0093400907,0.0039455486,0.0101222051,-0.0135178640,-0.0116160829
8.9807767868,0.0037375048,0.0065567028,0.0020445180,0.0176333301,-0.0176747926,-0.0084357364
8.9905242920,0.0029551864,0.0057520848,0.0011131953,0.0187228303,-0.0197736304,-0.0063134637
9.0001306534,0.0021913305,0.0049254578,0.0001794290,0.0144677116,-0.0208586678,-0.0041887276
9.0102462769,0.0033632026,0.0079926383,-0.0007552911,0.0155156655,-0.0186996441,0.0000592811
9.0203256607,0.0035394833,0.0071358513,-0.0036337185,0.0123064499,-0.0176747255,-0.0009999911
9.0300769806,0.0027136684,0.0013772825,-0.0045710611,0.0026596813,-0.0135146026,-0.0009954637
9.0401372910,0.0018657849,0.0013565103,-0.0045797634,-0.0048114164,-0.0135580786,0.0021908088
9.0501995087,0.0019634620,0.0012740175,-0.0026320624,-0.0101582455,-0.0125506045,0.0011308705
9.0605316162,0.0020673529,-0.0007753987,-0.0055561471,-0.0080551216,-0.0093207899,0.0053786794
9.0703086853,0.0031198293,0.0010996739,-0.0065402794,-0.0048622573,-0.0082041258,0.0096256230
9.0806341171,0.0051403078,0.0040182155,-0.0065343189,0.0047521805,-0.0091811065,0.0096225590
9.0906333923,0.0081723509,0.0011729131,-0.0084507875,0.0133073190,-0.0112700900,0.0032485498
9.1010637283,0.0082174493,0.0003153215,-0.0103645734,0.0132126445,-0.0017428310,0.0000689351
9.1105823517,0.0033456862,-0.0005551000,-0.0113372020,0.0078663491,-0.0007284330,0.0000707994
9.1207132339,0.0033238411,-0.0005124827,-0.0132847242,0.0003534378,0.0034575900,0.0011362635
9.1307182312,0.0013110370,-0.0005400051,-0.0113562159,-0.0082144840,0.0065798797,0.0032635964
9.1411533356,0.0012041733,0.0013122390,-0.0074745822,-0.0135786226,0.0097363917,0.0064525986
9.1509809494,-0.0018576204,0.0021426361,-0.0055863070,-0.0157016963,0.0086636711,0.0075144013
9.1610431671,-0.0058829305,0.0039752703,-0.0056317258,-0.0114638880,0.0118977465,0.0096386056
9.1711330414,-0.0040577021,0.0029602777,-0.0027213502,0.0003080834,0.0088380408,0.0128194848
9.1814556122,-0.0002600371,0.0020336639,-0.0027060320,0.0078033647,0.0067869406,0.0138796223
9.1912269592,0.0045414153,0.0002017449,-0.0026647856,0.0099365562,0.0067917351,0.0117554851
9.2013483047,0.0015248836,0.0002908389,-0.0055832672,0.0099293664,0.0067729596,0.0085680811
9.2113027573,-0.0005373254,-0.0015687813,-0.0016861964,0.0045825373,0.0077804327,0.0075081429
9.2217769623,0.0003214584,-0.0024863947,0.0022168946,0.0002951398,0.0098642902,0.0075111389
9.2315759659,-0.0007439598,-0.0014617016,0.0051326347,0.0067394571,0.0056623546,0.0053838054
9.2416496277,0.0011866644,-0.0023227204,0.0032128883,0.0142729543,-0.0006525330,0.0032554076
9.2516508102,0.0021633164,-0.0041304845,0.0061649871,0.0132042281,-0.0006826269,0.0000702669
9.2620029449,-0.0007910102,-0.0010945966,0.0051921797,0.0131246801,0.0067319470,-0.0020510077
9.2718067169,-0.0028152510,-0.0009648819,0.0051948023,0.0099227615,0.0066970587,-0.0031120109
9.2818756104,-0.0067935330,-0.0028675068,0.0051977825,-0.0018399423,0.0087175993,-0.0031090816
9.2919454575,-0.0059101922,-0.0048487652,0.0071360660,-0.0061159143,0.0097828638,0.0032633303
9.3022727966,-0.0049955440,-0.0019627381,0.0080849119,-0.0039219214,0.0045084069,0.0053856699
9.3120784760,-0.0021118193,-0.0019785631,0.0100469179,-0.0007093493,0.0034822910,0.0064461408
9.3221483231,-0.0021705970,-0.0019404908,0.0129618235,0.0046540163,0.0003331695,0.0043184748
9.3322143555,0.0027371675,-0.0028622467,0.0090989061,0.0079177208,-0.0060256608,0.0011290731
9.3425607681,0.0067355442,-0.0047145952,0.0091502257,0.0079640336,-0.0102638816,0.0021898765
9.3523168564,0.0097849993,-0.0065774787,0.0091878958,0.0090604573,-0.0134721911,-0.0031209991
9.3624515533,0.0060711610,-0.0055200029,0.0082278438,0.0101747755,-0.0187870618,-0.0063109333
9.3725137711,0.0013769970,-0.0024931300,0.0072549772,0.0144523457,-0.0198315550,-0.0094979387
9.3827981949,-0.0023255616,-0.0023660529,0.0053435159,0.0166077223,-0.0219846535,-0.0169308875
9.3926134109,-0.0020695745,-0.0031893868,0.0014824461,0.0155411260,-0.0219870508,-0.0158688184
9.4026565552,0.0000953854,-0.0050502438,0.0015274476,0.0005155168,-0.0136221936,-0.0147994263
9.4128208160,-0.0017174676,-0.0031536240,0.0015161227,-0.0059064291,-0.0115284175,-0.0105495546
9.4230928421,0.0003805638,-0.0012626370,-0.0013962198,-0.0037477762,-0.0136115402,-0.0073652128
9.4329223633,0.0014906258,0.0006513725,-0.0043207812,0.0015782788,-0.0124900844,-0.0052424064
9.4429264069,0.0035419271,0.0045652520,-0.0062445211,0.0079791332,-0.0124192443,-0.0031214650
9.4530525208,0.0007393018,0.0056259017,-0.0062355208,0.0090025859,-0.0081797587,-0.0052432055
9.4633388519,0.0027722970,0.0017987619,-0.0071796584,0.0047021396,-0.0050411560,-0.0063021448
9.4731874466,0.0028445676,-0.0001523216,-0.0100893192,-0.0038567269,-0.0030006419,-0.0073607517
9.4831991196,0.0028739378,-0.0012222995,-0.0120535903,-0.0123892548,-0.0030341314,-0.0009873412
9.4932699203,0.0038712502,0.0025654715,-0.0091578178,-0.0113556823,0.0001374271,-0.0041714162
9.5036067963,0.0058021205,0.0063909572,-0.0091707520,-0.0006964076,0.0013063551,-0.0020508079
9.5133934021,0.0028602064,0.0064630639,-0.0052698064,0.0110729001,-0.0017879715,-0.0041789399
9.5235357285,-0.0000753670,0.0036437344,-0.0052513289,0.0120987501,0.0024577728,-0.0052382126
9.5335206985,0.0008400113,-0.0020837504,-0.0042457390,0.0077897552,0.0066921990,-0.0009878073
9.5439453125,0.0027052418,0.0008487980,-0.0062037515,-0.0029330635,0.0119389584,0.0043261983
9.5536556244,0.0015881017,0.0027264040,-0.0062428522,-0.0093347700,0.0118968813,0.0064514005
9.5637931824,0.0043737697,0.0026723873,-0.0004053522,-0.0060882969,0.0077155186,0.0117574157
9.5737895966,0.0072131935,0.0055675637,0.0044645262,-0.0007212283,0.0045721894,0.0106926840
9.5841598511,0.0071635949,0.0065672826,0.0054258895,0.0056832219,0.0046275165,0.0106916856
9.5939378738,0.0002276853,0.0076335799,0.0054193926,0.0120540364,0.0078664534,0.0106916856
9.6040344238,-0.0037496581,0.0058161896,0.0024947119,0.0152620794,0.0068063820,0.0064424789
9.6140708923,-0.0018727526,-0.0008346309,0.0044962359,0.0099466760,0.0046239216,0.0043191407
9.6244821548,0.0049088928,-0.0066202898,0.0064830375,-0.0039231470,0.0045373021,0.0096316813
9.6341657639,0.0058282274,-0.0027693380,0.0064564538,-0.0049567195,0.0013657436,0.0128157558
9.6443433762,0.0028457150,0.0020209085,0.0034967256,-0.0081570931,0.0013160758,0.0096320808
9.6541385651,-0.0011301085,0.0038805138,0.0044365716,-0.0092444606,0.0034426099,0.0117570171
9.6645011902,-0.0021767735,0.0037969183,0.0063711000,-0.0081560276,0.0013299242,0.0117556853
9.6742763519,-0.0012135177,0.0027925950,0.0073418808,0.0004454497,-0.0049546035,0.0128121609
9.6846771240,-0.0002123683,0.0019064079,0.0073566628,0.0121927867,-0.0058982279,0.0149313044
9.6946268082,-0.0011802956,-0.0018552562,0.0093325563,0.0089487899,-0.0016821774,0.0149342343
9.7048120499,-0.0011801317,-0.0037020165,0.0093481727,0.0057673510,-0.0038672348,0.0096254228
9.7148036957,-0.0011321947,-0.0046613682,0.0044887257,-0.0016695261,-0.0071016438,0.0117492937
9.7247972488,-0.0020970672,-0.0056350548,0.0054652882,-0.0017280895,-0.0018231920,0.0075036152
9.7349348068,-0.0030449301,-0.0017726739,0.0044734073,-0.0006087627,-0.0071327360,0.0053770812
9.7450962067,-0.0009797781,-0.0047046710,0.0015788268,-0.0027067475,-0.0103430431,0.0043159444
9.7550687790,0.0010728941,-0.0066779573,0.0035336805,-0.0027094111,-0.0103776641,-0.0009930669
9.7651157379,0.0041259709,-0.0038019288,0.0006237816,-0.0016222550,-0.0124970088,-0.0020564671
9.7751779556,0.0042752060,0.0010726879,-0.0022916603,0.0058588306,-0.0134858405,-0.0009970616
9.7854022980,0.0034232840,-0.0037123282,-0.0022692489,0.0069472645,-0.0155985253,-0.0009983932
9.7953395844,0.0025916875,-0.0046456773,-0.0051635909,0.0037245732,-0.0135044819,-0.0009965291
9.8053092957,0.0007557602,-0.0065829474,-0.0051684785,-0.0037653018,-0.0114553124,-0.0020547360
9.8154735565,-0.0001341297,-0.0046930779,-0.0022581625,-0.0080854818,-0.0061668078,0.0011343994
9.8257312775,-0.0000993355,-0.0018569400,-0.0071349549,-0.0049507534,0.0002139264,-0.0009874078
9.8355741501,0.0008485944,0.0000691841,-0.0052039432,-0.0028697597,0.0055375854,-0.0009852771
9.8456115723,-0.0021339699,0.0029679965,-0.0071611810,0.0013851458,0.0066298144,-0.0020484775
9.8557415009,-0.0012132495,0.0030067693,-0.0081354789,0.0045961197,0.0055829259,-0.0041734139
9.8660182953,0.0007045151,0.0001227687,-0.0071412134,0.0003492823,0.0034235015,-0.0041732807
9.8758764267,0.0036069930,-0.0037642736,-0.0051768231,-0.0039160354,0.0034277625,0.0021985986
9.8858757019,0.0065346691,0.0010851602,-0.0012891103,0.0004163682,-0.0028938495,0.0032559400
9.8959445953,0.0065301317,0.0040434431,-0.0032350826,0.0089113191,0.0014316569,0.0043177423
9.9063272476,0.0025796995,0.0041710567,-0.0061438489,0.0184515864,0.0078744423,0.0032569389
9.9160757065,0.0044635716,-0.0005197097,-0.0061064172,0.0163247865,0.0067532519,-0.0031138752
9.9261379242,0.0034085840,-0.0013838877,-0.0051320600,0.0067129065,0.0077435486,-0.0009866753
9.9362525940,0.0023197115,-0.0042773504,0.0007207583,-0.0050814347,0.0129114119,-0.0062900940
9.9467630386,0.0002170310,-0.0004751851,0.0035916758,-0.0125741865,0.0149829518,-0.0041644922
9.9563407898,0.0000661642,0.0023361128,0.0025857282,-0.0093610827,0.0139637599,-0.0020422190
9.9666137695,-0.0029938116,0.0032411795,0.0025506807,-0.0029078443,0.0098155541,0.0043265307
9.9765233994,-0.0001770451,0.0042079668,0.0025554490,0.0003377507,0.0056202766,0.0075090080
9.9868268967,0.0036692426,0.0081214886,0.0006002377,0.0035707224,0.0025151640,0.0149377631
9.9966201782,0.0016485408,0.0071936082,0.0064459634,-0.0006866073,0.0014238005,0.0160000976
10.0067234039,-0.0003841712,0.0052240621,0.0103264637,-0.0060418779,0.0034986027,0.0160030946
10.0168523788,0.0005448640,0.0051914435,0.0112911053,-0.0049555739,0.0013582201,0.0117545528
10.0273666382,-0.0004794493,0.0041992646,0.0112846680,0.0014328966,0.0024551097,0.0085673481
10.0367860794,-0.0005264028,0.0062077176,0.0103164501,0.0099379681,0.0057126880,0.0085668154
10.0469360352,0.0004151420,0.0014869402,0.0074395728,0.0185262896,0.0004616005,0.0053764819
10.0570545197,0.0033692375,-0.0032364000,0.0084541030,0.0110814217,-0.0016771841,0.0128098968
10.0673732758,0.0063146087,-0.0011887123,0.0114011355,0.0079384129,-0.0069835326,0.0170563068
10.0772047043,0.0073866951,0.0018028448,0.0065403772,0.0122793652,-0.0144009683,0.0128043052
10.0873470306,0.0065308618,-0.0019860435,0.0085189529,0.0058964342,-0.0165854935,0.0117427018
10.0973310471,0.0056856233,-0.0087754149,0.0134134479,-0.0047865696,-0.0156315491,0.0096222926
10.1076164246,0.0048754844,-0.0069231559,0.0046420884,-0.0037293211,-0.0145686148,0.0085612228
10.1174840927,0.0040422860,-0.0021221805,-0.0012134124,-0.0037325174,-0.0146101592,0.0021904092
10.1274976730,0.0022156939,-0.0050608534,-0.0021841931,-0.0027130321,-0.0104048299,-0.0052408092
10.1375026703,0.0013390139,-0.0060666967,-0.0002308298,-0.0048669968,-0.0082806917,-0.0020538040
10.1479377747,0.0004518286,-0.0041595269,-0.0012056638,-0.0016406318,-0.0103618186,0.0000688686
10.1577672958,-0.0023945242,-0.0032324661,-0.0021968293,-0.0038057808,-0.0071836025,0.0021946039
10.1677265167,-0.0043025208,-0.0022778828,-0.0012345720,-0.0038189907,-0.0060861139,0.0075022839
10.1778936386,-0.0022863864,-0.0032720286,-0.0021951604,-0.0037849024,-0.0092414273,0.0117478948
10.1881732941,-0.0002963140,-0.0032827277,0.0007341098,-0.0027582804,-0.0050030733,0.0096272863
10.1979570389,0.0007627935,-0.0033084918,-0.0060843038,-0.0016932813,-0.0050214492,0.0053798109
10.2080249786,0.0008176670,-0.0043312330,-0.0099763088,-0.0059694136,-0.0051129283,-0.0031147408
10.2181072235,-0.0040755239,-0.0063909162,-0.0070822644,-0.0199597962,0.0064300112,-0.0041672220
10.2284412384,-0.0061030504,-0.0066025276,-0.0042111087,-0.0242487378,0.0085286479,-0.0020415534
10.2382946014,-0.0042196703,-0.0019360204,-0.0023129988,-0.0135662677,0.0075677796,-0.0009829469
10.2482948303,-0.0033024445,-0.0030241329,-0.0023367216,-0.0071312962,0.0044263816,-0.0031092814
10.2583465576,-0.0023700937,-0.0020624567,-0.0003895570,0.0035415879,0.0045403647,0.0000734626
10.2687101364,-0.0004137426,-0.0039743353,-0.0032978463,0.0024967762,0.0023873320,-0.0031118111
10.2785596848,-0.0004340231,-0.0058985967,-0.0013440062,-0.0007365681,0.0055423789,-0.0031094144
10.2885541916,-0.0014515340,-0.0068970937,0.0006007742,-0.0060436092,0.0023139622,-0.0031108791
10.2986259460,0.0015255094,-0.0030594338,-0.0023177078,-0.0017234292,-0.0029745430,-0.0063000144
