0.0000000000,-0.0864023715,-0.4712951481,-0.1266845614,-0.0177681185,-2.1668832302,0.8166086078
0.0090399981,-0.1404619664,-0.4087279737,-0.0998732075,-0.2122196257,-2.2597160339,0.6722069383
0.0190839767,-0.1416775435,-0.2173137367,-0.0104780998,-0.5019811392,-2.5207324028,0.7369199395
0.0291600227,-0.1141662896,0.0270826556,0.0947268978,-0.7697233558,-2.8422181606,0.9364423752
0.0392099619,-0.1162391454,0.1189491525,0.0451218896,-0.8765413761,-3.0411272049,1.0053879023
0.0492810011,-0.1906075180,0.0457788445,-0.0876175389,-0.9840118885,-3.0728306770,1.0064611435
0.0595810413,-0.2578198910,-0.0318436287,-0.1903489381,-1.1377342939,-2.9616355896,1.0161125660
0.0697900057,-0.2919352055,-0.0224977992,-0.2479211837,-1.2013870478,-2.7883310318,0.9917938709
0.0794659853,-0.2914369702,0.0450747348,-0.2371595055,-1.1317338943,-2.6066009998,0.9419631362
0.0895600319,-0.2978154719,0.1244091168,-0.1735208780,-0.9784538150,-2.4658133984,0.8474944234
0.0996799469,-0.2783534825,0.1455619633,-0.1490127593,-0.7707591057,-2.2329373360,0.4822981060
0.1096949577,-0.2838595212,0.1334316432,-0.0560286231,-0.5476745963,-1.9432097673,0.0279362183
0.1197299957,-0.3565483987,0.0839789882,0.0154424105,-0.2698514163,-1.9719370604,0.1319068968
0.1300330162,-0.3289023042,0.0924220458,0.0231272969,0.0010485249,-1.9487388134,0.2348441929
0.1398370266,-0.2559245825,0.1317111552,0.0354363136,0.1863914132,-1.8167085648,0.0564829074
0.1500029564,-0.2797237039,0.1305794418,0.0450424962,0.2707318664,-1.6153115034,-0.0889043808
0.1600300074,-0.3066615462,0.1101147905,0.0531997494,0.2841772735,-1.3677189350,-0.2151401341
0.1700680256,-0.3130887151,0.0955328122,0.0700697675,0.2887645662,-1.0860638618,-0.3126861453
0.1801379919,-0.2968356907,0.0907578841,0.0945751444,0.3297718465,-0.8167490959,-0.3985663652
0.1902199984,-0.2656345963,0.0802829638,0.1186780110,0.3813591599,-0.5376799107,-0.4674570262
0.2002149820,-0.2493777275,0.0882647410,0.1042372957,0.4170054197,-0.2626542747,-0.4843184650
0.2103170156,-0.2318589240,0.0983389392,0.0902317539,0.4870843589,-0.0124561517,-0.4491719306
0.2204829454,-0.2109633535,0.0853234902,0.1226113215,0.4971025884,0.1607406735,-0.4257268310
0.2304610014,-0.1873034090,0.0615418889,0.1550971717,0.4650527835,0.2720764875,-0.3948709071
0.2405359745,-0.1586855948,0.0181432106,0.1644773930,0.4429132938,0.3527210057,-0.3650954366
0.2506099939,-0.1396121085,-0.0351355933,0.1721995324,0.3964259326,0.4152794778,-0.3098388314
0.2606819868,-0.1151130348,-0.0545978211,0.1549268812,0.3479987085,0.4599126577,-0.2344153672
0.2707259655,-0.0996438116,-0.0354635380,0.1217284575,0.2409268767,0.4998941422,-0.1430535018
0.2808140516,-0.1077063084,-0.0087422393,0.1137950197,0.1310803741,0.4997849464,-0.0124235880
0.2908279896,-0.0881071240,-0.0111632608,0.1820096225,0.0414684676,0.3968647122,0.1085928455
0.3008140326,-0.0690512359,-0.0244699381,0.2264912575,0.0345157497,0.2435352206,0.1987689435
0.3108290434,-0.0653392971,-0.0299118422,0.2362848967,0.1535888761,0.0793971419,0.2528084815
0.3209170103,0.0011316397,-0.0053811334,0.1573017091,0.2946663797,-0.0466329604,0.2633276880
0.3313349485,-0.0038478067,-0.0053022169,0.0717108026,0.3998629451,-0.1072861850,0.2590242922
0.3412159681,-0.0371258408,-0.0240990184,-0.0054649916,0.4349156022,-0.0910625458,0.2590225041
0.3512760401,-0.0607136637,-0.0254712962,-0.0343544669,0.4377025962,-0.0496416055,0.2611660957
0.3613519669,-0.0728604347,-0.0022071262,-0.0499822684,0.4358309507,0.0298267230,0.2463417202
0.3715250492,-0.0945242494,0.0264766552,-0.1090944037,0.4219419956,0.1355797946,0.2102969140
0.3814719915,-0.1135761291,0.0305224396,-0.1311385781,0.4488229454,0.2217283845,0.2050245106
0.3916330338,-0.0828366131,0.0172289945,-0.0891890749,0.4488479793,0.2196548432,0.2124560624
0.4015959501,-0.0345534235,0.0214180090,-0.0358237810,0.3910771906,0.1279651970,0.2230428606
0.4117100239,-0.0088841161,0.0311732031,-0.0147745218,0.2984274030,0.0019534810,0.2240652442
0.4217200279,-0.0095175197,0.0234733559,-0.0074413028,0.1810601056,-0.1073096916,0.2229779512
0.4318130016,-0.0128613701,-0.0060294531,-0.0076882448,0.0398904644,-0.1838529408,0.2272227556
0.4418560266,-0.0228460878,-0.0407345556,-0.0162436571,-0.0708192736,-0.2113279700,0.2304238677
0.4519790411,-0.0294408053,-0.0468451641,-0.0268396940,-0.0678346679,-0.1901284158,0.2230011076
0.4620150328,-0.0208787769,0.0044803955,-0.0464443155,0.0234776661,-0.1448879689,0.2038868070
0.4720779657,-0.0150651773,0.0568504073,-0.1057799086,0.1282472163,-0.0581970066,0.1773585230
0.4821820259,-0.0532997102,0.0761564150,-0.2122604400,0.1789555550,0.0992186442,0.1668066084
0.4922430515,-0.0933532864,0.0576282479,-0.1150030717,0.3158923388,0.1749890447,0.2124670446
0.5022660494,-0.0296484232,0.0041346289,-0.0591399856,0.5963332653,0.0936859921,0.2240370810
0.5123620033,0.0426801145,0.0362699367,-0.0290962663,0.8942200541,-0.0269376226,0.2026652247
0.5224239826,0.0432349741,0.0896916762,-0.0270247068,1.0691013336,-0.1211293042,0.1685953289
0.5324929953,0.0132721821,0.0291281082,-0.0330148526,1.0388208628,-0.1847066730,0.2227230221
0.5425349474,0.0183301270,-0.0717536435,-0.0294575300,0.7951201797,-0.2500577271,0.2907068729
0.5537910461,0.0090516591,-0.1324677169,-0.0235637035,0.4568143189,-0.2509528100,0.2812361121
0.5625950098,-0.0305567160,-0.1706144512,-0.0116344895,0.1981532872,-0.2142566592,0.2346015722
0.5727449656,-0.0520241261,-0.1297459900,-0.0095294919,0.0643222481,-0.1743611693,0.1858127266
0.5828239918,-0.0629390106,-0.0152375363,-0.0282824840,0.0999984071,-0.1171302944,0.1274327189
0.5928579569,-0.0754710808,0.0838210359,-0.0582289882,0.1626085341,-0.0851518586,0.0658484474
0.6029460430,-0.0829290301,0.0858818665,-0.0788650140,0.2397987694,-0.0181407351,-0.0127106775
0.6130199432,-0.0962042212,0.0347227789,-0.0747630224,0.3403599858,0.0596994683,-0.0891468599
0.6230930090,-0.0956300646,0.0635136142,-0.0703446493,0.5669877529,0.1237441674,-0.1719929427
0.6331360340,-0.0890088826,0.1499123275,-0.0902710781,0.8974269032,0.1589985639,-0.2527559698
0.6432089806,-0.0861648619,0.2035831511,-0.0986578688,1.1861132383,0.2077523172,-0.3228842318
0.6536099911,-0.0830571875,0.1932807267,-0.0794770941,1.2446514368,0.2206577212,-0.3749208152
0.6636559963,-0.0636567771,0.1109483615,-0.0493233986,1.2114058733,0.2362072617,-0.3865840137
0.6733939648,-0.0481014773,0.0186350085,-0.0462362953,1.2089668512,0.2670131326,-0.3780736029
0.6832549572,-0.0294007435,0.0466943718,-0.0415445752,1.2387757301,0.2758992910,-0.3568394184
0.6933180094,-0.0298438370,0.1036671177,-0.0503728576,1.3297959566,0.2483906895,-0.3037863076
0.7033380270,-0.0061991652,0.1254793108,-0.0479520150,1.3348729610,0.1713407785,-0.2475498170
0.7134540081,0.0098120952,0.0849134699,-0.0291461553,1.1736062765,0.0765487552,-0.2486180067
0.7235319614,0.0101736272,-0.0208727978,-0.0056674089,0.9982297421,0.0049928799,-0.2475488186
0.7335590124,0.0459048226,-0.0957212672,-0.0075782146,0.7924523354,-0.0124787875,-0.2103423327
0.7436809540,0.0481709242,-0.0725317225,-0.0251227226,0.5691978335,0.0125955390,-0.1338223815
0.7539700270,0.0187920779,-0.0319410227,-0.0580482073,0.5520055294,0.0265025645,-0.0934627131
0.7638449669,0.0158890933,-0.0146425031,-0.0703360662,0.5293598175,0.0484855622,-0.1093745008
0.7739330530,-0.0058381697,-0.0303436182,-0.0731986389,0.4306444526,0.1005881801,-0.1231267974
0.7839870453,-0.0158056244,-0.0518229268,-0.0691082105,0.3187811971,0.0816064999,-0.1177983508
0.7940219641,-0.0052877357,-0.0216584466,-0.0445251055,0.2290947139,-0.0210836604,-0.1241976544
0.8041080236,-0.0184238702,0.0104679801,-0.0299719181,0.1348208338,-0.0919670165,-0.1284564435
0.8141839504,-0.0263444111,0.0270374753,-0.0221199598,0.0106096733,-0.1530708522,-0.0573148951
0.8242460489,-0.0187642872,0.0086049177,-0.0301988926,-0.1558041722,-0.1562119275,0.0096203275
0.8343169689,-0.0441244245,-0.0243980549,-0.0525414534,-0.2676577270,-0.1762471497,0.0160095170
0.8443720341,-0.0208121389,-0.0174027346,-0.0458851643,-0.2627067566,-0.1415882409,-0.0455595702
0.8544789553,-0.0079961410,0.0032356123,-0.0349630900,-0.1851408631,-0.1104710624,-0.0965300798
0.8644989729,0.0163433850,0.1045425907,-0.0143037643,-0.1091820821,-0.1289503276,-0.1029279158
0.8745950460,0.0174541473,0.0921211615,-0.0078650322,-0.1278087646,-0.1875286996,-0.1114468351
0.8846230507,0.0131422142,0.0057979561,0.0099969301,-0.2104644328,-0.2478226572,-0.1348171383
0.8947319984,0.0366718620,0.0020704011,0.0233065281,-0.3253058195,-0.2878995240,-0.1061394289
0.9048579931,0.0268033892,0.0138300397,-0.0010571086,-0.4349403381,-0.3152329326,-0.0827650651
0.9149060249,0.0278671980,-0.0016500613,-0.0225485172,-0.5595110655,-0.3414275348,-0.0275329668
0.9249420166,0.0420639813,0.0004327038,-0.0326462574,-0.6405090690,-0.3515881300,-0.0126521541
0.9350190163,0.0326482505,-0.0286780261,-0.0648010597,-0.7156682611,-0.3042461872,0.0256153382
0.9450600147,0.0396015048,-0.0227661990,-0.0742864236,-0.6872224212,-0.2655909956,0.0574817248
0.9552819729,0.0398768634,0.0035125355,-0.0759720430,-0.5936362743,-0.2317619473,0.0755254403
0.9651850462,0.0187668055,0.0092950799,-0.0879642591,-0.4658154547,-0.2072799057,0.0786899477
0.9754209518,0.0056845257,-0.0003908536,-0.0916287526,-0.3738543689,-0.2256248146,0.0712248385
0.9855120182,0.0065117339,0.0016000607,-0.0828061923,-0.2895559669,-0.2238082141,0.0743912682
0.9955480099,0.0008087763,0.0307442881,-0.0833795890,-0.2920572162,-0.1854160875,0.1073268428
1.0056370497,-0.0090017607,-0.0032191535,-0.0640565977,-0.2669945359,-0.1299083382,0.1243359223
1.0157189369,-0.0007448933,-0.0081091188,-0.0569875427,-0.1736091971,-0.0758994371,0.1455751657
1.0257589817,-0.0101535907,0.0385448076,-0.0442179032,-0.0074523119,-0.0413959920,0.1699725837
1.0358200073,0.0049334178,0.0424571969,-0.0258228984,0.1183442324,-0.0287220068,0.1550817937
1.0458680391,0.0077501992,0.0055015422,-0.0068395343,0.1362989992,-0.0105459327,0.1518995762
1.0560009480,-0.0008680067,-0.0169638656,-0.0102193560,0.1318184882,0.0094512114,0.1327983141
1.0660450459,-0.0087171486,-0.0005344412,-0.0154814925,0.0558677539,0.0267708134,0.1243321300
1.0761929750,-0.0250669271,-0.0289228819,-0.0379386730,-0.1013149396,0.0584925227,0.1551800519
1.0862610340,-0.0299093872,-0.0427894257,-0.0535473414,-0.2378985584,0.0610156693,0.2369744629
1.0963059664,-0.0196966976,-0.0420591496,-0.0417755432,-0.3202469349,0.0807547495,0.2826625705
1.1062870026,-0.0149224689,-0.0724466667,-0.0237574186,-0.1722665131,0.1170702204,0.2837051451
1.1163840294,0.0168334693,-0.0308161043,-0.0024531686,0.0577752143,0.1647067070,0.2836705446
1.1263970137,0.0046957741,0.0058741309,-0.0082864370,0.0848281384,0.2375127375,0.3474079669
1.1365690231,-0.0133471629,-0.0060869120,0.0030054247,0.0210883059,0.3203926980,0.4504600465
1.1465829611,0.0000397721,-0.0269408487,0.0120467339,0.0297737792,0.4164577127,0.5258943439
1.1566400528,-0.0005342952,-0.0158649944,0.0064884815,0.0795133710,0.4594744146,0.5471391678
1.1667100191,0.0124806101,-0.0630976185,0.0069861808,0.0745982453,0.5218507648,0.5185016394
1.1768180132,0.0142738754,-0.1492061913,0.0068999925,-0.0084196785,0.6048553586,0.5036990047
1.1868319511,-0.0035483455,-0.1187081560,0.0082979593,-0.1084094420,0.6794087887,0.5175659657
1.1968950033,-0.0253991038,-0.0901365504,0.0260671768,-0.1867689639,0.7255371213,0.5367212892
1.2069530487,-0.0236113220,-0.0820358619,0.0475593619,-0.2221262604,0.7389811873,0.5303660631
1.2170269489,-0.0197600275,-0.0535657071,0.0681383982,-0.2201411426,0.7538538575,0.5303729773
1.2270870209,-0.0217545778,-0.0164751671,0.0614436083,-0.2332524508,0.7857592106,0.5590605736
1.2371690273,-0.0311930329,0.0195157863,0.0418757014,-0.1557776332,0.8312857151,0.6025974154
1.2472209930,-0.0287997425,0.0399759151,0.0262142215,-0.0133576579,0.8910355568,0.6248887181
1.2575459480,-0.0323548466,0.0517344214,0.0161244664,0.1003292277,0.9419624209,0.6344414353
1.2673640251,-0.0368065387,0.0382292606,0.0181547198,0.1192049682,0.9749509692,0.6238362193
1.2774419785,-0.0332900584,-0.0326854251,0.0235354099,0.0684906542,1.0296157598,0.6132584214
1.2874339819,-0.0348273367,-0.0754124150,0.0374504142,-0.0300554372,1.0647498369,0.6005588174
1.2975870371,-0.0345177948,-0.0453307889,0.0403460078,-0.0784469396,1.1002937555,0.5836000443
1.3076200485,-0.0529094040,-0.0396526717,0.0134745035,-0.0864271000,1.1499710083,0.5645145178
1.3177069426,-0.0577724874,-0.0378443860,0.0013069308,-0.0142037710,1.1833505630,0.5422150493
1.3277620077,-0.0580173582,-0.0475451611,0.0106853638,0.1639637947,1.1879376173,0.5188127756
1.3378230333,-0.0389680862,-0.0211358331,0.0268361364,0.3915476799,1.1600487232,0.4932579100
1.3478759527,-0.0308740735,0.0160515048,0.0229757819,0.6446234584,1.1440480947,0.4666401446
1.3579620123,-0.0473494530,0.0319139697,0.0071531925,0.8345691562,1.1456657648,0.4602219164
1.3680160046,-0.0657114238,0.0448825695,0.0028347170,0.8941101432,1.1685451269,0.4718978703
1.3781470060,-0.0760718286,0.0140309669,0.0064156447,0.8733654618,1.2162446976,0.4921011627
1.3881349564,-0.0763977468,-0.0276727937,-0.0008324587,0.7638682127,1.2811933756,0.5102124810
1.3982189894,-0.0891111940,-0.0238477252,-0.0057153907,0.6266440749,1.3449568748,0.5463802814
1.4082839489,-0.0770429671,-0.0522437952,-0.0151671376,0.5643967986,1.3805799484,0.5602178574
1.4183299541,-0.0571116060,-0.0631705150,-0.0151560511,0.5122806430,1.3631818295,0.5655313730
1.4284169674,-0.0692530125,-0.0586753152,-0.0239841547,0.5520854592,1.3328883648,0.5856810212
1.4385390282,-0.0724134892,-0.0386985205,-0.0401587673,0.6045601368,1.3153635263,0.5941533446
1.4485280514,-0.0862239748,-0.0333625935,-0.0417930670,0.5779770017,1.3067883253,0.6164531112
1.4586130381,-0.0927716941,-0.0495299958,-0.0388609953,0.5086179376,1.3086367846,0.6674379706
1.4686640501,-0.0872683376,-0.0551886819,-0.0500556417,0.5073691010,1.3267145157,0.6748784184
1.4787440300,-0.0866078287,-0.0443710946,-0.0563902445,0.5264527798,1.3396559954,0.6812508702
1.4888240099,-0.0819387287,-0.0248586200,-0.0541711040,0.5764334798,1.3582210541,0.6950507760
1.4988639355,-0.0877817720,-0.0230093263,-0.0687478408,0.6029108763,1.3798334599,0.7194762230
1.5089989901,-0.0885556489,-0.0397517942,-0.0862558708,0.6316467524,1.3886767626,0.7354004979
1.5190039873,-0.0774682909,-0.0691931471,-0.0912196264,0.6562492847,1.3836554289,0.7460097075
1.5290670395,-0.0671985894,-0.0618014596,-0.0911862478,0.6073545218,1.3653417826,0.7693727016
1.5391650200,-0.0606201440,-0.0710256919,-0.0767992362,0.5138445497,1.3265054226,0.7969838381
1.5491999388,-0.0567292720,-0.0891908035,-0.0730540380,0.3957277834,1.2938275337,0.8256663084
1.5592809916,-0.0574033111,-0.0871344432,-0.0780455694,0.2946648300,1.2634416819,0.8575307727
1.5693500042,-0.0559349209,-0.0735666379,-0.0899966583,0.2255931050,1.2342584133,0.8681512475
1.5797059536,-0.0553600043,-0.0493976735,-0.0898630247,0.2130677253,1.2078014612,0.8957479596
1.5894899368,-0.0458666831,-0.0379778408,-0.0813382491,0.3306539655,1.1898032427,0.9073904753
1.5995520353,-0.0451855510,-0.0286186598,-0.0868998393,0.5130322576,1.2008838654,0.8977935314
1.6095780134,-0.0446359664,-0.0105481409,-0.0947290286,0.6334201097,1.2209378481,0.8829082847
1.6196919680,-0.0548605472,-0.0168893002,-0.1040907726,0.6801068783,1.2490655184,0.9030846953
1.6297470331,-0.0551549643,-0.0291542672,-0.0937097892,0.6256160736,1.2561212778,0.9190287590
1.6398160458,-0.0524397939,-0.0434643887,-0.0756163225,0.5297337174,1.2405599356,0.9392195344
1.6498700380,-0.0455960184,-0.0521702431,-0.0692566261,0.4361614585,1.2069464922,0.9540907145
1.6599799395,-0.0318680257,-0.0551619194,-0.0736177787,0.3105087280,1.1793491840,0.9583560824
1.6699839830,-0.0317441374,-0.0554281138,-0.0865994319,0.1985087842,1.1753807068,0.9881134629
1.6800849438,-0.0353520364,-0.0509960912,-0.0841379985,0.1421858668,1.1527510881,1.0104143620
1.6901619434,-0.0233595222,-0.0466431640,-0.0666371807,0.1157032847,1.1334257126,1.0114743710
1.7002149820,-0.0123644611,-0.0404750369,-0.0597111769,0.1158891767,1.1154509783,1.0210216045
1.7103159428,-0.0052952906,-0.0334834121,-0.0538216420,0.1309860796,1.0996887684,1.0241936445
1.7203550339,-0.0031986972,-0.0343449973,-0.0450772829,0.1331554800,1.0965659618,1.0305624008
1.7304090261,-0.0059769293,-0.0324548148,-0.0467029400,0.0754521042,1.1046264172,1.0422612429
1.7404700518,-0.0145269772,-0.0347255133,-0.0601200052,-0.0334456190,1.1102148294,1.0688365698
1.7505530119,-0.0092444858,-0.0343057178,-0.0598342605,-0.1187354773,1.1033177376,1.1017706394
1.7605960369,-0.0009739539,-0.0234096311,-0.0493271537,-0.1399102807,1.0873200893,1.1176949739
1.7706940174,0.0082087377,-0.0107304715,-0.0425934382,-0.1462382674,1.0798300505,1.1166312695
1.7807480097,0.0037043551,-0.0060834549,-0.0570673533,-0.1686229408,1.0787602663,1.1453050375
1.7908289433,0.0021899203,-0.0250025056,-0.0625999197,-0.1781446338,1.0713318586,1.1580457687
1.8008869886,0.0083842734,-0.0431081317,-0.0697309598,-0.2197717130,1.0720500946,1.1612421274
1.8109140396,0.0009403685,-0.0420815609,-0.0900787935,-0.2806146741,1.0749381781,1.1973592043
1.8210239410,0.0004202583,-0.0258311294,-0.0923358425,-0.3274559677,1.0651936531,1.2302819490
1.8310970068,0.0146019915,-0.0225067995,-0.0854765400,-0.3581806719,1.0437997580,1.2451447248
1.8411469460,0.0277540535,-0.0019195339,-0.0736159310,-0.3898243606,1.0075498819,1.2610616684
1.8512140512,0.0261923522,0.0067162253,-0.0654893145,-0.4386282563,0.9796320796,1.2759251595
1.8613020182,0.0245793909,-0.0014816186,-0.0688212737,-0.4617844224,0.9476107359,1.2780387402
1.8713660240,0.0247334689,0.0047576763,-0.0663538799,-0.4605000019,0.9264127016,1.2801525593
1.8814120293,0.0209072083,0.0399295427,-0.0689714774,-0.4517754912,0.9085333347,1.2928830385
1.8914879560,0.0237629265,0.0380501486,-0.0698189959,-0.4163030982,0.8822337389,1.2801182270
1.9015740156,0.0311810225,0.0245301463,-0.0591657348,-0.4192568362,0.8566378355,1.2641792297
1.9116209745,0.0364287347,0.0352334715,-0.0418022461,-0.4402937591,0.8256194592,1.2546133995
1.9216959476,0.0385754555,0.0477341749,-0.0343375392,-0.4187051356,0.8014166355,1.2567194700
1.9317040443,0.0463878959,0.0611641742,-0.0329688974,-0.4078760743,0.7843391895,1.2269786596
1.9418120384,0.0450793356,0.0659042969,-0.0347041674,-0.3714940846,0.7739560604,1.2131608725
1.9518870115,0.0415232629,0.0581019856,-0.0368652530,-0.3233202994,0.7572277784,1.1865937710
1.9619690180,0.0493032783,0.0641669407,-0.0305691566,-0.2965664566,0.7476485968,1.1462337971
1.9720820189,0.0509124249,0.0547656752,-0.0342191644,-0.2665865719,0.7371808290,1.1281714439
1.9822340012,0.0600533336,0.0571686961,-0.0273797717,-0.2632163465,0.7190124989,1.1037400961
1.9921959639,0.0679741949,0.0595693327,-0.0272848215,-0.3100601137,0.7068415284,1.0899424553
2.0022568703,0.0669263452,0.0540120341,-0.0356721468,-0.3697500527,0.6988232732,1.0793355703
2.0123190880,0.0637143105,0.0502700545,-0.0358751602,-0.4241127670,0.6919473410,1.0740368366
2.0224270821,0.0651767701,0.0609943010,-0.0173500385,-0.4751698077,0.6744546294,1.0634231567
2.0324120522,0.0654984564,0.0657143369,-0.0161642041,-0.5134779811,0.6623444557,1.0474994183
2.0424890518,0.0656709522,0.0644782558,-0.0177257862,-0.5591983199,0.6449121833,1.0390079021
2.0525829792,0.0715586394,0.0737739578,-0.0231110658,-0.5941348672,0.6158895493,1.0283831358
2.0626599789,0.0752540082,0.0520379879,-0.0237438288,-0.5693341494,0.5882547498,0.9880146384
2.0726919174,0.0785686821,0.0472157933,-0.0151204672,-0.5582483411,0.5445132256,0.9370247722
2.0827698708,0.0777924508,0.0678245798,-0.0214997139,-0.5675137639,0.5092500448,0.9115263820
2.0928320885,0.0729900450,0.0563108660,-0.0308947172,-0.5822659135,0.4899304509,0.8977180719
2.1028499603,0.0825990885,0.0400722362,-0.0305780377,-0.5714673400,0.4760852158,0.8754106760
2.1129839420,0.0832967609,0.0600089766,-0.0289467182,-0.4762344360,0.4503071606,0.8626314402
2.1230239868,0.0887163728,0.0891375318,-0.0183276739,-0.3938572705,0.4285430014,0.8318074942
2.1330838203,0.0842138976,0.0786982551,-0.0208103862,-0.3713062108,0.4137665331,0.8137443066
2.1431608200,0.0757080168,0.0701875463,-0.0253448095,-0.3967681527,0.3986887932,0.8137432337
2.1532330513,0.0700010508,0.0500254370,-0.0298415031,-0.4063647389,0.3962814808,0.7829529047
2.1632709503,0.0641033500,0.0366710164,-0.0400123782,-0.4544553161,0.4021518826,0.7712882757
2.1734089851,0.0619851798,0.0494174697,-0.0470770784,-0.5172987580,0.3887883425,0.7585543990
2.1834230423,0.0675784796,0.0406396128,-0.0402473994,-0.5905855298,0.3530489802,0.7458135486
2.1935060024,0.0721762627,0.0160999037,-0.0362987109,-0.6616386771,0.3066212535,0.7182017565
2.2035241127,0.0825314373,0.0197860934,-0.0295207705,-0.7241630554,0.2601642609,0.6746606827
2.2136321068,0.0811338276,0.0272506811,-0.0335857458,-0.7644634247,0.2342695445,0.6629784107
2.2237138748,0.0767112821,0.0405140258,-0.0445594378,-0.7718491554,0.2245029211,0.6396158338
2.2337570190,0.0701864809,0.0491006412,-0.0528012104,-0.7280969620,0.2237140983,0.6226148009
2.2438359261,0.0664076060,0.0600334741,-0.0497242995,-0.6565300822,0.2156428695,0.5907385945
2.2538781166,0.0653890818,0.0763139501,-0.0412624069,-0.5945120454,0.2022175342,0.5641709566
2.2639570236,0.0613064021,0.0784107223,-0.0292796101,-0.5612318516,0.1811063886,0.5365451574
2.2740509510,0.0601193756,0.0719357505,-0.0292059984,-0.5664079785,0.1639168859,0.5110554099
2.2841019630,0.0578760356,0.0655450895,-0.0282867756,-0.5907591581,0.1434188038,0.4919389784
2.2941851616,0.0575694293,0.0670092478,-0.0353413410,-0.5649401546,0.1223104522,0.4749342799
2.3042390347,0.0601364225,0.0648954883,-0.0456228442,-0.5339577198,0.1170472503,0.4398844242
2.3143048286,0.0547423214,0.0621103086,-0.0628898963,-0.4913453162,0.1236967593,0.4260728657
2.3243670464,0.0538555831,0.0588202514,-0.0644721612,-0.4401476085,0.1250251383,0.3984537721
2.3344111443,0.0529050678,0.0694648996,-0.0595277734,-0.4059055746,0.1145471409,0.3729567230
2.3445091248,0.0460305661,0.0618990995,-0.0519166775,-0.3983179629,0.1017487869,0.3527742326
2.3545699120,0.0381410569,0.0622136332,-0.0473289676,-0.4131523371,0.0898020416,0.3304740489
2.3645920753,0.0370443314,0.0597250797,-0.0505418368,-0.4258630872,0.0789278224,0.3071122468
2.3747739792,0.0339161009,0.0475773551,-0.0663933381,-0.4247933030,0.0777296051,0.2848147452
2.3848638535,0.0316288322,0.0472985245,-0.0696139559,-0.4150597155,0.0639027357,0.2667547762
2.3948421478,0.0273020118,0.0559728779,-0.0612909384,-0.3510037065,0.0612660721,0.2646126747
2.4049799442,0.0347193331,0.0630565062,-0.0444977470,-0.3197491169,0.0295539498,0.2412293255
2.4150128365,0.0274872631,0.0419564582,-0.0443529077,-0.3507945538,0.0387411900,0.2274398655
2.4250741005,0.0065006474,0.0226368643,-0.0372441001,-0.4073885679,0.0425742790,0.2401977479
2.4351689816,0.0099719623,0.0186357535,-0.0328504629,-0.4118151367,0.0573301874,0.2306485772
2.4452390671,0.0133095840,0.0361050107,-0.0274008121,-0.4193670750,0.0645950213,0.2157889456
2.4552979469,0.0096276859,0.0409695245,-0.0256010499,-0.4439902306,0.0717595294,0.2083658576
2.4652948380,0.0097749094,0.0272764899,-0.0235780086,-0.4749508202,0.0725086778,0.2020033002
2.4753460884,0.0148688415,0.0242350735,-0.0129445400,-0.4683012366,0.0469258130,0.1754454523
2.4854710102,0.0161243528,0.0320719220,0.0012399948,-0.4904803038,0.0221400429,0.1467701346
2.4955148697,0.0085867504,0.0322159864,-0.0061183777,-0.5565707684,0.0141504258,0.1489050537
2.5055849552,0.0050721029,0.0223558284,-0.0299982633,-0.5993794799,0.0265650172,0.1574165225
2.5156500340,0.0072923163,0.0290901400,-0.0401532836,-0.5898893476,0.0371762514,0.1446774155
2.5261139870,0.0182539672,0.0515067615,-0.0357077904,-0.5558600426,0.0479253009,0.1202527657
2.5358400345,0.0115491012,0.0575613715,-0.0430775471,-0.5175250769,0.0555979349,0.1064434052
2.5459198952,0.0086114267,0.0613763966,-0.0380427428,-0.4139576256,0.0500321947,0.0904873461
2.5558929443,0.0105554918,0.0788308159,-0.0201183166,-0.2205027491,0.0196597744,0.0553846173
2.5660300255,0.0174677819,0.0927788988,0.0045310054,-0.0301634297,-0.0215851348,-0.0158248451
2.5760469437,0.0135373333,0.0893334225,0.0061819348,0.0573965125,-0.0296965893,-0.0753118694
2.5862009525,0.0094482759,0.0737162605,-0.0087166037,0.0808754787,-0.0306633171,-0.0923070982
2.5961179733,0.0101836780,0.0696664229,-0.0263582673,0.0700304434,-0.0126438374,-0.0806150287
2.6066350937,0.0177382082,0.0544244088,-0.0552604981,0.0472521596,0.0243509319,-0.0720963702
2.6163091660,0.0261109918,0.0340199210,-0.0593056269,0.0031442996,0.0601187833,-0.0603872500
2.6264071465,0.0373231024,0.0327435173,-0.0416219421,-0.0642227530,0.0733315274,-0.0593017489
2.6367230415,0.0427293032,0.0231580772,-0.0227359738,-0.1358048767,0.0812517032,-0.0507864915
2.6467189789,0.0355830044,0.0344848372,-0.0184496250,-0.1593472213,0.0885913745,-0.0327262655
2.6564660072,0.0284999460,0.0517468192,-0.0133889522,-0.1004840881,0.0721135214,-0.0348724388
2.6914811134,0.0340849608,0.0512256362,-0.0028112733,-0.0030536745,0.0399598517,-0.0519020222
2.6915950775,0.0377310961,0.0398337878,0.0101290140,0.0859418139,-0.0029906775,-0.0859221742
2.6916429996,0.0315939039,0.0444904901,0.0119588766,0.1086418033,-0.0314074084,-0.0806331336
2.7074561119,0.0177337378,0.0394164659,-0.0126623716,0.1001216844,-0.0324242637,-0.0625818968
2.7075591087,0.0116991857,0.0108309127,-0.0360772200,0.0635799170,-0.0061260839,-0.0487560965
2.7171049118,0.0124187330,-0.0033194085,-0.0349470563,0.0218073595,0.0095160594,-0.0349348895
2.7271418571,0.0190080255,0.0074840225,-0.0335994549,0.0024520373,0.0242300238,-0.0306754299
2.7369379997,0.0227130502,0.0071794428,-0.0252719726,-0.0434651189,0.0270544384,-0.0242922325
2.7470598221,0.0196209997,-0.0001300237,-0.0246640053,-0.0572818629,0.0216628704,-0.0189824216
2.7571310997,0.0166009516,0.0052911378,-0.0281291809,-0.0529998206,0.0206665806,-0.0147365443
2.7671451569,0.0097126821,0.0125572421,-0.0335980244,-0.0487701893,0.0249963477,-0.0073028626
2.7773840427,0.0096347788,0.0091340281,-0.0340807028,-0.0432851687,0.0101745920,-0.0094347904
2.7875130177,0.0133333066,-0.0007519684,-0.0267877784,-0.0389383584,0.0016338350,-0.0232435465
2.7974979877,0.0120802978,0.0042266287,-0.0215711799,-0.0378541052,-0.0005556161,-0.0349241048
2.8076050282,0.0059402445,0.0237663724,-0.0222260561,-0.0069292150,0.0018297771,-0.0359925628
2.8176379204,0.0007783034,0.0308862366,-0.0239666905,0.0176366083,-0.0000780448,-0.0359995551
2.8277368546,0.0063652853,0.0342064239,-0.0198657718,0.0165519044,0.0020831104,-0.0285656080
2.8377790451,0.0041615823,0.0276321806,-0.0244915094,0.0090137459,0.0083996626,-0.0264388733
2.8479218483,0.0029709199,0.0354203321,-0.0387449451,0.0131155476,0.0254614707,-0.0189988017
2.8579769135,-0.0022474667,0.0383766331,-0.0392313786,0.0107966270,0.0445881598,-0.0115548652
2.8681058884,0.0012307026,0.0278294422,-0.0298434701,0.0064892303,0.0488433577,-0.0041190535
2.8779978752,0.0096926549,0.0258935429,-0.0195245352,-0.0052042045,0.0445101969,-0.0019941840
2.8880081177,0.0114338258,0.0197529830,-0.0208991971,-0.0072857309,0.0391796157,-0.0030581171
2.8980009556,0.0122650126,0.0203689672,-0.0242933240,-0.0008110544,0.0317738950,-0.0083724549
2.9083571434,0.0199743360,0.0250706114,-0.0259009805,0.0366408974,0.0214346386,-0.0168814547
2.9183590412,0.0237287730,0.0222822465,-0.0198796596,0.0549334064,0.0056028105,-0.0285747293
2.9283781052,0.0294514745,0.0146207549,-0.0119161215,0.0390314087,-0.0051678121,-0.0317614675
2.9384670258,0.0245169252,0.0145354606,-0.0176193323,0.0230167806,-0.0041907644,-0.0232629869
2.9485509396,0.0215419382,0.0202746131,-0.0311381426,0.0207562894,0.0085434066,-0.0200706571
2.9586050510,0.0174939483,0.0183397271,-0.0348270722,0.0195849780,0.0191646256,-0.0168793909
2.9686460495,0.0202110857,0.0144936480,-0.0296293702,0.0089120939,0.0190506410,-0.0200621337
2.9786829948,0.0180336684,0.0125154890,-0.0302259531,-0.0124467779,0.0209915526,-0.0189923421
2.9888720512,0.0148919681,0.0162138976,-0.0307442751,-0.0390078127,0.0090874899,-0.0189915430
2.9988651276,0.0215876549,0.0111999251,-0.0284247007,-0.0292083658,-0.0110278316,-0.0253762733
3.0089850426,0.0254255384,0.0190237500,-0.0283435788,-0.0183597133,-0.0290201455,-0.0328206047
3.0189909935,0.0273818821,0.0269700028,-0.0303884353,0.0042560091,-0.0490061045,-0.0360198617
3.0290908813,0.0215267986,0.0301284827,-0.0286627617,0.0161062777,-0.0606438518,-0.0466466732
3.0391299725,0.0156910270,0.0207804181,-0.0221713390,0.0226368550,-0.0744625330,-0.0593983531
3.0492010117,0.0137861827,0.0271187164,-0.0148577895,0.0280385446,-0.0807542503,-0.0551556721
3.0592570305,0.0099810222,0.0383339263,-0.0231992211,0.0472107716,-0.0774446726,-0.0615300164
3.0693430901,0.0061443308,0.0349748470,-0.0256285872,0.0396796204,-0.0711092800,-0.0562159419
3.0793948174,0.0130009511,0.0287634470,-0.0201690998,0.0289965905,-0.0701980144,-0.0647060350
3.0894939899,0.0159520358,0.0263268687,-0.0195300188,0.0183892194,-0.0766572431,-0.0647065639
3.0995278358,0.0199525803,0.0345206894,-0.0160756912,0.0271057189,-0.0946333781,-0.0668415576
3.1096630096,0.0211101621,0.0388995744,-0.0011704171,0.0263011772,-0.1212162524,-0.0742872208
3.1196670532,0.0165743679,0.0297486521,-0.0040679779,0.0329469889,-0.1455840468,-0.0774866119
3.1297669411,0.0199963897,0.0411019064,-0.0140896644,0.0640891939,-0.1655628085,-0.0913078859
3.1397910118,0.0234641880,0.0498176552,-0.0107569899,0.1229896620,-0.1863681525,-0.1061974168
3.1498570442,0.0249892920,0.0561116375,-0.0058730450,0.1723396331,-0.2137193531,-0.1359539777
3.1599278450,0.0255480856,0.0442895927,-0.0090133753,0.1756367534,-0.2244042903,-0.1518881321
3.1699719429,0.0260727853,0.0277194716,-0.0277463999,0.1766644716,-0.2213089019,-0.1667520404
3.1800799370,0.0323956460,0.0365562178,-0.0338326879,0.1840776056,-0.2160440832,-0.1826766729
3.1901400089,0.0416133255,0.0475216247,-0.0264330115,0.2013450116,-0.2361717224,-0.2007416934
3.2002000809,0.0557077974,0.0491103269,-0.0133884754,0.2112061828,-0.2638660073,-0.2304902077
3.2102618217,0.0581087321,0.0528128482,-0.0132552590,0.2007852346,-0.2906920314,-0.2623549402
3.2203111649,0.0585849136,0.0615335442,-0.0221287217,0.2148432583,-0.3109515011,-0.2963461876
3.2303681374,0.0560581535,0.0717321113,-0.0196362343,0.2673163116,-0.3308961689,-0.3335324526
3.2404508591,0.0494932979,0.0795963779,-0.0164841618,0.3058426678,-0.3435280621,-0.3696497083
3.2505488396,0.0515869707,0.0889585391,-0.0106162634,0.3486684263,-0.3593195677,-0.4078932106
3.2605481148,0.0515767783,0.0910706893,-0.0118030515,0.4041839540,-0.3633571267,-0.4503800273
3.2707500458,0.0533982366,0.1024750248,-0.0045746174,0.4651652873,-0.3800026774,-0.4811959863
3.2807569504,0.0619850010,0.1095893160,0.0032005704,0.5230422020,-0.4073753357,-0.5258208513
3.2908549309,0.0645951480,0.1046309844,0.0105322395,0.5638370514,-0.4338370264,-0.5704399943
3.3008608818,0.0553635210,0.0893941596,0.0106730852,0.5928230286,-0.4529330134,-0.6086813211
3.3109600544,0.0460251421,0.0989104882,-0.0023173892,0.6109237671,-0.4497023225,-0.6256730556
3.3210048676,0.0452800840,0.0950925127,-0.0211598482,0.6364102364,-0.4391040206,-0.6617754102
3.3311350346,0.0491182655,0.0897302106,-0.0274017658,0.6662392020,-0.4359023571,-0.6989443302
3.3410999775,0.0536268800,0.0916477814,-0.0172830429,0.6918341517,-0.4370431006,-0.7456717491
3.3512420654,0.0510127395,0.0939078704,-0.0034331882,0.6939737797,-0.4393542111,-0.7775274515
3.3612599373,0.0481997579,0.0884403363,-0.0002513730,0.6576575041,-0.4377224743,-0.8040621281
3.3713979721,0.0461780876,0.0800344720,-0.0008384788,0.6246404052,-0.4455769360,-0.8252936602
3.3813929558,0.0479518026,0.0715815201,-0.0131533947,0.6056191921,-0.4649407268,-0.8401626945
3.3914661407,0.0554413646,0.0807235017,-0.0100352373,0.5898237228,-0.4875208735,-0.8645913005
3.4015419483,0.0569935292,0.0829905346,-0.0148413982,0.5506160855,-0.5154871345,-0.8699036837
3.4116849899,0.0672910064,0.0802157894,-0.0195980277,0.5006373525,-0.5340245962,-0.8794564009
3.4216799736,0.0726153105,0.0783357993,-0.0253973808,0.4838307798,-0.5618560314,-0.8943319321
3.4318208694,0.0699207634,0.0814442411,-0.0119345393,0.4755350351,-0.5875816345,-0.9230112433
3.4417860508,0.0523907393,0.0670915022,-0.0131706204,0.4489218891,-0.5953876972,-0.9453055859
3.4519360065,0.0395732373,0.0634494796,-0.0163653102,0.4596624076,-0.6027907729,-0.9559299946
3.4619319439,0.0470391363,0.0824326053,-0.0071500745,0.4960517883,-0.6154616475,-0.9952325821
3.4720411301,0.0483424515,0.0880527273,-0.0097772684,0.4938690662,-0.6125119328,-1.0281462669
3.4820709229,0.0366881341,0.0693458095,-0.0259173121,0.4734825194,-0.6020987034,-1.0313223600
3.4921498299,0.0452996939,0.0904752389,-0.0330921002,0.4625433087,-0.5768870711,-1.0557284355
3.5022358894,0.0476201028,0.0894751325,-0.0128482785,0.4603685737,-0.5738833547,-1.0801464319
3.5123438835,0.0565133542,0.0963046327,0.0142440591,0.4338469505,-0.5912724733,-1.1077551842
3.5223300457,0.0592926592,0.0992067829,0.0326972418,0.3561338782,-0.6123057604,-1.1374763250
3.5324459076,0.0657199472,0.0942832604,0.0435918979,0.3264406919,-0.6329335570,-1.1693329811
3.5424509048,0.0699019283,0.0933273211,0.0437844805,0.2934343815,-0.6430342793,-1.2096784115
3.5525650978,0.0600312203,0.0953167453,0.0266184602,0.2443118691,-0.6415141821,-1.2362101078
3.5626080036,0.0489235967,0.0835630670,0.0118458662,0.1812396348,-0.6315304637,-1.2478686571
3.5727381706,0.0462478250,0.0659153834,-0.0111137237,0.1318981797,-0.6088664532,-1.2860696316
3.5827341080,0.0441830009,0.0609101392,-0.0366732068,0.1252857149,-0.5888532400,-1.2998614311
3.5928788185,0.0593675226,0.0919508114,-0.0376781411,0.1261690855,-0.5720409155,-1.3263982534
3.6028509140,0.0604328364,0.0959661379,-0.0367858596,0.1645265818,-0.5676760077,-1.3593215942
3.6130108833,0.0474021286,0.0962919965,-0.0234394874,0.1816171706,-0.5709106922,-1.3901196718
3.6229009628,0.0418597907,0.0937815681,-0.0188905802,0.1837823391,-0.5752955675,-1.4145435095
3.6330859661,0.0350164622,0.0961478129,-0.0163423624,0.2041232884,-0.5826631784,-1.4326030016
3.6431488991,0.0358385891,0.1042862311,-0.0247395243,0.2520268261,-0.5705015063,-1.4219930172
3.6532039642,0.0316704363,0.1200997606,-0.0462187119,0.3564040959,-0.5494151115,-1.4198853970
3.6632790565,0.0309684724,0.0846758857,-0.0477983542,0.4619366825,-0.5392075181,-1.4602544308
3.6733751297,0.0326513499,0.0525019504,-0.0323699899,0.5099372268,-0.5390511751,-1.5006150007
3.6834149361,0.0309364647,0.0262098648,-0.0200724807,0.4993591607,-0.5499773026,-1.5345938206
3.6935060024,0.0347551554,0.0163209178,-0.0124523249,0.4418151677,-0.5590240359,-1.5430781841
3.7035460472,0.0344495028,0.0148539282,-0.0023622119,0.3458343744,-0.5662350059,-1.5441201925
3.7136509418,0.0291092843,0.0041879155,-0.0048750844,0.1888412982,-0.5548385382,-1.5387655497
3.7236719131,0.0178337544,-0.0206708573,-0.0099136438,0.0489539728,-0.5452550650,-1.5089956522
3.7337770462,0.0174460262,-0.0285522602,-0.0160498228,0.0019316031,-0.5369625092,-1.4760637283
3.7438039780,0.0317146629,-0.0143837593,-0.0267985668,0.0040552346,-0.5358899236,-1.4771252871
3.7539658546,0.0350760072,-0.0168576501,-0.0201142635,0.0318831354,-0.5429707766,-1.4612089396
3.7639429569,0.0297138542,-0.0185696147,-0.0177499261,0.1119855344,-0.5474182367,-1.4368093014
3.7740430832,0.0135405520,-0.0378673337,-0.0132737961,0.2207602113,-0.5390127301,-1.4325855970
3.7840671539,0.0138965705,-0.0368439220,-0.0072906222,0.2503670454,-0.5111387372,-1.4283312559
3.7941761017,0.0122336010,-0.0409639739,-0.0067491736,0.1837736368,-0.4669467509,-1.3964382410
3.8042278290,0.0178665370,-0.0583919547,-0.0256749000,0.1001789197,-0.4266963005,-1.2955276966
3.8143148422,0.0329616517,-0.0619597696,-0.0347625799,0.0025349157,-0.3697310090,-1.2158395052
3.8243498802,0.0288532525,-0.0640855059,-0.0243076291,-0.0885573924,-0.3288059235,-1.1637667418
3.8344259262,0.0250729769,-0.0676350817,-0.0041575041,-0.1696969718,-0.3228090107,-1.1117149591
3.8445291519,0.0148455361,-0.0628383979,0.0036325848,-0.1441588104,-0.3127528131,-1.0681822300
3.8545370102,0.0008951881,-0.0611391328,-0.0077135167,-0.0246159043,-0.3137893081,-1.0618423223
3.8645470142,-0.0012571058,-0.0545479916,-0.0251516309,0.1406145990,-0.2941960096,-1.0448863506
3.8746809959,-0.0102816066,-0.0731527433,-0.0428547449,0.2811890244,-0.2643046975,-1.0427836180
3.8847670555,-0.0095178923,-0.0907787904,-0.0476266928,0.3289685547,-0.2382413447,-1.0151757002
3.8948421478,-0.0035932204,-0.0930881724,-0.0445753522,0.2947091460,-0.2243934423,-0.9610083699
3.9048781395,0.0037509063,-0.0821480379,-0.0194728579,0.1924859583,-0.2439913154,-0.9004699588
3.9149708748,0.0037072757,-0.0793587789,0.0094302688,0.0892375857,-0.2690631151,-0.8643550873
3.9260520935,-0.0058337292,-0.0905654058,0.0187133346,0.0017347420,-0.2685858607,-0.8367263675
3.9352719784,-0.0101514300,-0.0865301117,0.0190424118,-0.0666893199,-0.2540513873,-0.7942298055
3.9451360703,-0.0112213334,-0.0700857267,0.0196534190,-0.0434521772,-0.2281745225,-0.7623687983
3.9552099705,-0.0160651952,-0.0780363902,0.0093153510,0.0148297716,-0.1862134933,-0.7517446876
3.9652769566,-0.0198504180,-0.0763473734,-0.0102029648,0.0793990418,-0.1324905455,-0.7358075976
3.9753530025,-0.0166992992,-0.0620276593,-0.0213844385,0.1514668465,-0.0807415992,-0.7071315050
3.9853849411,-0.0024520000,-0.0351885818,-0.0193487015,0.2002713680,-0.0480545573,-0.6412948966
3.9955370426,0.0192056745,-0.0066232942,-0.0194041934,0.2055548131,-0.0402901135,-0.5966967940
4.0055627823,0.0252953321,-0.0160300396,-0.0086612310,0.1778114736,-0.0405687466,-0.6019971967
4.0156240463,0.0138546983,-0.0216912888,-0.0064202752,0.1435600221,-0.0302154422,-0.5956125259
4.0256671906,-0.0013730667,-0.0236181282,-0.0254392829,0.1465642452,-0.0110874865,-0.5956056714
4.0357761383,-0.0098485490,-0.0216066502,-0.0319486447,0.1923096478,0.0030717421,-0.6009191871
4.0458130836,-0.0125810346,-0.0224373601,-0.0272741523,0.2710900307,0.0217224583,-0.6126097441
4.0559368134,-0.0076800128,-0.0338863991,-0.0259248819,0.3007794619,0.0399027914,-0.6306587458
4.0657629967,0.0039956430,-0.0405177735,-0.0245593395,0.2878372967,0.0536331199,-0.6232166886
4.0760831833,0.0177557915,-0.0326379798,-0.0151627865,0.2579614222,0.0546200871,-0.5945400596
4.0860838890,0.0237948447,-0.0141986273,-0.0113895740,0.2301949710,0.0564996786,-0.5945320129
4.0961999893,0.0259690732,-0.0113631748,-0.0016885006,0.2303978950,0.0363475382,-0.5934802890
4.1060948372,0.0222865492,-0.0182997845,0.0061666761,0.2124286443,0.0180628076,-0.6072890759
4.1163358688,0.0009754458,-0.0233881138,0.0005746281,0.1804435551,0.0145586217,-0.6136535406
4.1264081001,-0.0113465926,-0.0296049379,-0.0272296276,0.1730211377,0.0114897946,-0.5860458016
4.1364669800,-0.0107852658,-0.0183528922,-0.0366147943,0.1913492829,-0.0063126385,-0.5743795633
4.1464138031,-0.0132799884,-0.0226023458,-0.0366107412,0.2384713590,-0.0229347572,-0.5828933716
4.1565542221,-0.0041264584,-0.0394544266,-0.0369704552,0.2589215040,-0.0396783203,-0.5744125247
4.1666297913,0.0051560709,-0.0446854495,-0.0337501355,0.2953407466,-0.0519686081,-0.5553157926
4.1767320633,0.0096313218,-0.0518487357,-0.0096370783,0.3404754400,-0.0822631270,-0.5426008105
4.1865377426,0.0112530449,-0.0609768890,0.0100863371,0.3727313876,-0.1063926369,-0.5436836481
4.1968727112,0.0041417489,-0.0828628168,0.0052640238,0.3707712889,-0.1245383471,-0.5574955940
4.2069458961,-0.0088508567,-0.1028856859,-0.0050855484,0.3112131655,-0.1441190392,-0.5511173010
4.2170190811,-0.0227050930,-0.1133768782,-0.0399766155,0.2059136629,-0.1789246798,-0.5404899120
4.2269258499,-0.0314370245,-0.1288234293,-0.0652392134,0.1241543442,-0.2186489403,-0.5022656322
4.2371430397,-0.0417855680,-0.1181377992,-0.0860991105,0.0818953067,-0.2590629458,-0.4598030746
4.2471790314,-0.0448348522,-0.0939837918,-0.1169551834,0.1357351542,-0.3038804829,-0.4078112543
4.2572078705,-0.0399025232,-0.0940188989,-0.1116142496,0.2342960685,-0.3411982954,-0.4046695232
4.2671618462,-0.0378788412,-0.1056701168,-0.0836853012,0.2806627750,-0.3873576522,-0.3855913281
4.2773752213,-0.0375117511,-0.1222434863,-0.0589362569,0.2746930420,-0.4285641909,-0.3505710065
4.2880949974,-0.0387901217,-0.1311556399,-0.0370391198,0.2568717599,-0.4592964947,-0.3208528757
4.3230962753,-0.0348071903,-0.1275489032,-0.0305779185,0.2303709239,-0.4752160609,-0.2858147323
4.3232369423,-0.0372494757,-0.1036882624,-0.0374877043,0.1940935105,-0.4731144607,-0.2401458919
4.3232669830,-0.0402417481,-0.0906313285,-0.0448204465,0.1172522530,-0.4702909589,-0.1923440248
4.3277411461,-0.0309692919,-0.0883566961,-0.0385602899,0.0298405997,-0.4770047963,-0.1286183149
4.3379120827,-0.0308727622,-0.0736061558,-0.0412666984,-0.0436709039,-0.4868784547,-0.0797618106
4.3476700783,-0.0441096574,-0.0589273237,-0.0410120077,0.0192660652,-0.4818849564,-0.0489818640
4.3577461243,-0.0503907055,-0.0490408204,-0.0281592812,0.1547663808,-0.4786276519,-0.0564472377
4.3718390465,-0.0519996881,-0.0342571996,-0.0184636917,0.2613604069,-0.4672376513,-0.0798283890
4.3794188499,-0.0557225794,-0.0447140597,-0.0084830131,0.3048453331,-0.4403442442,-0.0819495991
4.3878879547,-0.0554658175,-0.0639556870,-0.0031970346,0.2457783818,-0.4025785029,-0.0691733509
4.3981728554,-0.0461561233,-0.0775074586,-0.0272388663,0.1536963880,-0.3714115322,-0.0478984229
4.4082918167,-0.0434622467,-0.0872392282,-0.0521533079,0.0288472660,-0.3712260723,-0.0149511956
4.4183902740,-0.0424555987,-0.0862813815,-0.0524598546,-0.1084352285,-0.4083087444,0.0147955157
4.4282670021,-0.0363103300,-0.0804668888,-0.0397532769,-0.2454416752,-0.4729842842,0.0434664413
4.4382591248,-0.0319230258,-0.0630003437,-0.0152010527,-0.3622452319,-0.5312345028,0.0540849976
4.4483537674,-0.0438947678,-0.0408353470,-0.0174297299,-0.3714960814,-0.5651041865,0.0795534700
4.4583878517,-0.0547396690,-0.0284294151,-0.0299045052,-0.2679244280,-0.5706145763,0.0720918253
4.4684281349,-0.0598849952,-0.0052407049,-0.0290178861,-0.1314160228,-0.5620977879,0.0561338998
4.4785008430,-0.0641592443,0.0257511474,-0.0322327800,-0.0195427444,-0.5442053080,0.0465582386
4.4889149666,-0.0704968125,0.0227609016,-0.0294441190,0.0583202317,-0.5404253006,0.0337991007
4.4994721413,-0.0700737834,0.0042562224,-0.0271204915,0.0881758630,-0.5380769372,0.0284836981
4.5090208054,-0.0707463771,-0.0045520924,-0.0356031843,0.0668499097,-0.5404761434,0.0146853272
4.5195922852,-0.0832371861,-0.0172642134,-0.0555264540,0.0157060307,-0.5495015979,0.0008904189
4.5290012360,-0.1055151373,-0.0260966681,-0.0690570101,-0.0440100059,-0.5542179942,0.0083346860
4.5388951302,-0.1306398362,-0.0213008188,-0.0701483712,-0.1431533694,-0.5645854473,0.0157872755
4.5488791466,-0.1370850503,-0.0126668476,-0.0807568058,-0.2807410061,-0.5732637644,0.0083856862
4.5589828491,-0.1328123659,-0.0088703297,-0.0770884976,-0.4545029402,-0.5928339958,0.0062964363
4.5690431595,-0.1283218861,0.0104148127,-0.0670309886,-0.6068518758,-0.6173297167,0.0339304619
4.5791239738,-0.1295636594,0.0481071807,-0.0520796962,-0.6749808788,-0.6349438429,0.0275681689
4.5891561508,-0.1297843605,0.0789267793,-0.0528584905,-0.5692936182,-0.6394641995,0.0063026943
4.5992860794,-0.1147624552,0.0680662170,-0.0551089235,-0.3485157192,-0.6306685805,-0.0797546953
4.6092839241,-0.0947787315,0.0594056584,-0.0429057069,-0.1501134634,-0.6264163852,-0.1817358434
4.6195487976,-0.0892237872,0.0791120306,-0.0351744480,-0.0586605072,-0.5985895395,-0.2677509189
4.6295299530,-0.1047982126,0.1018252149,-0.0357567854,-0.0312805735,-0.5646566749,-0.3080908060
4.6395702362,-0.1089905649,0.1177999154,-0.0332274027,-0.0668260455,-0.5332726836,-0.3293020725
4.6496162415,-0.0918642133,0.1299204528,-0.0211301055,-0.1841645837,-0.5397496819,-0.3515720367
4.6596970558,-0.0797998309,0.1527376473,0.0040308628,-0.3621843755,-0.5616176724,-0.3748973310
4.6698441505,-0.0737882704,0.1316969693,-0.0004565322,-0.4506155550,-0.5773774981,-0.3950563967
4.6798171997,-0.0574459136,0.0727736130,-0.0163485017,-0.4079181552,-0.5804438591,-0.4343553185
4.6900777817,-0.0231135041,0.0703905001,-0.0124714579,-0.3279910982,-0.5715475678,-0.4789667428
4.7000827789,-0.0047789952,0.1010981575,-0.0215199199,-0.1946522146,-0.5662630200,-0.4981103539
4.7101788521,-0.0047207912,0.1096244231,-0.0070699062,-0.1665264666,-0.6054365635,-0.5225589275
4.7202820778,0.0176177174,0.0803280845,0.0310725961,-0.2193561196,-0.6590289474,-0.5342520475
4.7303829193,0.0134072760,0.0382440425,0.0335677080,-0.2535339296,-0.6585012674,-0.5703446269
4.7403779030,-0.0095002791,0.0514302589,-0.0037536824,-0.2804923058,-0.6311897635,-0.5766949654
4.7504458427,-0.0236175358,0.0869475380,-0.0271257367,-0.2916370332,-0.5834829807,-0.5681732893
4.7605428696,-0.0192595124,0.0409370400,-0.0132978763,-0.2506038547,-0.5247504711,-0.5660308003
4.7705979347,0.0086361477,0.0035767893,-0.0191928949,-0.2084431350,-0.4724302888,-0.5723858476
4.7806491852,0.0314216316,-0.0113731287,-0.0167322960,-0.1811222881,-0.4309265316,-0.5904226899
4.7907972336,0.0406375304,-0.0069519542,-0.0212961640,-0.1671812236,-0.4358738661,-0.5543285608
4.8008899689,0.0365581810,-0.0113355182,-0.0171207990,-0.1788019240,-0.4452415407,-0.5107965469
4.8108472824,0.0467782840,-0.0148107670,-0.0091067757,-0.1754029244,-0.4618436098,-0.4577155709
4.8209338188,0.0584802106,-0.0125786327,-0.0186755266,-0.1423427016,-0.4582262635,-0.4354243875
4.8309140205,0.0538773611,-0.0103454255,-0.0179464426,-0.0827438459,-0.4394398332,-0.4003896415
4.8410482407,0.0495604277,-0.0119735263,-0.0200063195,0.0248981975,-0.4234989583,-0.3781112432
4.8511748314,0.0598123148,-0.0640813932,-0.0221595969,0.1774498820,-0.4179557562,-0.3834570646
4.8612127304,0.0912037417,-0.1296747625,-0.0177744832,0.2999076545,-0.3927023411,-0.4174531102
4.8712501526,0.1027619615,-0.1271591485,-0.0055822339,0.3464573622,-0.3519530892,-0.4142594337
4.8813538551,0.0831941441,-0.1101410016,-0.0052249637,0.3074585497,-0.2926854789,-0.3855513632
4.8914299011,0.0756081939,-0.1126470789,-0.0029722059,0.2035268247,-0.2498240471,-0.3451565206
4.9014830589,0.0781357214,-0.1064678058,0.0109542999,0.1412903368,-0.2140412629,-0.3068980873
4.9115419388,0.0731203854,-0.0731719956,0.0046969447,0.1270718575,-0.1791371405,-0.3047518134
4.9216232300,0.0719855875,-0.0515716933,-0.0093447771,0.1449323595,-0.1514410675,-0.3121750951
4.9316878319,0.0776468068,-0.0678052530,0.0028807914,0.1513026357,-0.1470095664,-0.2920003235
4.9417467117,0.0863325149,-0.0626604185,0.0169825945,0.1714550406,-0.1340381056,-0.2824427783
4.9518051147,0.0846618190,-0.0478642844,0.0099994335,0.2226157337,-0.1260260493,-0.2612149119
4.9619340897,0.0674388856,-0.0155298375,0.0221702252,0.2214042544,-0.1111190096,-0.2516509593
4.9722828865,0.0503058136,-0.0046705268,0.0160637889,0.1901577264,-0.0816735774,-0.2505672574
4.9821820259,0.0359471478,0.0042214729,0.0054614940,0.1620901376,-0.0501204394,-0.2558533549
4.9918851852,0.0224261694,0.0199318863,0.0030298030,0.1222381741,-0.0144744273,-0.2685669065
5.0019221306,0.0204769373,0.0123238899,0.0079676900,0.0815104470,0.0020643349,-0.2812898755
5.0120601654,0.0358972400,-0.0108300708,0.0182282720,0.0503729284,0.0196851399,-0.3035704195
5.0222167969,0.0325297751,-0.0126412772,0.0216190610,0.0630437210,0.0324390195,-0.3173706532
5.0321798325,0.0232971385,0.0283387639,0.0316546373,0.0567083769,0.0260727331,-0.3088780940
5.0422391891,0.0150318267,0.0576021411,0.0349674635,0.0396598876,0.0226574950,-0.3216170669
5.0523910522,0.0057252767,0.0411227085,0.0170576368,0.0407306366,0.0214944929,-0.3386061490
5.0623760223,0.0118355425,0.0402033664,0.0067790542,0.0790726990,0.0268580988,-0.3810851872
5.0724258423,0.0166301653,0.0461135246,-0.0013033354,0.1792441159,0.0391782150,-0.4161452353
5.0825228691,0.0222600363,0.0685866252,0.0003449714,0.2507545352,0.0387694202,-0.4119164050
5.0925478935,0.0200078636,0.0891394392,0.0141698513,0.2594057918,0.0282667764,-0.4066130221
5.1026878357,0.0120265419,0.0609857179,0.0031104481,0.1888069659,0.0446553379,-0.4023397267
5.1127281189,-0.0056545315,0.0395745374,-0.0132189598,0.1331380010,0.0610996895,-0.4097514451
5.1227889061,-0.0048205731,0.0385831334,-0.0232008304,0.0977613777,0.0766863748,-0.4129200876
5.1328310966,-0.0050492575,0.0278519727,-0.0321184583,0.1341355294,0.0673561171,-0.4277979434
5.1429262161,0.0132964635,0.0376291610,-0.0101599302,0.0974363610,0.0191084314,-0.1294472218
5.1529240608,0.1673253775,0.0406332351,0.0035585559,0.0288715288,-0.0574100427,-0.0562057570
5.1630077362,0.0515451133,-0.2513680756,-0.1071610674,-0.0387954041,-0.0121110063,-0.0158175882
5.1731052399,-0.0706748590,-0.2096425593,-0.1129326448,-0.0783581212,-0.0038989484,-0.0051851170
5.1831860542,0.0111165727,-0.1112221107,-0.0419423170,-0.0626758337,-0.0792797208,-0.0328335240
5.1932592392,0.0399469249,-0.0459538959,0.0039573107,0.0509220213,-0.1284012645,-0.0700498000
5.2033262253,-0.0235144719,0.0132496692,-0.0208432283,0.1768714339,-0.1329318434,-0.1199885979
5.2135348320,-0.0237409398,0.0443496443,-0.0238198247,0.2303004116,-0.1399489939,-0.1284992546
5.2235951424,-0.0076252660,0.0453993417,-0.0027322972,0.2467014790,-0.1802657843,-0.1497595310
5.2336540222,-0.0000652178,0.0182122923,0.0135592613,0.2385093868,-0.2166288495,-0.1826916486
5.2437572479,-0.0051884046,-0.0100102685,0.0138432179,0.1706238091,-0.2598663568,-0.2134881765
5.2539811134,-0.0012943289,-0.0061492585,0.0150689874,0.0612726919,-0.3170661628,-0.2145511210
5.2638421059,0.0034537846,-0.0159566663,0.0043450985,0.0040552067,-0.3578530252,-0.2092479765
5.2739458084,0.0023257257,-0.0170731209,-0.0197797623,-0.0074360659,-0.3823309243,-0.2050100863
5.2840251923,-0.0102680428,-0.0065278672,-0.0459421463,0.0118404254,-0.3884737790,-0.1965236515
5.2940840721,-0.0032706475,-0.0075632595,-0.0440834351,0.0652952641,-0.3975363374,-0.1933560222
5.3042716980,-0.0051767407,-0.0251280330,-0.0508505888,0.1526868939,-0.3862450719,-0.2061141580
5.3140478134,-0.0170135535,-0.0310584567,-0.0596856065,0.2602012455,-0.3599142432,-0.2178095728
5.3243007660,-0.0173884779,-0.0417980812,-0.0489475317,0.3216803372,-0.3203796148,-0.2581537962
5.3343582153,-0.0327046588,-0.0603772663,-0.0509922095,0.2632337809,-0.2392705977,-0.2708382010
5.3444347382,-0.0254466794,-0.0566074513,-0.0527531691,0.1143734604,-0.1862750202,-0.2431671917
5.3545060158,-0.0034182919,-0.0410318635,-0.0141468849,0.0220727697,-0.1339713186,-0.2346229702
5.3645687103,-0.0164169632,-0.0188626908,-0.0332059450,-0.0535748526,-0.0402014293,-0.2356187254
5.3745660782,-0.0196312144,0.0101895072,-0.0321367569,-0.1075425297,0.0209964141,-0.2164631486
5.3847627640,-0.0049975282,0.0024806599,0.0130266342,-0.0862186030,0.0257384386,-0.1686852425
5.3947677612,0.0170844197,0.0422466137,0.0099524651,-0.0011391025,0.0574815199,-0.1336514056
5.4048390388,0.0141256088,0.0965521708,-0.0082838144,0.1565679759,0.0822862014,-0.1209374815
5.4148850441,0.0073999735,0.0934521332,-0.0473144837,0.2631002367,0.1024191007,-0.1050263569
5.4250020981,0.0222486258,0.0545112826,-0.0514256544,0.2339743227,0.0279917400,-0.0891291499
5.4350228310,0.0400567055,-0.0007932446,-0.0090370979,0.0722873881,-0.0230773706,-0.0561980307
5.4451122284,0.0669068694,-0.0444985889,0.0078373346,-0.2321396172,-0.1032726094,-0.0678405762
5.4549140930,0.0874899328,-0.1024648175,0.1208277121,-0.4367280602,-0.2420168519,-0.0795380473
5.4651327133,0.1288667172,-0.0812159404,0.0908637419,-0.5295546651,-0.3511356115,-0.0912487656
5.4751081467,0.1056943685,0.0389192440,0.0002668297,-0.4661562443,-0.3940729499,-0.0891627073
5.4853730202,0.0413071811,0.1085082069,-0.0785492882,-0.3705511689,-0.3508969247,-0.1050932705
5.4955368042,0.0314418972,0.0762887374,-0.0833235011,-0.3345912099,-0.3175920844,-0.0902204439
5.5055351257,0.0970287472,0.0268370248,-0.0180748310,-0.2774725556,-0.3709807396,-0.0552222505
5.5155329704,0.1292878240,0.0247058608,-0.0358237810,-0.2058430463,-0.2818058133,-0.1443854719
5.5256819725,0.0306777954,0.0369814970,-0.0891264305,-0.1272885948,-0.1360193044,-0.1857427657
5.5357489586,0.0070888558,0.0641637221,-0.0497809835,-0.0746698603,-0.0623288378,-0.1835970730
5.5459780693,0.0186152756,0.0933449045,-0.0029894316,0.0057496172,0.0074763442,-0.1634084433
5.5557947159,0.0040346468,0.1349704564,-0.0145497527,0.1331395358,0.0754858926,-0.1559735686
5.5659427643,-0.0093284911,0.1230401173,-0.0664512739,0.1208082959,0.1348480135,-0.1485081911
5.5760402679,0.0109270671,0.0794070140,-0.0164239611,0.1023493409,0.1725804806,-0.0327496342
5.5860557556,0.0962798148,0.0135325529,0.0479709320,0.1593015641,0.0277354084,-0.0285892431
5.5960712433,0.1612159163,0.0232293345,0.0417677574,0.2123048156,-0.1478131115,-0.0085152667
5.6061911583,0.2101746351,0.0289770104,0.0029427803,0.2727748156,-0.3233023882,0.0104941111
5.6162638664,0.1988697499,-0.0332688354,-0.0261631217,0.1973173171,-0.4572663605,0.0709700361
5.6263017654,0.2203505188,-0.1138464436,-0.0224604215,-0.0287917145,-0.5745341182,0.1272442341
5.6363677979,0.2708296776,-0.1610564291,0.0656928197,-0.2802057564,-0.7203804851,0.2281047255
5.6465058327,0.3321369290,-0.1188757643,0.1473910660,-0.5156360865,-0.8652420640,0.2960473001
5.6564760208,0.3121561408,-0.0486463569,0.1967803091,-0.6916360855,-0.9754773974,0.3873517811
5.6666002274,0.3226838112,-0.0221840404,0.2518366873,-0.8399347067,-1.0800405741,0.4977642894
5.6766309738,0.3765676022,-0.0446660779,0.2390453070,-1.1099022627,-1.0786068439,0.5912722945
5.6867461205,0.3484864235,-0.0858735070,0.2321196049,-1.4998556376,-0.9230169058,0.7284210920
5.6968359947,0.2575596571,-0.0673886761,0.2066062540,-1.9603444338,-0.6489021778,0.9113036990
5.7068438530,0.1848368198,-0.0088094734,0.1789845675,-2.2731921673,-0.3069192767,1.0527732372
5.7168679237,0.1500965804,0.0266669728,0.1722714156,-2.4489247799,0.0879785120,1.1517621279
5.7270088196,0.0939759240,0.0905029550,0.1709898561,-2.4265859127,0.5223904252,1.1870127916
5.7371001244,0.0029046694,0.1244138256,0.0992773548,-2.2390942574,0.9789618254,1.1447211504
5.7471370697,-0.0897712782,0.1492680609,0.0119459424,-2.0367152691,1.4385765791,1.0610171556
5.7571339607,-0.1359704584,0.1498683393,-0.0381086655,-1.8261766434,1.9329395294,0.9253004789
5.7672710419,-0.1772712618,0.1378110945,-0.1113739237,-1.6605376005,2.4330694675,0.7577439547
5.7773318291,-0.2474284321,0.1599473655,-0.1372857839,-1.5629050732,2.9027483463,0.5678926706
5.7873711586,-0.3251182735,0.1733932197,-0.1424948126,-1.5125982761,3.3007140160,0.3461626470
5.7973690033,-0.3852035105,0.1691779792,-0.1369654685,-1.5951989889,3.7535572052,0.0937003866
5.8075189590,-0.4699251056,0.1517538726,-0.1631976515,-1.6695020199,4.0163345337,-0.1896498352
5.8175740242,-0.4892680347,0.1249056235,-0.2120826989,-1.8042513132,4.3488030434,-0.4442807734
5.8276138306,-0.5216593146,0.1002211347,-0.2235965282,-1.9634449482,4.6715774536,-0.6882929206
5.8375301361,-0.5395136476,0.0870880857,-0.2072771341,-2.1830322742,5.0599374771,-0.8823520541
5.8478412628,-0.5646547675,0.0771729127,-0.1736088544,-2.4993493557,5.5140943527,-1.1082081795
5.8578071594,-0.5939827561,0.0652465001,-0.2149017602,-2.6742281914,5.7084903717,-1.1664670706
5.8679428101,-0.5240801573,0.0677236095,-0.1168696508,-2.9175171852,5.8174600601,-1.0527383089
5.8779530525,-0.4928432703,0.0904931799,0.0014086759,-2.9135637283,5.7552318573,-0.8372234702
5.8880739212,-0.4480317831,0.1369428337,0.0868756548,-2.6339044571,5.6585168839,-0.5846346617
5.8981237411,-0.3387568295,0.2906199992,0.3064199984,-2.6328556538,5.5702157021,-0.2958702147
5.9081721306,-0.1788081676,0.3505783975,0.4822888076,-2.8107826710,5.1240115166,-0.1410252452
5.9182119370,0.0307211727,0.1373255551,0.5002894402,-2.8112030029,4.2105417252,-0.1202449277
5.9283118248,0.2056620270,-0.1359044611,0.4308538735,-2.7307949066,3.2049531937,-0.3405599892
5.9384460449,0.2061236650,-0.1701025069,0.3193671405,-2.5745217800,2.3967142105,-0.6648527384
5.9484157562,0.1490123123,-0.1441032588,0.1913428158,-2.2195184231,1.7863376141,-0.8531861901
5.9584951401,0.1274042875,-0.1249697432,0.0793525353,-1.8611482382,1.2674316168,-1.0128061771
5.9686040878,0.1423544735,-0.0787762627,0.0200829897,-1.6482954025,0.7889970541,-1.1171555519
5.9786462784,0.1639668196,-0.0731237754,-0.0223412123,-1.5478790998,0.3513160646,-1.1673041582
5.9887752533,0.1718218476,-0.1065761670,-0.0637720451,-1.5734868050,0.0316816159,-1.1706427336
5.9987668991,0.1638943106,-0.1065650210,-0.1029899344,-1.6713465452,-0.2108121812,-1.1261436939
6.0088438988,0.1585625857,-0.1309126318,-0.1530912668,-1.8861323595,-0.3962787390,-1.1293671131
6.0189499855,0.1478105336,-0.2981729805,-0.2457963973,-2.4278440475,-0.4499292970,-1.3087003231
6.0289540291,0.1297797412,-0.7239893675,-0.3897953928,-3.1905534267,-0.0776920766,-1.6204895973
6.0389981270,0.1150631756,-0.9545866251,-0.3541815579,-3.8742592335,0.1099308133,-1.3845032454
6.0490722656,0.1539973170,-0.4192405045,-0.1487355977,-4.2909159660,-0.1269933134,-0.7092115879
6.0591168404,0.1381686777,0.1616500914,-0.0664139614,-4.2082295418,-0.3665437102,-0.2920642793
6.0692248344,0.1286164373,0.3947137892,-0.0938034877,-3.6483185291,-0.5313478708,-0.1170919463
6.0792779922,0.1588747054,0.3812139928,-0.0824682340,-3.0078282356,-0.6506510973,-0.0695334151
6.0893821716,0.1035461277,0.3093257248,-0.0613742657,-2.4399964809,-0.6597346067,-0.1079069078
6.0994472504,0.0403618962,0.2463880777,-0.0658619031,-1.9916621447,-0.6732261181,-0.1738580912
6.1094942093,0.0307698995,0.1942965388,-0.0595727749,-1.7547377348,-0.6780698299,-0.2578027844
6.1194601059,0.0500213653,0.1222021654,-0.0443762131,-1.7316815853,-0.6425381303,-0.3724655211
6.1296420097,0.0666853338,0.0628099516,-0.0216582622,-1.7894855738,-0.6309741735,-0.4743777812
6.1396889687,0.0743130296,0.0485644378,0.0260408912,-1.7628021240,-0.6342276335,-0.5211065412
6.1497421265,0.0485263318,0.1151518002,0.0610515289,-1.6661072969,-0.5943784714,-0.5603977442
6.1598658562,0.0105612436,0.2093411088,0.0902219191,-1.5695528984,-0.5431488156,-0.6442791224
6.1699371338,-0.0223103315,0.2307833433,0.1060156003,-1.4870657921,-0.4753899574,-0.7780528665
6.1799530983,-0.0514714271,0.1798066199,0.1017249003,-1.5022754669,-0.3513798118,-0.9415034056
6.1900281906,-0.0823176354,0.0913808122,0.0871982947,-1.6407209635,-0.1775473058,-1.1102074385
6.2000932693,-0.0906176120,-0.0148378275,0.0528197698,-1.8157336712,0.0258209966,-1.2565889359
6.2101459503,-0.0842895955,-0.1116411015,0.0236746464,-1.9693207741,0.2172900289,-1.4666904211
6.2202730179,-0.0928283483,-0.1545650661,0.0208550487,-2.1539936066,0.4210824370,-1.6980141401
6.2302579880,-0.0916612893,-0.1069624647,0.0364249162,-2.3773713112,0.6591698527,-1.8252544403
6.2403430939,-0.0825238973,-0.0587086193,0.0282581244,-2.5144710541,0.9199175239,-1.8473868370
6.2504892349,-0.0909570903,-0.0395625494,0.0181517992,-2.5292797089,1.2265558243,-1.8302410841
6.2604837418,-0.0996393710,-0.0202446841,-0.0003449523,-2.4462547302,1.5692393780,-1.7865588665
6.2705717087,-0.1017759889,-0.0037154069,-0.0157674160,-2.2980029583,1.9009573460,-1.7216610909
6.2805919647,-0.0990616828,0.0077245720,-0.0261742081,-2.1023404598,2.1897976398,-1.6238796711
6.2907061577,-0.0841893107,0.0196752585,-0.0411331244,-1.8251193762,2.4361581802,-1.4783605337
6.3008508682,-0.0547698885,0.0380388759,-0.0692607984,-1.4589252472,2.6453459263,-1.2946583033
6.3107991219,-0.0190113336,0.0967200622,-0.0906981453,-1.0541220903,2.7332732677,-1.0451943874
6.3208599091,0.0159717053,0.1477110237,-0.0881088004,-0.6049181223,2.7556414604,-0.8201958537
6.3309707642,0.0331606716,0.1548184007,-0.0852062330,-0.1762437522,2.6948363781,-0.6302730441
6.3410129547,0.0584235042,0.1272664368,-0.0696982965,0.1826842278,2.5643899441,-0.4499247670
6.3511061668,0.0735742301,0.0787479058,-0.0655274019,0.4201788306,2.4116940498,-0.2642465234
6.3611831665,0.1047276706,0.0307111032,-0.0405899473,0.6013571024,2.0170199871,-0.1731731296
6.3712701797,0.1368079036,0.0001047851,0.0175193939,0.8075156212,1.4706350565,-0.1119140238
6.3813018799,0.1300597042,0.0332414024,0.0125273857,0.9761505127,0.9420652986,-0.0347098522
6.3913779259,0.0992881507,-0.0064034648,-0.0088536348,0.9852555990,0.5700944066,0.0256245937
6.4014892578,0.0719570369,-0.0920364335,-0.0082182493,0.7420370579,0.2460329980,0.1232102737
6.4114890099,0.0633883327,-0.1440297961,0.0131656919,0.4075866342,-0.0268728416,0.2144736052
6.4216151237,0.0370091647,-0.1579417735,0.0226116572,0.1266757995,-0.2147887498,0.2494891882
6.4316458702,-0.0048290035,-0.1492766887,0.0264277849,-0.0842494890,-0.3599413931,0.2399140447
6.4416942596,-0.0311004668,-0.1284516454,0.0410410576,-0.2667575479,-0.4656417966,0.2218581587
6.4517688751,-0.0450532585,-0.1158244312,0.0437001996,-0.4210230112,-0.5148839355,0.1995749474
6.4618458748,-0.0470829755,-0.0985759124,0.0329568796,-0.5310740471,-0.5044007301,0.1645680368
6.4718818665,-0.0335642844,-0.0501608960,0.0152888689,-0.6070111990,-0.4892928898,0.1422970891
6.4819760323,-0.0083683273,0.0250649862,0.0053159986,-0.5878146291,-0.4893201292,0.1125629544
6.4920439720,-0.0008133790,0.0625549853,-0.0027581060,-0.4779562950,-0.4854886234,0.0647560209
6.5020732880,0.0027227858,0.0929340944,-0.0110359993,-0.3288288713,-0.4589063525,0.0360626504
6.5121550560,0.0050186971,0.1048247069,-0.0196067896,-0.1926742345,-0.4142259657,0.0339267999
6.5222368240,0.0039257864,0.0933916271,-0.0179257598,-0.0728141442,-0.3410382867,0.0318093188
6.5323019028,-0.0017327211,0.0739401951,-0.0276174154,0.0073209084,-0.2437439710,0.0371465608
6.5423412323,0.0086973170,0.0600699373,-0.0134207811,0.1175800934,-0.1717625856,0.0254737940
6.5524349213,-0.0060932180,0.0398067273,-0.0254034605,0.1315387785,-0.0740336329,0.0233954620
6.5625028610,0.0010115959,0.0459928513,0.0069744983,0.1573541760,0.0121335471,0.0223703440
6.5725631714,-0.0121034523,0.0197413303,0.0055882731,0.1300985813,0.0679675117,-0.0030780244
6.5826330185,-0.0150042316,-0.0089710504,0.0096476469,0.0855339244,0.1469661891,-0.0327570885
6.5926942825,-0.0074065467,-0.0315575637,0.0272066984,0.0237517878,0.1346783638,-0.0444273278
6.6027369499,0.0052426914,-0.0195984729,0.0321643762,0.0057140104,0.1238469556,-0.0539837480
6.6128501892,-0.0004800103,-0.0067322552,0.0148107205,0.0260901228,0.1133378595,-0.0656739622
6.6229562759,0.0065539936,0.0054651424,0.0043286476,0.0508783460,0.0903489217,-0.0444560237
6.6329751015,0.0178439468,0.0405146889,0.0048468509,0.0597749017,0.0567137301,-0.0073121171
6.6430320740,0.0145457843,0.0582205132,0.0034525788,0.0674096793,0.0409474820,0.0054191910
6.6530532837,0.0094406465,0.0528580621,-0.0026310289,0.0707383677,0.0282364842,0.0043501980
6.6631679535,0.0113509754,0.0368498974,-0.0075605121,0.0581844375,0.0025979660,-0.0052153440
6.6733088493,0.0074165920,0.0110714175,-0.0065701809,0.0433548912,-0.0092935814,-0.0190209057
6.6832132339,-0.0024249097,-0.0004156007,-0.0037103498,0.0294721760,-0.0095178857,-0.0349452086
6.6933917999,-0.0112712523,0.0004908406,0.0011082089,0.0208094455,0.0019677954,-0.0519260578
6.7034301758,-0.0113417050,-0.0007921307,0.0030185378,0.0144142378,0.0007808247,-0.0625422150
6.7135152817,-0.0144541999,0.0005813726,0.0038374460,0.0089805909,0.0102555528,-0.0667833015
6.7234539986,-0.0137695214,0.0018161723,0.0036173260,0.0034514423,0.0293289796,-0.0635881722
6.7336130142,-0.0151026985,0.0001811461,0.0033342040,-0.0009214683,0.0399294272,-0.0593345724
6.7437291145,-0.0086860796,0.0026084373,0.0010408557,0.0266591869,0.0572026893,-0.0508380234
6.7537808418,0.0036020139,0.0287858285,-0.0120724048,0.0436959602,0.0628645644,-0.0189855509
6.7637510300,0.0188463777,0.0603426509,-0.0105644073,0.0875037089,0.0591475293,0.0032998472
6.7739109993,0.0174720138,0.0670286343,-0.0119886603,0.1227237433,0.0595174395,0.0128472801
6.7839698792,0.0171254128,0.0574631281,-0.0104109850,0.1452920884,0.0438056551,0.0138949007
6.7940230370,0.0159246176,0.0343571752,-0.0067416034,0.1486596614,0.0268021729,0.0053911610
6.8041162491,0.0079657296,0.0120578557,-0.0000769699,0.1306743771,0.0106233358,-0.0105378712
6.8141870499,-0.0028532287,-0.0037501489,0.0066616926,0.0933456495,0.0069686789,-0.0328279957
6.8242502213,-0.0107702157,-0.0201213583,0.0124410782,0.0367292389,0.0105607510,-0.0572345331
6.8342857361,-0.0168007761,-0.0421197489,0.0201854501,-0.0326591581,0.0108289309,-0.0858853608
6.8443822861,-0.0179753453,-0.0610024333,0.0201366935,-0.0892255008,0.0102241281,-0.1028600782
6.8544478416,-0.0162255317,-0.0726042911,0.0172000322,-0.1361898184,0.0108750034,-0.1028478295
6.8644771576,-0.0134474775,-0.0600509718,0.0161953364,-0.1606717408,0.0054520760,-0.0879786685
6.8745880127,-0.0165136009,-0.0346200280,0.0122075472,-0.1362231225,0.0164219029,-0.0656816140
6.8846788406,-0.0166870505,0.0127238818,-0.0016801560,-0.0979335830,0.0318882093,-0.0232113898
6.8947529793,-0.0051673194,0.0481234044,-0.0106801596,-0.0498866923,0.0314474590,0.0075683617
6.9048547745,0.0034454325,0.0393945500,-0.0166736450,-0.0210898258,0.0339400433,0.0256116781
6.9148659706,0.0111387232,0.0231816359,-0.0206654873,-0.0091873622,0.0181829184,0.0340951756
6.9250059128,0.0179647654,0.0139792524,-0.0167710986,-0.0090164654,0.0012351599,0.0383332670
6.9350061417,0.0140391449,0.0135527551,-0.0119276252,-0.0059801955,0.0171089321,0.0277224313
6.9451189041,0.0070370892,0.0265509449,-0.0190062728,-0.0104901530,0.0414663367,0.0266754124
6.9551477432,0.0195553154,0.0764736459,-0.0192870703,0.0099402871,0.0268655550,0.0383427218
6.9651441574,0.0185159296,0.0886167362,-0.0125726070,0.0688727126,0.0028771984,0.0234515890
6.9752898216,0.0028921226,0.0853127316,-0.0096993651,0.1223047823,-0.0052694110,0.0043215691
6.9853549004,-0.0107783815,0.0696065500,-0.0087654199,0.1564296931,-0.0040408289,-0.0158615299
6.9954357147,-0.0216230899,0.0393440351,-0.0088761654,0.1411953568,0.0243857522,-0.0296468511
7.0054531097,-0.0219307691,-0.0008395201,-0.0110445824,0.1229002103,0.0390261486,-0.0381294861
7.0155181885,-0.0095389029,-0.0217178129,-0.0093517508,0.1016029045,0.0346303359,-0.0328172781
7.0255718231,-0.0078964373,-0.0320186205,-0.0057204571,0.0929193795,0.0494515561,-0.0264370758
7.0356788635,-0.0142610809,-0.0523413904,-0.0110579338,0.0596690141,0.0673519969,-0.0030601146
7.0457181931,-0.0119393608,-0.0542301722,-0.0008783543,0.0158722922,0.0736063570,0.0383638255
7.0558438301,-0.0164147168,-0.0551902838,0.0190907512,-0.0128464382,0.0649774522,0.0553555898
7.0658931732,-0.0375076085,-0.0719694272,0.0224596653,-0.0759310275,0.0759800375,0.0373273231
7.0759220123,-0.0478662401,-0.0707534403,0.0307231341,-0.1466789544,0.1060231552,0.0203715079
7.0859107971,-0.0396952778,-0.0662589148,0.0185124073,-0.2394934595,0.1019603088,0.0097747240
7.0960221291,-0.0118394038,-0.0534450673,0.0162578020,-0.2882378399,0.0676140487,0.0150789423
7.1061429977,-0.0003412506,-0.0251237638,0.0063438807,-0.2751098573,0.0359303579,0.0203688443
7.1162099838,0.0006457427,0.0044981837,-0.0033908689,-0.2278701663,0.0076726191,0.0171573386
7.1262278557,0.0017177322,0.0179047137,-0.0071782670,-0.1904026270,-0.0036511417,0.0203272998
7.1363120079,0.0077131251,0.0325906239,-0.0109304991,-0.1679220796,-0.0097314045,0.0341219418
7.1464219093,0.0148133496,0.0583086237,-0.0136224832,-0.1357713938,-0.0221016537,0.0468501225
7.1564650536,0.0200050920,0.0688895881,-0.0113834348,-0.0844735950,-0.0290674195,0.0489572138
7.1665172577,0.0164511651,0.0652217120,-0.0100850072,-0.0384838395,-0.0392896980,0.0468160324
7.1766581535,0.0187461227,0.0559083670,-0.0019418204,-0.0010448527,-0.0485955812,0.0340602882
7.1867079735,0.0161706060,0.0455527678,0.0062169228,0.0075586759,-0.0560803264,0.0138809187
7.1967630386,0.0136120776,0.0291358083,0.0144064818,0.0042944392,-0.0509279072,-0.0052280603
7.2068109512,0.0011700847,0.0055119805,0.0156699810,-0.0108882422,-0.0301762931,-0.0572433248
7.2168951035,-0.0094546219,-0.0021517870,0.0168081913,-0.0630992502,-0.0392110683,-0.0710379630
7.2269248962,0.0113464454,0.0191142857,0.0269040260,-0.0661495551,-0.0529156253,-0.0529921874
7.2370200157,0.0028343061,0.0073093511,0.0116039906,-0.0513056256,-0.0432360992,-0.0529911220
7.2470159531,-0.0028235456,-0.0024174822,0.0108867083,-0.0502290428,-0.0442660116,-0.0498075113
7.2571601868,0.0003203609,-0.0140684061,0.0111872945,-0.0672993734,-0.0443666801,-0.0423706360
7.2671990395,0.0014709093,-0.0237996057,0.0055604372,-0.0802676603,-0.0274198540,-0.0296168234
7.2772879601,0.0025181035,-0.0042304732,-0.0031632984,-0.0782809481,-0.0113269044,-0.0051879133
7.2872920036,0.0044959048,0.0284200981,-0.0071161594,-0.0388928987,-0.0002264497,0.0171052758
7.2974557877,0.0054499367,0.0449795760,-0.0101152863,0.0015898123,0.0076378649,0.0298405122
7.3075251579,0.0062808851,0.0481605306,-0.0092898812,0.0315118916,0.0036406601,0.0277076531
7.3175759315,0.0052136639,0.0427554883,-0.0044995155,0.0400222912,0.0057679932,0.0170885641
7.3275818825,0.0051393965,0.0295067504,-0.0045428481,0.0357438400,0.0055990824,-0.0030845487
7.3376550674,0.0001938799,0.0161013380,-0.0016680562,0.0219052583,0.0011231074,-0.0200720541
7.3477540016,-0.0027821204,0.0113092102,-0.0007240379,0.0218885317,0.0021151346,-0.0306898132
7.3578200340,-0.0057385108,0.0229494460,-0.0017554366,0.0293291397,0.0053980136,-0.0253810659
7.3678560257,-0.0038313409,0.0355695635,-0.0037808025,0.0410500579,0.0076496499,-0.0211351216
7.3779940605,-0.0009585163,0.0278192423,-0.0067506637,0.0485332757,0.0066885147,-0.0158285070
7.3879599571,0.0028951624,0.0084601082,-0.0086966362,0.0432549939,0.0013852289,-0.0083970893
7.3980922699,0.0019032218,-0.0079936832,-0.0047629676,0.0284025446,-0.0072055962,-0.0041504125
7.4079918861,-0.0029711267,-0.0196501426,0.0020953214,0.0124004884,-0.0084541524,-0.0115802987
7.4182229042,-0.0097924015,-0.0236367919,0.0069961343,-0.0078957276,-0.0065023219,-0.0105123706
7.4282560349,-0.0146500012,-0.0219090208,0.0118986759,-0.0260650367,-0.0034577961,-0.0073200404
7.4383559227,-0.0156319290,-0.0193681978,0.0118980203,-0.0432216525,0.0049157152,-0.0020025063
7.4484138489,-0.0098005673,-0.0169244893,0.0060375133,-0.0486189462,0.0112770088,0.0043725017
7.4584512711,-0.0020520231,-0.0008373557,-0.0067098346,-0.0668863729,0.0250708517,0.0288054086
7.4685020447,0.0056152204,0.0164658427,-0.0146942940,-0.0423625968,0.0286063291,0.0500373244
7.4785971642,0.0212132782,0.0322887152,-0.0166996922,0.0070262570,-0.0006383739,0.0553191751
7.4886322021,0.0154095152,0.0445903279,-0.0079227295,0.0423745513,-0.0141645689,0.0489318483
7.4987258911,-0.0040816208,0.0375894196,0.0018378890,0.0551289618,-0.0099194907,0.0319419466
7.5087947845,-0.0187078863,0.0236030221,0.0047554169,0.0432620794,0.0014823012,0.0064680101
7.5188708305,-0.0177918822,0.0122172311,0.0095966849,0.0121901790,0.0127791641,-0.0094454428
7.5289158821,-0.0100498339,0.0063345544,0.0046807919,-0.0059432322,0.0114824707,-0.0211202074
7.5390262604,0.0006843665,0.0090024658,0.0017729199,-0.0090295700,-0.0002442261,-0.0253724772
7.5490298271,0.0065958360,0.0067619011,-0.0000985467,-0.0068034856,-0.0097873975,-0.0275024734
7.5591278076,0.0066450695,-0.0013662315,-0.0009948814,-0.0110256607,-0.0140202260,-0.0200709216
7.5691938400,0.0047771195,-0.0036454347,-0.0018736923,-0.0088183284,-0.0202783886,-0.0062704217
7.5793089867,0.0000104764,0.0029684270,0.0030982888,-0.0067005809,-0.0180754215,0.0032863319
7.5893239975,-0.0057491204,0.0028904530,0.0061102309,-0.0099994931,-0.0085110776,0.0096610067
7.5994620323,-0.0076679727,0.0028706680,0.0071354304,-0.0121859480,-0.0032108543,0.0117878076
7.6094579697,-0.0057049533,-0.0000713243,0.0071613584,-0.0133068459,0.0020707932,0.0096673323
7.6194949150,-0.0047549149,0.0008074642,0.0051731262,-0.0165636241,0.0073201498,0.0054235850
7.6296319962,-0.0028904816,0.0055183433,0.0031292236,-0.0208944306,0.0136127332,0.0001203659
7.6396741867,-0.0000502608,0.0082438402,-0.0037661397,-0.0219301358,0.0104134781,-0.0009427679
7.6496949196,0.0037875632,0.0100377761,-0.0038377845,-0.0186882410,0.0062124087,0.0011767752
7.6597938538,0.0067011574,0.0216201581,-0.0009339654,-0.0100319032,-0.0053563630,0.0054159951
7.6699037552,0.0018433192,0.0264701098,0.0010275638,0.0006262278,-0.0042297132,0.0011665222
7.6799011230,-0.0030334136,0.0235826746,0.0010311401,0.0091504734,-0.0031218382,-0.0030822852
7.6899957657,-0.0010809443,0.0217106827,-0.0019025409,0.0154893026,0.0033072322,-0.0020190845
7.7000198364,0.0037475685,0.0305879712,-0.0039282646,0.0303002074,0.0161559191,-0.0041400259
7.7101159096,0.0104968408,0.0395348072,-0.0089186635,0.0441851839,0.0152226146,-0.0030818190
7.7202210426,0.0162817091,0.0398662426,-0.0099668112,0.0592086092,0.0068443101,-0.0062752157
7.7301888466,0.0152776102,0.0256818570,-0.0109593477,0.0689145476,-0.0037085991,-0.0105310800
7.7403621674,0.0044883946,0.0104749762,-0.0051337089,0.0635863617,-0.0048577534,-0.0169010945
7.7503652573,-0.0072834035,-0.0029510779,-0.0002973878,0.0432471633,0.0012884231,-0.0232624542
7.7604312897,-0.0141878864,-0.0184841491,0.0045494232,0.0219045915,0.0011020019,-0.0232571289
7.7705287933,-0.0151866218,-0.0273840837,0.0065052304,-0.0037035663,0.0008914788,-0.0211264677
7.7805662155,-0.0152323982,-0.0296024792,0.0113596711,-0.0154478401,0.0019122685,-0.0115667833
7.7906427383,-0.0152835390,-0.0231299847,0.0103361998,-0.0186467506,0.0019687940,0.0011742453
7.8007321358,-0.0094559332,-0.0117255412,0.0054229889,-0.0293238945,0.0029989048,0.0107336622
7.8107728958,-0.0065435311,-0.0109907947,0.0024896062,-0.0367449783,-0.0012769999,0.0160436723
7.8208651543,-0.0055593392,-0.0150806643,-0.0013990009,-0.0431983508,0.0040067118,0.0213569459
7.8309178352,-0.0045999428,-0.0103938468,0.0005463755,-0.0527918600,0.0028618185,0.0213588085
7.8410239220,-0.0026017567,-0.0066781417,0.0045050178,-0.0569767468,-0.0056842649,0.0181702059
7.8510532379,-0.0064636013,-0.0001355743,0.0064975419,-0.0666296706,-0.0015717451,0.0107412525
7.8611202240,-0.0103407642,0.0014643819,0.0065124431,-0.0719908774,0.0004482624,0.0022492302
7.8711862564,-0.0103175780,0.0049004331,0.0036122000,-0.0719887763,0.0004332820,0.0001267574
7.8812417984,-0.0024804017,0.0141450427,0.0007293618,-0.0709184557,0.0004841483,0.0064973054
7.8913221359,0.0024348358,0.0244725980,-0.0011894309,-0.0570467897,0.0006270271,0.0096783182
7.9014167786,0.0063932398,0.0329762064,-0.0060256924,-0.0378267542,-0.0002523486,0.0117965965
7.9114370346,0.0074066976,0.0357890502,-0.0069632139,-0.0196337961,-0.0053983750,0.0117888730
7.9215340614,0.0074483613,0.0309472717,-0.0030173862,-0.0068191988,-0.0063682985,0.0085997377
7.9316000938,0.0045412639,0.0251368023,0.0009236729,-0.0025415486,-0.0074341623,0.0022279250
7.9416980743,0.0026386240,0.0241645016,0.0029099381,-0.0014888011,-0.0064123068,-0.0052044252
7.9517378807,-0.0012422941,0.0172932744,0.0029666817,0.0016993219,-0.0053722095,-0.0126369074
7.9617652893,-0.0071074506,0.0074309297,0.0029817021,0.0048442492,-0.0000807745,-0.0190058574
7.9717807770,-0.0100838682,0.0072575919,0.0019539988,0.0016302653,0.0009743031,-0.0158203840
7.9819297791,-0.0081820628,0.0051189102,0.0019303358,-0.0005577877,0.0062537538,-0.0168789905
7.9921679497,-0.0072624227,-0.0029033383,0.0009265339,-0.0079812687,0.0019715906,-0.0126314480
8.0020780563,-0.0043543121,-0.0089894496,0.0009341633,-0.0186078157,-0.0023379365,-0.0083837062
8.0121269226,-0.0034219762,-0.0102206580,0.0028725660,-0.0250365250,0.0008225695,-0.0030703009
8.0222005844,-0.0034582159,-0.0027352457,0.0028360283,-0.0293029100,0.0008129821,0.0011779737
8.0321397781,0.0004657962,0.0096709989,0.0018569028,-0.0281960741,-0.0033922158,0.0054209884
8.0422601700,0.0014790156,0.0143643692,-0.0000687444,-0.0239483304,-0.0012260005,0.0064827907
8.0522079468,0.0025103549,0.0190682299,-0.0029543245,-0.0175056122,-0.0054487088,0.0011700508
8.0623998642,0.0015604951,0.0179509260,-0.0029227936,-0.0164811201,-0.0012380513,-0.0051977672
8.0726137161,0.0015585282,0.0168529749,-0.0019275749,-0.0100698248,-0.0022708250,-0.0094471071
8.0826787949,0.0015621640,0.0157501213,0.0019731915,-0.0101039130,0.0008844881,-0.0136927180
8.0926809311,-0.0003985903,0.0146505907,-0.0019195878,-0.0079684053,0.0009169121,-0.0115695801
8.1027326584,0.0015391567,0.0165044777,-0.0019303763,-0.0005086241,0.0020500871,-0.0105091091
8.1128025055,-0.0004538438,0.0184035674,-0.0019816959,0.0101298774,0.0053479457,-0.0073256330
8.1228570938,0.0004895189,0.0164912529,-0.0039664116,0.0186903421,0.0033282046,-0.0030816193
8.1329030991,0.0004533985,0.0107091926,-0.0030116641,0.0165928900,0.0001248214,-0.0030809536
8.1429748535,0.0004577496,0.0058843903,-0.0029942596,0.0145108309,-0.0052126860,-0.0052066883
8.1530990601,-0.0044199964,0.0059312843,-0.0000619495,0.0134175494,-0.0030982695,-0.0052070883
8.1631402969,-0.0083439490,0.0059425347,0.0008812344,0.0133744068,0.0011388198,-0.0062667602
8.1731796265,-0.0093527576,0.0039812401,0.0008664525,0.0079884306,0.0064104144,-0.0041384948
8.1832780838,-0.0064619919,0.0068759322,-0.0021136010,0.0058653578,0.0053376928,-0.0030766926
8.1933546066,-0.0025966307,0.0049265660,-0.0031128728,0.0090694595,0.0053860294,0.0001083150
8.2033748627,-0.0016501091,0.0078904070,-0.0041200719,0.0154951345,0.0033407216,0.0032910588
8.2134895325,-0.0036214134,0.0099492408,-0.0022041404,0.0155128986,0.0012199797,0.0032887287
8.2235403061,-0.0036555668,0.0022805633,-0.0012498701,0.0122795552,0.0043750266,0.0032911254
8.2335700989,-0.0056382557,0.0004136080,0.0016631281,0.0048421714,0.0011265693,0.0032915915
8.2436647415,-0.0056330105,-0.0015238634,0.0016674197,-0.0026282622,0.0010543977,0.0022316533
8.2537441254,-0.0036567589,-0.0024989580,0.0026672280,-0.0068736598,-0.0010913110,0.0043555242
8.2637948990,-0.0036510965,-0.0006171874,0.0016832745,-0.0111736003,0.0020613391,0.0054199896
8.2738656998,-0.0036710044,0.0032327215,0.0016663468,-0.0101241544,0.0042198310,0.0096685309
8.2839527130,-0.0017321251,0.0090425052,0.0026150143,-0.0079776458,0.0031982425,0.0128528718
8.2939643860,0.0011828401,0.0100047402,-0.0003277862,-0.0058538560,0.0042778216,0.0128529388
8.3040428162,0.0011844494,0.0090772174,-0.0003124678,-0.0068895593,0.0010785660,0.0117898053
8.3141279221,0.0002174237,0.0081312843,-0.0003200972,-0.0026039472,-0.0010259971,0.0086013358
8.3242158890,-0.0017272375,0.0100992955,0.0006783402,-0.0025842404,-0.0031687766,0.0054148631
8.3342418671,-0.0036561629,0.0130292140,0.0026230013,-0.0004811408,0.0000183615,0.0032929897
8.3443355560,-0.0065902015,0.0130358934,0.0016421473,-0.0015711728,0.0021102745,0.0001089142
8.3543977737,-0.0056404015,0.0091316365,0.0006560481,-0.0005171215,0.0031814645,0.0001083150
8.3644533157,-0.0017671726,0.0061987899,0.0006409085,0.0016283216,0.0021460275,0.0011690521
8.3744335175,-0.0008011601,0.0071775205,-0.0003608072,0.0059106317,0.0011283006,0.0022301888
8.3846082687,-0.0008263728,0.0091739707,0.0006044304,0.0080347694,0.0022148702,0.0032919911
8.3946704865,-0.0018089555,0.0102238059,0.0005953705,0.0112595102,0.0001200943,0.0032908591
8.4047508240,-0.0037707826,0.0063953996,0.0005843437,0.0048567383,0.0000641679,0.0032924572
8.4148521423,-0.0057345172,0.0054232255,0.0005588329,0.0016412381,0.0010771012,0.0001077158
8.4248666763,-0.0057275435,0.0005118811,-0.0003938281,-0.0025963830,-0.0021570416,-0.0020164214
8.4349756241,-0.0047447821,-0.0034322625,0.0015834963,-0.0089984620,-0.0021989865,0.0001086480
8.4450206757,-0.0067259809,-0.0025373211,0.0015597737,-0.0111849187,0.0031012369,0.0022354485
8.4550619125,-0.0057674786,0.0022256563,0.0015321767,-0.0122518865,0.0030989731,0.0032973839
8.4651813507,-0.0018998525,0.0050529055,-0.0004536712,-0.0133174164,0.0031104248,0.0064830570
8.4752502441,0.0010189273,0.0088995993,0.0005000627,-0.0111503778,-0.0000257804,0.0107276700
8.4853048325,0.0000493386,0.0088782422,0.0005076325,-0.0089969458,-0.0021568420,0.0064788624
8.4953098297,0.0010393121,0.0088495724,-0.0004396641,-0.0058166515,-0.0000140623,0.0054175928
8.5052833557,0.0000750282,0.0117599629,-0.0004431808,-0.0058166515,-0.0000140623,0.0054175928
8.5155029297,0.0010532596,0.0185909756,0.0005185998,0.0037798630,0.0011226411,0.0043551913
8.5255317688,-0.0008946201,0.0205890276,-0.0014322603,0.0123573719,-0.0030745005,0.0001037212
8.5356121063,-0.0028367182,0.0177960992,-0.0014425123,0.0208600722,0.0001696956,-0.0020208824
8.5457468033,-0.0038384339,0.0130755119,0.0014719761,0.0219154842,0.0012261716,-0.0041442206
8.5557727814,-0.0028775474,0.0092863850,0.0004911816,0.0187131651,0.0011985414,-0.0041437545
8.5657949448,-0.0029012701,0.0035207237,0.0014577305,0.0144324005,0.0022014878,-0.0073275631
8.5758810043,-0.0019562384,-0.0013338550,-0.0005105936,0.0080154072,0.0032149539,-0.0062650954
8.5859622955,-0.0019834181,-0.0013506635,-0.0014969313,0.0016360711,0.0010647175,-0.0020173534
8.5960474014,-0.0000319025,0.0005416909,-0.0015108192,-0.0004848167,0.0000054452,0.0011684529
8.6061058044,-0.0000322006,0.0014852175,-0.0034627521,0.0006041499,-0.0021003163,0.0022289236
8.6161489487,-0.0000258825,0.0072995871,-0.0024948323,0.0016660858,-0.0009963694,0.0075392001
8.6263570786,-0.0019524834,0.0112279467,-0.0015100443,0.0027768901,-0.0052172132,0.0096604079
8.6363506317,-0.0029115221,0.0132536031,-0.0005210245,0.0059669577,-0.0041493522,0.0064750677
8.6464109421,-0.0038780710,0.0123513676,-0.0014913881,0.0069680400,0.0021982919,0.0022307876
8.6563768387,-0.0028978726,0.0085193217,0.0004777110,0.0059205657,0.0000604396,0.0011677871
8.6665048599,-0.0009594104,0.0095357709,0.0014385378,0.0048092287,0.0042743590,-0.0020152230
8.6766271591,-0.0009994648,0.0095726475,0.0013989604,0.0080025718,0.0053623933,-0.0020145574
8.6866426468,0.0029044012,0.0076674670,0.0013959801,0.0048762867,-0.0020856687,-0.0009556842
8.6965637207,0.0019276597,0.0037923122,0.0023860729,0.0048846761,-0.0031387492,0.0001045866
8.7068157196,-0.0000173590,0.0018415117,0.0014178550,-0.0004829252,-0.0000023444,0.0001075161
8.7168817520,-0.0000296972,0.0047178157,0.0023844040,-0.0058393152,0.0020728572,0.0001101127
8.7269153595,-0.0019804379,0.0026968161,-0.0005398595,-0.0068846056,-0.0000515464,0.0011711161
8.7369432449,-0.0029520532,0.0016729647,-0.0005330646,-0.0047383904,-0.0010943739,0.0011705168
8.7470569611,-0.0048995158,0.0074653812,0.0013972318,-0.0036936328,0.0010231056,-0.0009522889
8.7571096420,-0.0039333245,0.0083681419,0.0013900197,-0.0026056254,-0.0010751989,0.0011694516
8.7672128677,-0.0029828092,0.0073503889,0.0004066026,-0.0069071623,0.0020566785,-0.0009514899
8.7772197723,-0.0020485064,0.0053175204,0.0003701842,-0.0101519041,0.0062729949,-0.0009488268
8.7872695923,-0.0001323960,0.0042257272,-0.0045270529,-0.0143969841,0.0041414010,0.0032983825
8.7973775864,0.0017964699,0.0070499070,-0.0035688484,-0.0132965911,0.0009672458,0.0032969844
8.8074150085,0.0018072583,0.0079828873,-0.0025953853,-0.0047062989,-0.0042632027,0.0032921908
8.8174800873,-0.0020672223,0.0069966614,0.0003647006,-0.0057608848,-0.0053413166,0.0022309874
8.8275251389,-0.0088783046,0.0040261596,0.0033043420,-0.0079169804,-0.0032448764,0.0011707831
8.8376274109,-0.0088730594,0.0010148772,0.0052812491,-0.0143341059,-0.0022455917,0.0001099795
8.8476657867,-0.0078894636,0.0018658602,0.0033411181,-0.0143985553,0.0041135042,-0.0009486270
8.8577175140,-0.0049849888,0.0037059451,0.0013692772,-0.0090825390,0.0062815174,-0.0009482942
8.8678827286,-0.0030601164,0.0055680163,0.0003692901,-0.0079717357,0.0020606732,0.0011729137
8.8778867722,-0.0020952364,0.0084183328,-0.0016065442,-0.0069164298,0.0031456451,0.0032959857
8.8879880905,0.0018039801,0.0093320534,-0.0035634839,-0.0068945922,0.0010305626,0.0043567228
8.8980102539,0.0027587274,0.0112328120,-0.0016142929,-0.0047509596,-0.0000184565,0.0032935888
8.9081115723,-0.0021070978,0.0111916177,-0.0006503665,-0.0089779291,-0.0043136030,0.0011689190
8.9181528091,-0.0040592095,0.0072282739,-0.0006317699,-0.0090112723,-0.0011585557,-0.0030764262
8.9282169342,-0.0030717989,0.0081115253,-0.0015938485,-0.0100991745,0.0009610540,-0.0020132922
8.9382820129,-0.0001313827,0.0099783242,-0.0025564635,-0.0089769438,-0.0043281838,-0.0009539532
8.9483547211,-0.0020660302,0.0089320205,-0.0015593374,-0.0057755578,-0.0043002209,-0.0009547523
8.9584627151,-0.0030214330,0.0079101883,0.0013921654,-0.0014780425,-0.0074520055,-0.0020200834
8.9684820175,-0.0049398681,0.0059326850,0.0024032986,-0.0004535243,-0.0031986707,-0.0020182189
8.9785470963,-0.0059363982,0.0049111173,0.0043545160,-0.0036945390,0.0010163145,-0.0020142244
8.9886541367,-0.0049824854,0.0048333406,0.0033591783,-0.0026497813,0.0031337938,-0.0041370299
8.9986820221,-0.0040035984,0.0067394916,0.0023723042,0.0005827919,-0.0000138627,-0.0030780905
9.0088253021,-0.0020672819,0.0057228021,0.0004202521,-0.0016052611,0.0052655879,-0.0041366969
9.0186538696,-0.0011152766,0.0037173836,-0.0015531385,-0.0005241241,0.0042127073,-0.0041362979
9.0288810730,0.0008198479,0.0007220247,-0.0035051906,-0.0079610012,0.0009782980,-0.0020124267
9.0390415192,-0.0001670859,0.0045317914,-0.0005964839,-0.0090102861,-0.0011731368,-0.0051992983
9.0489864349,-0.0011513970,0.0044300780,-0.0035298669,-0.0122287171,0.0009763006,0.0032969844
9.0590829849,-0.0011380456,0.0053330567,-0.0015762651,-0.0100430353,-0.0043165321,0.0022315201
9.0691509247,-0.0020936867,0.0043103974,0.0004136956,-0.0100318501,-0.0053706113,0.0032927899
9.0794544220,-0.0059602400,0.0042272862,-0.0005370581,-0.0100422101,-0.0043381704,-0.0009530211
9.0892543793,-0.0059445044,0.0060597695,-0.0005176866,-0.0143421488,-0.0011855206,0.0001114443
9.0993509293,-0.0049638888,0.0010754579,0.0004835522,-0.0186344162,0.0009071917,0.0011743119
9.1094188690,-0.0039974591,0.0019332116,-0.0024514997,-0.0175875314,0.0030523678,0.0032987155
9.1194868088,-0.0010619900,0.0057218894,0.0004879630,-0.0164772049,-0.0011896484,0.0022349157
9.1297664642,-0.0020427844,0.0056470484,0.0024255908,-0.0133168306,0.0031031009,0.0054216543
9.1396207809,-0.0030334732,0.0075091459,0.0024153388,-0.0143821491,0.0031073620,0.0075457916
9.1496629715,0.0008751014,0.0074354131,0.0014447963,-0.0165062845,0.0020207923,0.0064839893
9.1597537994,-0.0000844142,0.0063847397,0.0004874861,-0.0132742207,-0.0011409125,0.0054195239
9.1698541641,-0.0010527513,0.0082568601,-0.0004787052,-0.0100840200,-0.0000588701,0.0043574553
9.1798591614,-0.0000776193,0.0121212807,-0.0014554465,-0.0058279969,0.0010329594,0.0032946542
9.1899509430,-0.0000753543,0.0121111013,-0.0014528835,-0.0026271436,0.0010539984,0.0022320529
9.1999979019,-0.0000825069,0.0150259864,-0.0014750564,0.0027090870,0.0010932799,0.0011693184
9.2100677490,-0.0020465394,0.0140659846,-0.0005094612,0.0048539964,0.0000509187,0.0011682532
9.2201557159,-0.0010860703,0.0101976600,-0.0014869773,0.0069447374,0.0043067830,0.0001079156
9.2302379608,-0.0011140845,0.0102445614,-0.0015153491,0.0080550089,0.0000790150,0.0011673211
9.2403621674,0.0008233645,0.0122452695,-0.0005555355,0.0101786405,0.0011515366,0.0001057185
9.2503213882,-0.0001627347,0.0132716633,0.0003946221,0.0112569546,0.0001067785,0.0011667219
9.2603883743,-0.0031123301,0.0045834705,0.0004032052,0.0133888684,0.0001049144,-0.0020194841
9.2704639435,-0.0041014692,0.0016916377,0.0003896749,0.0101645794,0.0021781852,-0.0052030268
9.2805280685,-0.0051004430,-0.0021910982,0.0023363030,0.0037735254,0.0010751039,-0.0030783569
9.2906045914,-0.0051151654,-0.0031846908,0.0033002293,0.0005726721,0.0010540650,-0.0020157557
9.3006887436,-0.0041479608,0.0006792491,0.0013242161,0.0005572522,0.0031953130,0.0011722479
9.3108139038,-0.0022170683,0.0016377271,0.0013039506,-0.0036995439,0.0021108738,0.0032963853
9.3208255768,-0.0002878449,0.0006128756,0.0003219640,-0.0090130046,-0.0000438232,0.0054201894
9.3309125900,-0.0002861760,-0.0004393606,0.0003266728,-0.0110950638,-0.0053813308,0.0032944544
9.3409023285,-0.0002595327,0.0024170766,0.0022927320,-0.0132433036,-0.0043448946,0.0022327187
9.3510503769,-0.0022060415,0.0052537564,0.0032634533,-0.0122177200,-0.0000777121,0.0043581873
9.3612251282,-0.0041512391,0.0090544019,0.0013209379,-0.0122125531,-0.0011652140,0.0001092472
9.3712339401,-0.0041372916,0.0050682854,0.0003614223,-0.0122018987,-0.0022262172,0.0001087146
9.3812007904,-0.0060834428,0.0020674898,-0.0006050670,-0.0122525794,0.0030849916,0.0011739124
9.3913669586,-0.0041509410,0.0068457872,-0.0015981996,-0.0090288231,0.0010047965,0.0032956528
9.4013547897,-0.0022062203,0.0097268410,0.0003489649,-0.0068853777,-0.0000441561,0.0022324524
9.4114160538,-0.0002577445,0.0038419703,-0.0015908682,-0.0100968834,0.0009958083,0.0032955862
9.4215373993,-0.0002703807,0.0047690459,-0.0016008222,-0.0122294379,0.0009694429,0.0022351155
9.4315986633,0.0007156589,0.0046776626,0.0013262427,-0.0153780924,-0.0043704612,0.0011714490
9.4417304993,0.0007332423,0.0065036826,0.0013479388,-0.0143456105,-0.0012056273,-0.0030746283
9.4515895844,-0.0002397439,0.0083255079,0.0023317731,-0.0132449269,-0.0043585440,0.0001089143
9.4615936279,-0.0011793516,0.0111612491,0.0023705161,-0.0111089386,-0.0043547484,-0.0020142244
9.4717063904,-0.0031083366,0.0071653258,0.0014210141,-0.0090071708,-0.0011600205,-0.0030749615
9.4822893143,-0.0050646802,0.0060607772,-0.0005307996,-0.0058509270,0.0030915162,-0.0062593697
9.4922628403,-0.0040890118,0.0040229280,0.0004488623,-0.0068855649,-0.0000938908,-0.0051988987
9.5021448135,-0.0040921113,0.0049228668,0.0004488623,-0.0015545813,-0.0000456211,-0.0052018953
9.5126094818,-0.0040998599,0.0077983160,-0.0015100443,-0.0026419507,0.0020809132,-0.0030769589
9.5227718353,-0.0031178137,0.0106948037,-0.0015186870,0.0027086064,0.0010721077,-0.0020156889
9.5329771042,-0.0011901400,0.0077430587,-0.0025032365,0.0005860673,0.0000063106,0.0001079156
9.5420141220,-0.0002184055,0.0077342428,-0.0025074685,0.0037922198,-0.0010459707,-0.0030803545
9.5521316528,-0.0002130410,0.0067763515,-0.0005493963,-0.0004741643,-0.0010555582,0.0011679202
9.5621747971,0.0007896283,0.0028586334,0.0004688895,-0.0036334442,-0.0053415829,-0.0009568162
9.5722112656,-0.0001603505,0.0076894201,0.0014706051,-0.0014885347,-0.0063839443,-0.0009578814
9.5823192596,-0.0001192829,0.0115534738,0.0005041754,-0.0004502209,-0.0031856208,0.0001061845
9.5923852921,-0.0000739834,0.0066686403,-0.0004136169,-0.0004289160,-0.0053076278,0.0001051193
9.6024751663,-0.0010396979,0.0047166981,0.0005882776,-0.0004614610,-0.0021172937,0.0011681200
9.6125116348,-0.0019894978,0.0046993941,0.0006142056,0.0006253757,-0.0042507518,-0.0020186186
9.6226558685,-0.0019680401,0.0046857782,0.0025729334,0.0006058812,-0.0021151633,0.0001063177
9.6327285767,-0.0029568216,0.0027246291,0.0006244576,0.0005835108,-0.0000070049,-0.0020162216
9.6428213120,-0.0019874116,0.0036921019,0.0006174243,-0.0004940853,0.0010944118,0.0054159286
9.6528482437,-0.0039556762,0.0027093871,-0.0003733241,-0.0015516263,0.0000102390,0.0032920577
9.6628189087,-0.0039626500,0.0056217276,0.0005821383,-0.0036724070,-0.0010775293,0.0022314535
9.6729593277,-0.0049421927,0.0046281628,-0.0003966296,-0.0036926465,0.0010583260,0.0043561235
9.6830568314,-0.0059351465,0.0055554900,-0.0004107559,-0.0058584101,0.0042011887,0.0011735795
9.6931390762,-0.0020326516,0.0045416486,0.0005795753,-0.0068520363,-0.0032490043,-0.0009534872
9.7031612396,-0.0030134460,0.0054390840,-0.0004138553,-0.0068959771,0.0010025994,0.0001097798
9.7134342194,-0.0030062934,0.0034395645,-0.0013804638,-0.0100978957,0.0009677119,-0.0009512235
9.7234869003,-0.0030364534,0.0043155197,-0.0004140937,-0.0143759698,0.0019981554,0.0001123764
9.7335367203,-0.0020646593,0.0022652431,-0.0014059150,-0.0133072436,0.0020282492,0.0032975171
9.7435302734,0.0018337824,0.0051073469,-0.0004187429,-0.0090277046,0.0010043969,0.0032960521
9.7537240982,0.0018368223,0.0070456453,0.0015225804,-0.0058348402,0.0021210604,0.0075429953
9.7637720108,-0.0001120112,0.0089860596,0.0015117920,-0.0047614807,0.0010567280,0.0054173931
9.7738132477,-0.0001218459,0.0060511772,0.0015330708,-0.0079527451,-0.0000391628,0.0043558571
9.7838954926,-0.0010836861,0.0060071275,0.0025099909,-0.0068750186,-0.0011263983,-0.0009530212
9.7939414978,-0.0020466587,0.0078905672,0.0025248325,-0.0047620656,0.0010142507,-0.0009524885
9.8040618896,-0.0030231019,0.0049145520,0.0025273955,-0.0036969353,0.0010100562,-0.0030766926
9.8140983582,-0.0030442616,0.0087499116,0.0015328324,-0.0047965553,0.0041768211,-0.0041366303
9.8241710663,-0.0021147272,0.0077211522,0.0014902151,-0.0026511652,0.0031556317,-0.0009526884
9.8342103958,-0.0021371981,0.0047624502,0.0005093014,-0.0026410455,0.0020877041,-0.0020150230
9.8443059921,-0.0031237742,0.0017844831,0.0005021489,-0.0058398210,0.0020588089,-0.0020132922
9.8543729782,-0.0031197807,0.0036278313,-0.0014586055,-0.0111227334,-0.0032997376,-0.0030764262
9.8644018173,-0.0011618874,0.0006285572,0.0005171692,-0.0111109884,-0.0043540159,-0.0020149569
9.8745660782,-0.0030803820,0.0014861190,0.0005544221,-0.0132244723,-0.0065015890,-0.0030772914
9.8845443726,-0.0049991151,0.0032973497,0.0025294817,-0.0164546762,-0.0033405502,-0.0020121604
9.8947029114,-0.0040143272,0.0011883752,0.0005898869,-0.0196880195,-0.0001855034,-0.0020097636
9.9047584534,-0.0030437252,0.0010433440,0.0006052649,-0.0228915904,-0.0001771145,0.0032983159
9.9148416519,-0.0020594141,0.0028665497,0.0025547540,-0.0164456740,-0.0043582777,0.0043563899
9.9248504639,-0.0010524533,0.0066777542,0.0006187356,-0.0122106085,-0.0011374503,0.0043563899
9.9349679947,-0.0030177375,0.0066219810,0.0006237424,-0.0090310602,0.0010055953,0.0032948540
9.9450035095,-0.0040029427,0.0075360965,-0.0003592575,-0.0132758990,-0.0011403132,0.0054189246
9.9550409317,-0.0039994260,0.0084619801,-0.0003541315,-0.0090185702,-0.0000489498,0.0043565896
9.9652805328,-0.0030297181,0.0054882653,0.0006180799,-0.0111726411,0.0020538822,0.0043587200
9.9758691788,-0.0020567318,0.0083667319,0.0006158745,-0.0068732332,-0.0011056922,0.0022324524
9.9853115082,-0.0030211946,0.0063719880,-0.0013386810,-0.0079168733,-0.0032235712,0.0043556574
9.9954929352,-0.0010689042,0.0043827761,-0.0013223493,-0.0111507494,-0.0000754483,0.0032962519
10.0054407120,-0.0020395657,0.0052715540,-0.0013136470,-0.0154201714,-0.0001195236,0.0022353819
10.0154380798,-0.0030213734,0.0041925218,0.0006373322,-0.0111404704,-0.0011363185,0.0032955860
10.0255012512,-0.0020252606,0.0060520824,0.0006591475,-0.0111314943,-0.0021967224,0.0032944544
10.0355501175,-0.0000390551,0.0089013316,-0.0002982223,-0.0068832198,-0.0000235832,0.0054180590
10.0457057953,-0.0010188959,0.0098293237,-0.0012766921,-0.0089955619,-0.0021786799,0.0032945210
10.0557956696,-0.0000202200,0.0088239852,-0.0002777183,-0.0068607712,-0.0021531133,0.0043557906
10.0657424927,-0.0009694240,0.0058832280,0.0007257855,-0.0047407867,-0.0011006321,0.0001080488
10.0757884979,-0.0029266616,0.0058477111,0.0007374680,-0.0058292216,0.0010120536,0.0001093803
10.0859622955,-0.0009886763,0.0067986883,0.0017005599,-0.0037135519,0.0031730756,0.0032957194
10.0958766937,0.0009444812,0.0058116578,0.0007062352,-0.0026469566,0.0031754724,0.0022336508
10.1059980392,0.0029058317,0.0077544618,0.0007138646,-0.0004366944,-0.0042191939,0.0043531274
10.1161422729,0.0000060656,0.0067755543,0.0007269776,-0.0036284933,-0.0053220084,0.0022297893
10.1261768341,-0.0038952371,0.0048069470,0.0007472432,-0.0036579994,-0.0021469882,0.0011706500
10.1366500854,-0.0038888594,0.0008466878,0.0007557070,-0.0100937942,0.0009662472,-0.0009497588
10.1463146210,-0.0048548719,0.0007465855,0.0017456210,-0.0122225927,-0.0001186579,-0.0020132256
10.1564254761,-0.0058416268,0.0016267785,0.0017393625,-0.0090307938,0.0009841570,0.0001101127
10.1664371490,-0.0039071580,0.0044876561,-0.0012061202,-0.0100941667,0.0010161814,0.0064813928
10.1765317917,-0.0009718082,0.0073842127,-0.0002379620,-0.0057931626,-0.0021226204,0.0075405319
10.1865663528,-0.0009665629,0.0073841214,-0.0002330148,-0.0057934821,-0.0021367350,0.0054171938
10.1966133118,-0.0019424699,0.0044376981,-0.0002312863,-0.0100630615,-0.0021878679,0.0032946542
10.2067403793,-0.0019526622,0.0023935272,-0.0002226436,-0.0132883098,-0.0001071398,0.0011723810
10.2168016434,-0.0019544503,0.0032941198,0.0007540381,-0.0121785700,-0.0043418324,0.0011699842
10.2268257141,-0.0019140384,0.0061347354,-0.0001961791,-0.0111086722,-0.0043263864,0.0022323192
10.2368936539,-0.0009170911,0.0099828858,0.0008011258,-0.0078955684,-0.0053455774,0.0043545924
10.2469606400,-0.0018671296,0.0119133368,0.0008117354,-0.0047603091,0.0010420807,0.0032945876
10.2570371628,-0.0028525135,0.0070149787,0.0008341467,-0.0047395350,-0.0010868502,0.0022317199
10.2671012878,-0.0038330099,0.0040573310,0.0008319414,-0.0047725597,0.0020823113,0.0001097132
10.2772445679,-0.0028475663,0.0040163603,0.0008416569,-0.0036942447,0.0010375533,0.0011707166
10.2872209549,-0.0028520962,0.0069088489,0.0017993844,-0.0004960019,0.0010595244,0.0001071832
10.2972965240,-0.0018757127,0.0078731850,-0.0001526081,-0.0026185419,-0.0000062727,0.0022307876
